0.497147 0.546149 0.532358 0.530167 0.497506 0.368399 0.367685 0.278583 0.322775 0.279314 0.281255 0.279487 0.280141 0.279901 0.278984 0.278774 0.278422 0.280431 0.278172 0.276432 0.278336 0.278588 0.27709 0.279163 0.278213
0.464474 0.557157 0.592036 0.589461 0.464384 0.437666 0.436716 0.307879 0.339313 0.308864 0.31148 0.309096 0.309978 0.309655 0.308419 0.308136 0.307661 0.310369 0.307325 0.304981 0.307546 0.307886 0.305867 0.308661 0.307381
0.463912 0.607633 0.603984 0.601336 0.463481 0.446984 0.445678 0.302141 0.301721 0.303174 0.305916 0.303417 0.304341 0.304003 0.302707 0.30241 0.301913 0.304751 0.30156 0.299105 0.301792 0.302148 0.300033 0.30296 0.301619
0.449262 0.639577 0.612991 0.610344 0.448451 0.470022 0.468347 0.302552 0.275439 0.303601 0.306387 0.303848 0.304787 0.304443 0.303127 0.302825 0.30232 0.305203 0.301962 0.299469 0.302197 0.302559 0.300411 0.303384 0.302022
0.436465 0.671795 0.617732 0.615091 0.435258 0.487385 0.48532 0.302112 0.248208 0.303164 0.305959 0.303412 0.304354 0.304009 0.302689 0.302386 0.30188 0.304772 0.30152 0.299019 0.301756 0.302119 0.299964 0.302947 0.30158
0.423758 0.699579 0.621232 0.618598 0.422144 0.504198 0.501725 0.301974 0.224266 0.303027 0.305824 0.303275 0.304218 0.303873 0.302551 0.302248 0.301741 0.304636 0.301382 0.298878 0.301618 0.301981 0.299824 0.302809 0.301441
0.412362 0.723883 0.623959 0.621332 0.41033 0.519017 0.516124 0.301822 0.203514 0.302875 0.305672 0.303123 0.304066 0.303721 0.302399 0.302097 0.30159 0.304484 0.30123 0.298727 0.301466 0.301829 0.299672 0.302657 0.30129
0.402445 0.744379 0.626229 0.623608 0.399992 0.531967 0.528645 0.301699 0.186171 0.302752 0.305549 0.303 0.303943 0.303598 0.302276 0.301974 0.301467 0.30436 0.301107 0.298604 0.301343 0.301706 0.29955 0.302534 0.301167
0.394116 0.761278 0.628128 0.625512 0.391241 0.542931 0.539176 0.301588 0.172036 0.302641 0.305437 0.302889 0.303831 0.303486 0.302165 0.301862 0.301356 0.304249 0.300996 0.298494 0.301232 0.301595 0.299439 0.302423 0.301056
0.387315 0.774891 0.629704 0.627092 0.384018 0.552 0.547808 0.301491 0.160767 0.302544 0.30534 0.302792 0.303734 0.303389 0.302068 0.301766 0.301259 0.304152 0.3009 0.298398 0.301135 0.301499 0.299343 0.302326 0.300959
0.381897 0.785655 0.630989 0.628381 0.37818 0.559343 0.554714 0.301409 0.151938 0.302462 0.305257 0.30271 0.303652 0.303307 0.301986 0.301684 0.301177 0.304069 0.300818 0.298316 0.301053 0.301416 0.299261 0.302244 0.300877
0.377672 0.794036 0.63202 0.629415 0.373537 0.565191 0.560124 0.301341 0.145118 0.302393 0.305188 0.302641 0.303583 0.303238 0.301918 0.301615 0.301109 0.304001 0.30075 0.298248 0.300985 0.301348 0.299193 0.302176 0.300809
0.374439 0.800482 0.632833 0.630231 0.369886 0.569791 0.564285 0.301286 0.139904 0.302338 0.305133 0.302586 0.303528 0.303183 0.301862 0.30156 0.301054 0.303945 0.300694 0.298193 0.30093 0.301293 0.299138 0.30212 0.300754
0.372007 0.805394 0.633466 0.630865 0.367037 0.573378 0.567433 0.301242 0.135952 0.302294 0.305088 0.302542 0.303484 0.303139 0.301819 0.301516 0.30101 0.303901 0.300651 0.29815 0.300886 0.301249 0.299095 0.302077 0.30071
0.370208 0.809109 0.633953 0.631354 0.36482 0.576164 0.569777 0.301208 0.132974 0.30226 0.305054 0.302508 0.303449 0.303105 0.301784 0.301482 0.300976 0.303867 0.300617 0.298116 0.300852 0.301215 0.299061 0.302042 0.300676
0.368901 0.811903 0.634325 0.631726 0.363094 0.578325 0.571495 0.301181 0.13074 0.302234 0.305028 0.302481 0.303423 0.303078 0.301758 0.301456 0.300949 0.30384 0.30059 0.29809 0.300826 0.301189 0.299034 0.302016 0.30065
0.367973 0.813997 0.634606 0.632008 0.361745 0.580007 0.572731 0.301161 0.129071 0.302214 0.305007 0.302461 0.303403 0.303058 0.301738 0.301436 0.300929 0.30382 0.30057 0.29807 0.300806 0.301169 0.299014 0.301996 0.30063
0.367333 0.81556 0.634818 0.63222 0.36068 0.581325 0.573598 0.301146 0.127827 0.302198 0.304992 0.302446 0.303387 0.303043 0.301723 0.30142 0.300914 0.303805 0.300555 0.298055 0.300791 0.301153 0.298999 0.301981 0.300615
0.366911 0.816724 0.634976 0.632379 0.359831 0.582368 0.574186 0.301135 0.126901 0.302187 0.30498 0.302435 0.303376 0.303031 0.301711 0.301409 0.300903 0.303793 0.300544 0.298043 0.300779 0.301142 0.298988 0.301969 0.300603
0.366655 0.81759 0.635095 0.632498 0.359141 0.583205 0.574564 0.301126 0.126214 0.302178 0.304972 0.302426 0.303367 0.303023 0.301703 0.3014 0.300894 0.303785 0.300535 0.298035 0.30077 0.301133 0.298979 0.301961 0.300595
0.366522 0.818233 0.635183 0.632587 0.358571 0.583889 0.574782 0.30112 0.125703 0.302172 0.304965 0.302419 0.303361 0.303016 0.301696 0.301394 0.300888 0.303778 0.300529 0.298028 0.300764 0.301127 0.298973 0.301954 0.300588
0.366483 0.81871 0.635249 0.632653 0.358089 0.584459 0.574882 0.301115 0.125325 0.302167 0.30496 0.302415 0.303356 0.303011 0.301691 0.301389 0.300883 0.303773 0.300524 0.298023 0.300759 0.301122 0.298968 0.301949 0.300583
0.366514 0.819064 0.635298 0.632702 0.357672 0.584946 0.574892 0.301111 0.125045 0.302163 0.304957 0.302411 0.303353 0.303008 0.301688 0.301386 0.300879 0.30377 0.30052 0.29802 0.300756 0.301119 0.298965 0.301946 0.30058
0.366599 0.819325 0.635335 0.632739 0.357303 0.585371 0.574834 0.301109 0.124838 0.302161 0.304954 0.302408 0.30335 0.303005 0.301685 0.301383 0.300877 0.303767 0.300518 0.298017 0.300753 0.301116 0.298962 0.301943 0.300577
0.366725 0.819519 0.635362 0.632766 0.356967 0.585752 0.574725 0.301107 0.124684 0.302159 0.304952 0.302406 0.303348 0.303003 0.301683 0.301381 0.300875 0.303765 0.300516 0.298015 0.300751 0.301114 0.29896 0.301941 0.300575
0.366881 0.819662 0.635382 0.632786 0.356656 0.586101 0.574576 0.301105 0.124571 0.302157 0.304951 0.302405 0.303346 0.303002 0.301682 0.30138 0.300873 0.303764 0.300514 0.298014 0.30075 0.301113 0.298959 0.30194 0.300574
0.367061 0.819767 0.635396 0.632801 0.356363 0.586427 0.574398 0.301104 0.124487 0.302156 0.30495 0.302404 0.303345 0.303001 0.301681 0.301378 0.300872 0.303763 0.300513 0.298013 0.300749 0.301111 0.298957 0.301939 0.300573
0.36726 0.819845 0.635407 0.632812 0.356081 0.586737 0.574196 0.301103 0.124426 0.302155 0.304949 0.302403 0.303345 0.303 0.30168 0.301378 0.300871 0.303762 0.300512 0.298012 0.300748 0.301111 0.298957 0.301938 0.300572
0.367474 0.819902 0.635416 0.63282 0.355807 0.587036 0.573977 0.301103 0.124381 0.302155 0.304948 0.302403 0.303344 0.302999 0.301679 0.301377 0.300871 0.303761 0.300512 0.298011 0.300747 0.30111 0.298956 0.301937 0.300571
0.3677 0.819944 0.635422 0.632826 0.355538 0.587328 0.573742 0.301102 0.124348 0.302154 0.304948 0.302402 0.303343 0.302999 0.301679 0.301377 0.30087 0.303761 0.300511 0.298011 0.300747 0.30111 0.298956 0.301937 0.300571
0.367936 0.819975 0.635426 0.632831 0.355271 0.587616 0.573496 0.301102 0.124323 0.302154 0.304947 0.302402 0.303343 0.302999 0.301679 0.301376 0.30087 0.303761 0.300511 0.298011 0.300746 0.301109 0.298955 0.301936 0.30057
0.36818 0.819997 0.63543 0.632834 0.355006 0.587902 0.573239 0.301102 0.124306 0.302154 0.304947 0.302402 0.303343 0.302998 0.301678 0.301376 0.30087 0.30376 0.300511 0.29801 0.300746 0.301109 0.298955 0.301936 0.30057
0.368432 0.820013 0.635432 0.632836 0.35474 0.588187 0.572974 0.301102 0.124293 0.302154 0.304947 0.302401 0.303343 0.302998 0.301678 0.301376 0.30087 0.30376 0.300511 0.29801 0.300746 0.301109 0.298955 0.301936 0.30057
0.36869 0.820024 0.635434 0.632838 0.354473 0.588474 0.572702 0.301101 0.124285 0.302154 0.304947 0.302401 0.303343 0.302998 0.301678 0.301376 0.30087 0.30376 0.30051 0.29801 0.300746 0.301109 0.298955 0.301936 0.30057
0.368954 0.820032 0.635435 0.63284 0.354204 0.588762 0.572423 0.301101 0.124278 0.302153 0.304947 0.302401 0.303343 0.302998 0.301678 0.301376 0.300869 0.30376 0.30051 0.29801 0.300746 0.301109 0.298955 0.301936 0.30057
0.369224 0.820037 0.635436 0.632841 0.353933 0.589052 0.572138 0.301101 0.124274 0.302153 0.304947 0.302401 0.303342 0.302998 0.301678 0.301376 0.300869 0.30376 0.30051 0.29801 0.300746 0.301109 0.298955 0.301936 0.30057
0.369499 0.82004 0.635437 0.632842 0.353658 0.589346 0.571847 0.301101 0.124272 0.302153 0.304947 0.302401 0.303342 0.302998 0.301678 0.301376 0.300869 0.30376 0.30051 0.29801 0.300746 0.301109 0.298955 0.301936 0.30057
0.369779 0.820042 0.635438 0.632842 0.353381 0.589642 0.57155 0.301101 0.124271 0.302153 0.304947 0.302401 0.303342 0.302998 0.301678 0.301376 0.300869 0.30376 0.30051 0.29801 0.300746 0.301109 0.298955 0.301936 0.30057
0.370064 0.820042 0.635438 0.632843 0.3531 0.589943 0.571249 0.301101 0.12427 0.302153 0.304947 0.302401 0.303342 0.302998 0.301678 0.301376 0.300869 0.30376 0.30051 0.29801 0.300746 0.301108 0.298955 0.301936 0.30057
0.370353 0.820042 0.635439 0.632843 0.352815 0.590247 0.570942 0.301101 0.124271 0.302153 0.304947 0.302401 0.303342 0.302998 0.301678 0.301376 0.300869 0.30376 0.30051 0.29801 0.300746 0.301108 0.298954 0.301936 0.30057
0.370648 0.820041 0.635439 0.632843 0.352527 0.590555 0.57063 0.301101 0.124271 0.302153 0.304947 0.302401 0.303342 0.302998 0.301678 0.301376 0.300869 0.30376 0.30051 0.29801 0.300746 0.301108 0.298954 0.301936 0.30057
0.370947 0.82004 0.635439 0.632844 0.352234 0.590867 0.570313 0.301101 0.124273 0.302153 0.304947 0.302401 0.303342 0.302998 0.301678 0.301376 0.300869 0.30376 0.30051 0.29801 0.300746 0.301108 0.298954 0.301936 0.30057
0.371251 0.820038 0.635439 0.632844 0.351938 0.591184 0.569991 0.301101 0.124274 0.302153 0.304947 0.302401 0.303342 0.302998 0.301678 0.301376 0.300869 0.30376 0.30051 0.29801 0.300746 0.301108 0.298954 0.301936 0.30057
0.37156 0.820035 0.63544 0.632844 0.351637 0.591505 0.569664 0.301101 0.124276 0.302153 0.304947 0.302401 0.303342 0.302998 0.301678 0.301376 0.300869 0.30376 0.30051 0.29801 0.300746 0.301108 0.298955 0.301936 0.30057
0.371873 0.820033 0.63544 0.632844 0.351333 0.59183 0.569331 0.301101 0.124278 0.302153 0.304947 0.302401 0.303342 0.302998 0.301678 0.301376 0.300869 0.30376 0.30051 0.29801 0.300746 0.301108 0.298955 0.301936 0.30057
0.372192 0.82003 0.63544 0.632844 0.351023 0.592161 0.568994 0.301101 0.124281 0.302153 0.304947 0.302401 0.303342 0.302998 0.301678 0.301376 0.300869 0.30376 0.30051 0.29801 0.300746 0.301109 0.298955 0.301936 0.30057
0.372516 0.820027 0.63544 0.632844 0.35071 0.592496 0.568651 0.301101 0.124283 0.302153 0.304947 0.302401 0.303342 0.302998 0.301678 0.301376 0.300869 0.30376 0.30051 0.29801 0.300746 0.301109 0.298955 0.301936 0.30057
0.372844 0.820024 0.63544 0.632845 0.350392 0.592835 0.568303 0.301101 0.124286 0.302153 0.304947 0.302401 0.303342 0.302998 0.301678 0.301376 0.300869 0.30376 0.30051 0.29801 0.300746 0.301109 0.298955 0.301936 0.30057
0.373178 0.82002 0.63544 0.632845 0.350069 0.59318 0.56795 0.301101 0.124289 0.302153 0.304947 0.302401 0.303342 0.302998 0.301678 0.301376 0.300869 0.30376 0.30051 0.29801 0.300746 0.301109 0.298955 0.301936 0.30057
0.373516 0.820016 0.63544 0.632845 0.349742 0.59353 0.567591 0.301101 0.124292 0.302153 0.304947 0.302401 0.303342 0.302998 0.301678 0.301376 0.300869 0.30376 0.30051 0.29801 0.300746 0.301109 0.298955 0.301936 0.30057
0.37386 0.820012 0.63544 0.632845 0.34941 0.593884 0.567227 0.301101 0.124295 0.302153 0.304947 0.302401 0.303342 0.302998 0.301678 0.301376 0.300869 0.30376 0.30051 0.29801 0.300746 0.301109 0.298955 0.301936 0.30057
0.374209 0.820008 0.635441 0.632845 0.349073 0.594244 0.566857 0.301101 0.124299 0.302153 0.304947 0.302401 0.303343 0.302998 0.301678 0.301376 0.300869 0.30376 0.30051 0.29801 0.300746 0.301109 0.298955 0.301936 0.30057
0.374564 0.820004 0.635441 0.632845 0.348732 0.594609 0.566482 0.301101 0.124302 0.302153 0.304947 0.302401 0.303343 0.302998 0.301678 0.301376 0.300869 0.30376 0.30051 0.29801 0.300746 0.301109 0.298955 0.301936 0.30057
0.374924 0.819999 0.635441 0.632845 0.348386 0.594979 0.566101 0.301101 0.124306 0.302153 0.304947 0.302401 0.303343 0.302998 0.301678 0.301376 0.300869 0.30376 0.30051 0.29801 0.300746 0.301109 0.298955 0.301936 0.30057
0.375289 0.819995 0.635441 0.632845 0.348035 0.595355 0.565714 0.301101 0.12431 0.302154 0.304947 0.302401 0.303343 0.302998 0.301678 0.301376 0.30087 0.30376 0.30051 0.29801 0.300746 0.301109 0.298955 0.301936 0.30057
0.37566 0.81999 0.635441 0.632845 0.347679 0.595735 0.565321 0.301101 0.124314 0.302154 0.304947 0.302401 0.303343 0.302998 0.301678 0.301376 0.30087 0.30376 0.30051 0.29801 0.300746 0.301109 0.298955 0.301936 0.30057
0.376037 0.819985 0.635441 0.632845 0.347318 0.596122 0.564923 0.301101 0.124319 0.302154 0.304947 0.302401 0.303343 0.302998 0.301678 0.301376 0.30087 0.30376 0.30051 0.29801 0.300746 0.301109 0.298955 0.301936 0.30057
0.376419 0.819979 0.635441 0.632846 0.346951 0.596513 0.564518 0.301102 0.124323 0.302154 0.304947 0.302401 0.303343 0.302998 0.301678 0.301376 0.30087 0.30376 0.300511 0.29801 0.300746 0.301109 0.298955 0.301936 0.30057
0.376807 0.819974 0.635441 0.632846 0.34658 0.59691 0.564108 0.301102 0.124328 0.302154 0.304947 0.302401 0.303343 0.302998 0.301678 0.301376 0.30087 0.30376 0.300511 0.29801 0.300746 0.301109 0.298955 0.301936 0.30057
0.377201 0.819968 0.635441 0.632846 0.346204 0.597313 0.563691 0.301102 0.124333 0.302154 0.304947 0.302401 0.303343 0.302998 0.301678 0.301376 0.30087 0.30376 0.300511 0.29801 0.300746 0.301109 0.298955 0.301936 0.30057
0.377601 0.819962 0.635441 0.632846 0.345822 0.597722 0.563268 0.301102 0.124338 0.302154 0.304947 0.302401 0.303343 0.302998 0.301678 0.301376 0.30087 0.30376 0.300511 0.29801 0.300746 0.301109 0.298955 0.301936 0.30057
0.378007 0.819956 0.635442 0.632846 0.345435 0.598136 0.562839 0.301102 0.124343 0.302154 0.304947 0.302401 0.303343 0.302998 0.301678 0.301376 0.30087 0.30376 0.300511 0.29801 0.300746 0.301109 0.298955 0.301936 0.30057
0.378419 0.819949 0.635442 0.632846 0.345043 0.598556 0.562403 0.301102 0.124349 0.302154 0.304947 0.302402 0.303343 0.302998 0.301678 0.301376 0.30087 0.30376 0.300511 0.29801 0.300746 0.301109 0.298955 0.301936 0.30057
0.378838 0.819942 0.635442 0.632846 0.344645 0.598982 0.561961 0.301102 0.124354 0.302154 0.304947 0.302402 0.303343 0.302998 0.301678 0.301376 0.30087 0.30376 0.300511 0.29801 0.300746 0.301109 0.298955 0.301936 0.30057
0.379262 0.819935 0.635442 0.632846 0.344241 0.599413 0.561512 0.301102 0.12436 0.302154 0.304947 0.302402 0.303343 0.302998 0.301678 0.301376 0.30087 0.30376 0.300511 0.298011 0.300746 0.301109 0.298955 0.301936 0.30057
0.379693 0.819928 0.635442 0.632846 0.343833 0.599851 0.561057 0.301102 0.124366 0.302154 0.304947 0.302402 0.303343 0.302998 0.301678 0.301376 0.30087 0.30376 0.300511 0.298011 0.300746 0.301109 0.298955 0.301936 0.30057
0.38013 0.81992 0.635442 0.632847 0.343418 0.600295 0.560594 0.301102 0.124373 0.302154 0.304947 0.302402 0.303343 0.302999 0.301679 0.301376 0.30087 0.303761 0.300511 0.298011 0.300746 0.301109 0.298955 0.301936 0.30057
0.380574 0.819912 0.635442 0.632847 0.342998 0.600745 0.560126 0.301102 0.12438 0.302154 0.304948 0.302402 0.303343 0.302999 0.301679 0.301376 0.30087 0.303761 0.300511 0.298011 0.300747 0.301109 0.298955 0.301936 0.300571
0.381024 0.819904 0.635442 0.632847 0.342573 0.601201 0.55965 0.301102 0.124386 0.302154 0.304948 0.302402 0.303343 0.302999 0.301679 0.301376 0.30087 0.303761 0.300511 0.298011 0.300747 0.301109 0.298955 0.301937 0.300571
0.381482 0.819895 0.635443 0.632847 0.342141 0.601663 0.559167 0.301102 0.124394 0.302154 0.304948 0.302402 0.303343 0.302999 0.301679 0.301377 0.30087 0.303761 0.300511 0.298011 0.300747 0.301109 0.298955 0.301937 0.300571
0.381945 0.819886 0.635443 0.632847 0.341704 0.602132 0.558677 0.301102 0.124401 0.302154 0.304948 0.302402 0.303343 0.302999 0.301679 0.301377 0.30087 0.303761 0.300511 0.298011 0.300747 0.30111 0.298956 0.301937 0.300571
0.382416 0.819877 0.635443 0.632847 0.341261 0.602606 0.55818 0.301102 0.124409 0.302154 0.304948 0.302402 0.303344 0.302999 0.301679 0.301377 0.30087 0.303761 0.300511 0.298011 0.300747 0.30111 0.298956 0.301937 0.300571
0.382894 0.819868 0.635443 0.632847 0.340812 0.603088 0.557676 0.301102 0.124417 0.302154 0.304948 0.302402 0.303344 0.302999 0.301679 0.301377 0.30087 0.303761 0.300511 0.298011 0.300747 0.30111 0.298956 0.301937 0.300571
0.383378 0.819858 0.635443 0.632848 0.340357 0.603575 0.557164 0.301102 0.124425 0.302155 0.304948 0.302402 0.303344 0.302999 0.301679 0.301377 0.300871 0.303761 0.300511 0.298011 0.300747 0.30111 0.298956 0.301937 0.300571
0.38387 0.819847 0.635443 0.632848 0.339896 0.60407 0.556646 0.301103 0.124434 0.302155 0.304948 0.302402 0.303344 0.302999 0.301679 0.301377 0.300871 0.303761 0.300512 0.298011 0.300747 0.30111 0.298956 0.301937 0.300571
0.384369 0.819837 0.635443 0.632848 0.339429 0.60457 0.556119 0.301103 0.124443 0.302155 0.304948 0.302402 0.303344 0.302999 0.301679 0.301377 0.300871 0.303761 0.300512 0.298011 0.300747 0.30111 0.298956 0.301937 0.300571
0.384875 0.819826 0.635443 0.632848 0.338956 0.605078 0.555585 0.301103 0.124452 0.302155 0.304948 0.302403 0.303344 0.302999 0.301679 0.301377 0.300871 0.303761 0.300512 0.298011 0.300747 0.30111 0.298956 0.301937 0.300571
0.385388 0.819814 0.635444 0.632848 0.338477 0.605592 0.555044 0.301103 0.124462 0.302155 0.304948 0.302403 0.303344 0.302999 0.301679 0.301377 0.300871 0.303761 0.300512 0.298012 0.300747 0.30111 0.298956 0.301937 0.300571
0.385909 0.819802 0.635444 0.632848 0.337992 0.606112 0.554495 0.301103 0.124472 0.302155 0.304948 0.302403 0.303344 0.302999 0.30168 0.301377 0.300871 0.303762 0.300512 0.298012 0.300747 0.30111 0.298956 0.301937 0.300571
0.386437 0.81979 0.635444 0.632848 0.3375 0.60664 0.553938 0.301103 0.124482 0.302155 0.304949 0.302403 0.303344 0.303 0.30168 0.301377 0.300871 0.303762 0.300512 0.298012 0.300748 0.30111 0.298956 0.301938 0.300572
0.386973 0.819777 0.635444 0.632849 0.337003 0.607174 0.553373 0.301103 0.124493 0.302155 0.304949 0.302403 0.303344 0.303 0.30168 0.301378 0.300871 0.303762 0.300512 0.298012 0.300748 0.30111 0.298956 0.301938 0.300572
0.387516 0.819764 0.635444 0.632849 0.336498 0.607715 0.5528 0.301103 0.124504 0.302155 0.304949 0.302403 0.303344 0.303 0.30168 0.301378 0.300871 0.303762 0.300512 0.298012 0.300748 0.301111 0.298957 0.301938 0.300572
0.388067 0.81975 0.635444 0.632849 0.335988 0.608263 0.55222 0.301103 0.124516 0.302155 0.304949 0.302403 0.303345 0.303 0.30168 0.301378 0.300871 0.303762 0.300512 0.298012 0.300748 0.301111 0.298957 0.301938 0.300572
0.388626 0.819736 0.635445 0.632849 0.335471 0.608818 0.551631 0.301103 0.124528 0.302156 0.304949 0.302403 0.303345 0.303 0.30168 0.301378 0.300872 0.303762 0.300513 0.298012 0.300748 0.301111 0.298957 0.301938 0.300572
0.389192 0.819722 0.635445 0.632849 0.334948 0.60938 0.551034 0.301104 0.12454 0.302156 0.304949 0.302403 0.303345 0.303 0.30168 0.301378 0.300872 0.303762 0.300513 0.298012 0.300748 0.301111 0.298957 0.301938 0.300572
0.389767 0.819706 0.635445 0.632849 0.334419 0.609949 0.550429 0.301104 0.124553 0.302156 0.304949 0.302404 0.303345 0.303 0.30168 0.301378 0.300872 0.303762 0.300513 0.298012 0.300748 0.301111 0.298957 0.301938 0.300572
0.390349 0.819691 0.635445 0.632849 0.333883 0.610525 0.549816 0.301104 0.124566 0.302156 0.304949 0.302404 0.303345 0.303 0.301681 0.301378 0.300872 0.303762 0.300513 0.298013 0.300748 0.301111 0.298957 0.301938 0.300572
0.39094 0.819675 0.635445 0.63285 0.33334 0.611108 0.549194 0.301104 0.12458 0.302156 0.30495 0.302404 0.303345 0.303001 0.301681 0.301378 0.300872 0.303763 0.300513 0.298013 0.300749 0.301111 0.298957 0.301939 0.300573
0.391538 0.819658 0.635445 0.63285 0.332791 0.611699 0.548564 0.301104 0.124594 0.302156 0.30495 0.302404 0.303345 0.303001 0.301681 0.301379 0.300872 0.303763 0.300513 0.298013 0.300749 0.301112 0.298958 0.301939 0.300573
0.392145 0.819641 0.635445 0.63285 0.332236 0.612296 0.547926 0.301104 0.124609 0.302156 0.30495 0.302404 0.303346 0.303001 0.301681 0.301379 0.300872 0.303763 0.300513 0.298013 0.300749 0.301112 0.298958 0.301939 0.300573
0.39276 0.819623 0.635446 0.63285 0.331674 0.6129 0.547279 0.301105 0.124624 0.302157 0.30495 0.302404 0.303346 0.303001 0.301681 0.301379 0.300873 0.303763 0.300514 0.298013 0.300749 0.301112 0.298958 0.301939 0.300573
0.393383 0.819604 0.635446 0.63285 0.331105 0.613512 0.546623 0.301105 0.124639 0.302157 0.30495 0.302404 0.303346 0.303001 0.301681 0.301379 0.300873 0.303763 0.300514 0.298013 0.300749 0.301112 0.298958 0.301939 0.300573
0.394015 0.819585 0.635446 0.63285 0.33053 0.614131 0.545959 0.301105 0.124655 0.302157 0.30495 0.302405 0.303346 0.303001 0.301681 0.301379 0.300873 0.303763 0.300514 0.298014 0.300749 0.301112 0.298958 0.301939 0.300573
0.394655 0.819566 0.635446 0.632851 0.329948 0.614757 0.545286 0.301105 0.124672 0.302157 0.304951 0.302405 0.303346 0.303002 0.301682 0.301379 0.300873 0.303764 0.300514 0.298014 0.30075 0.301112 0.298958 0.30194 0.300574
0.395303 0.819545 0.635446 0.632851 0.32936 0.61539 0.544605 0.301105 0.124689 0.302157 0.304951 0.302405 0.303346 0.303002 0.301682 0.30138 0.300873 0.303764 0.300514 0.298014 0.30075 0.301113 0.298959 0.30194 0.300574
0.39596 0.819525 0.635447 0.632851 0.328765 0.61603 0.543914 0.301105 0.124707 0.302158 0.304951 0.302405 0.303347 0.303002 0.301682 0.30138 0.300873 0.303764 0.300514 0.298014 0.30075 0.301113 0.298959 0.30194 0.300574
0.396625 0.819503 0.635447 0.632851 0.328163 0.616678 0.543215 0.301106 0.124725 0.302158 0.304951 0.302405 0.303347 0.303002 0.301682 0.30138 0.300874 0.303764 0.300515 0.298014 0.30075 0.301113 0.298959 0.30194 0.300574
0.397299 0.819481 0.635447 0.632851 0.327555 0.617333 0.542507 0.301106 0.124744 0.302158 0.304951 0.302406 0.303347 0.303002 0.301682 0.30138 0.300874 0.303764 0.300515 0.298014 0.30075 0.301113 0.298959 0.30194 0.300574
0.397981 0.819458 0.635447 0.632851 0.326941 0.617995 0.541791 0.301106 0.124763 0.302158 0.304952 0.302406 0.303347 0.303003 0.301683 0.30138 0.300874 0.303765 0.300515 0.298015 0.300751 0.301113 0.298959 0.30194 0.300575
0.398672 0.819434 0.635447 0.632852 0.32632 0.618664 0.541065 0.301106 0.124784 0.302158 0.304952 0.302406 0.303347 0.303003 0.301683 0.301381 0.300874 0.303765 0.300515 0.298015 0.300751 0.301114 0.29896 0.301941 0.300575
0.399372 0.81941 0.635447 0.632852 0.325692 0.619341 0.540331 0.301106 0.124804 0.302159 0.304952 0.302406 0.303348 0.303003 0.301683 0.301381 0.300875 0.303765 0.300515 0.298015 0.300751 0.301114 0.29896 0.301941 0.300575
0.40008 0.819384 0.635448 0.632852 0.325058 0.620024 0.539587 0.301107 0.124826 0.302159 0.304952 0.302407 0.303348 0.303003 0.301683 0.301381 0.300875 0.303765 0.300516 0.298015 0.300751 0.301114 0.29896 0.301941 0.300575
0.400797 0.819358 0.635448 0.632852 0.324417 0.620715 0.538835 0.301107 0.124848 0.302159 0.304952 0.302407 0.303348 0.303004 0.301684 0.301381 0.300875 0.303766 0.300516 0.298016 0.300751 0.301114 0.29896 0.301941 0.300575
0.401522 0.819332 0.635448 0.632852 0.32377 0.621413 0.538074 0.301107 0.12487 0.302159 0.304953 0.302407 0.303348 0.303004 0.301684 0.301382 0.300875 0.303766 0.300516 0.298016 0.300752 0.301115 0.298961 0.301942 0.300576
0.402256 0.819304 0.635448 0.632853 0.323117 0.622118 0.537304 0.301107 0.124894 0.30216 0.304953 0.302407 0.303349 0.303004 0.301684 0.301382 0.300876 0.303766 0.300516 0.298016 0.300752 0.301115 0.298961 0.301942 0.300576
0.402999 0.819276 0.635448 0.632853 0.322457 0.62283 0.536525 0.301108 0.124918 0.30216 0.304953 0.302408 0.303349 0.303004 0.301684 0.301382 0.300876 0.303766 0.300517 0.298016 0.300752 0.301115 0.298961 0.301942 0.300576
0.403751 0.819247 0.635449 0.632853 0.321791 0.623548 0.535737 0.301108 0.124942 0.30216 0.304954 0.302408 0.303349 0.303005 0.301685 0.301382 0.300876 0.303767 0.300517 0.298017 0.300752 0.301115 0.298961 0.301942 0.300576
0.404511 0.819217 0.635449 0.632853 0.321119 0.624274 0.53494 0.301108 0.124968 0.30216 0.304954 0.302408 0.30335 0.303005 0.301685 0.301383 0.300876 0.303767 0.300517 0.298017 0.300753 0.301116 0.298962 0.301943 0.300577
0.40528 0.819186 0.635449 0.632853 0.320441 0.625007 0.534135 0.301109 0.124994 0.302161 0.304954 0.302408 0.30335 0.303005 0.301685 0.301383 0.300877 0.303767 0.300518 0.298017 0.300753 0.301116 0.298962 0.301943 0.300577
0.406058 0.819154 0.635449 0.632854 0.319756 0.625746 0.53332 0.301109 0.125021 0.302161 0.304954 0.302409 0.30335 0.303005 0.301685 0.301383 0.300877 0.303767 0.300518 0.298018 0.300753 0.301116 0.298962 0.301943 0.300577
0.406844 0.819122 0.635449 0.632854 0.319065 0.626492 0.532497 0.301109 0.125049 0.302161 0.304955 0.302409 0.30335 0.303006 0.301686 0.301384 0.300877 0.303768 0.300518 0.298018 0.300754 0.301116 0.298962 0.301944 0.300578
0.407638 0.819088 0.635449 0.632854 0.318369 0.627245 0.531665 0.301109 0.125077 0.302162 0.304955 0.302409 0.303351 0.303006 0.301686 0.301384 0.300878 0.303768 0.300518 0.298018 0.300754 0.301117 0.298963 0.301944 0.300578
0.408442 0.819054 0.63545 0.632854 0.317666 0.628004 0.530825 0.30111 0.125106 0.302162 0.304955 0.30241 0.303351 0.303006 0.301686 0.301384 0.300878 0.303768 0.300519 0.298018 0.300754 0.301117 0.298963 0.301944 0.300578
0.409253 0.819018 0.63545 0.632854 0.316958 0.62877 0.529976 0.30111 0.125136 0.302162 0.304956 0.30241 0.303351 0.303007 0.301687 0.301385 0.300878 0.303769 0.300519 0.298019 0.300755 0.301117 0.298963 0.301945 0.300579
0.410073 0.818982 0.63545 0.632854 0.316244 0.629542 0.529118 0.30111 0.125167 0.302163 0.304956 0.30241 0.303352 0.303007 0.301687 0.301385 0.300879 0.303769 0.300519 0.298019 0.300755 0.301118 0.298964 0.301945 0.300579
0.410901 0.818945 0.63545 0.632855 0.315525 0.63032 0.528252 0.301111 0.125199 0.302163 0.304956 0.302411 0.303352 0.303007 0.301687 0.301385 0.300879 0.303769 0.30052 0.298019 0.300755 0.301118 0.298964 0.301945 0.300579
0.411738 0.818906 0.63545 0.632855 0.3148 0.631105 0.527377 0.301111 0.125231 0.302163 0.304957 0.302411 0.303352 0.303008 0.301688 0.301386 0.300879 0.30377 0.30052 0.29802 0.300756 0.301119 0.298965 0.301946 0.30058
0.412583 0.818867 0.635451 0.632855 0.314069 0.631895 0.526494 0.301112 0.125265 0.302164 0.304957 0.302411 0.303353 0.303008 0.301688 0.301386 0.30088 0.30377 0.300521 0.29802 0.300756 0.301119 0.298965 0.301946 0.30058
0.413436 0.818827 0.635451 0.632855 0.313334 0.632692 0.525603 0.301112 0.125299 0.302164 0.304958 0.302412 0.303353 0.303009 0.301689 0.301386 0.30088 0.303771 0.300521 0.298021 0.300756 0.301119 0.298965 0.301946 0.30058
0.414296 0.818785 0.635451 0.632855 0.312593 0.633494 0.524704 0.301112 0.125334 0.302164 0.304958 0.302412 0.303354 0.303009 0.301689 0.301387 0.30088 0.303771 0.300521 0.298021 0.300757 0.30112 0.298966 0.301947 0.300581
0.415165 0.818743 0.635451 0.632856 0.311848 0.634301 0.523797 0.301113 0.12537 0.302165 0.304958 0.302413 0.303354 0.303009 0.301689 0.301387 0.300881 0.303771 0.300522 0.298021 0.300757 0.30112 0.298966 0.301947 0.300581
0.416041 0.818699 0.635451 0.632856 0.311097 0.635114 0.522882 0.301113 0.125407 0.302165 0.304959 0.302413 0.303354 0.30301 0.30169 0.301388 0.300881 0.303772 0.300522 0.298022 0.300758 0.301121 0.298966 0.301948 0.300582
0.416925 0.818655 0.635451 0.632856 0.310342 0.635933 0.521959 0.301114 0.125445 0.302166 0.304959 0.302413 0.303355 0.30301 0.30169 0.301388 0.300882 0.303772 0.300523 0.298022 0.300758 0.301121 0.298967 0.301948 0.300582
0.417817 0.818609 0.635452 0.632856 0.309583 0.636756 0.521029 0.301114 0.125484 0.302166 0.30496 0.302414 0.303355 0.303011 0.301691 0.301388 0.300882 0.303773 0.300523 0.298023 0.300759 0.301121 0.298967 0.301949 0.300583
0.418716 0.818563 0.635452 0.632856 0.308819 0.637584 0.520092 0.301114 0.125523 0.302167 0.30496 0.302414 0.303356 0.303011 0.301691 0.301389 0.300883 0.303773 0.300524 0.298023 0.300759 0.301122 0.298968 0.301949 0.300583
0.419621 0.818515 0.635452 0.632856 0.308051 0.638417 0.519147 0.301115 0.125564 0.302167 0.304961 0.302415 0.303356 0.303012 0.301692 0.301389 0.300883 0.303774 0.300524 0.298024 0.300759 0.301122 0.298968 0.301949 0.300583
0.420534 0.818466 0.635452 0.632857 0.307279 0.639255 0.518195 0.301115 0.125605 0.302168 0.304961 0.302415 0.303357 0.303012 0.301692 0.30139 0.300884 0.303774 0.300524 0.298024 0.30076 0.301123 0.298969 0.30195 0.300584
0.421454 0.818416 0.635452 0.632857 0.306503 0.640097 0.517237 0.301116 0.125648 0.302168 0.304962 0.302416 0.303357 0.303013 0.301693 0.30139 0.300884 0.303775 0.300525 0.298025 0.30076 0.301123 0.298969 0.30195 0.300584
0.422381 0.818365 0.635452 0.632857 0.305724 0.640943 0.516272 0.301116 0.125691 0.302169 0.304962 0.302416 0.303358 0.303013 0.301693 0.301391 0.300884 0.303775 0.300525 0.298025 0.300761 0.301124 0.29897 0.301951 0.300585
0.423313 0.818313 0.635453 0.632857 0.304941 0.641793 0.5153 0.301117 0.125736 0.302169 0.304963 0.302417 0.303358 0.303014 0.301694 0.301391 0.300885 0.303776 0.300526 0.298026 0.300761 0.301124 0.29897 0.301951 0.300585
0.424252 0.81826 0.635453 0.632857 0.304155 0.642647 0.514323 0.301117 0.125781 0.30217 0.304963 0.302417 0.303359 0.303014 0.301694 0.301392 0.300886 0.303776 0.300526 0.298026 0.300762 0.301125 0.298971 0.301952 0.300586
0.425197 0.818206 0.635453 0.632857 0.303366 0.643504 0.513339 0.301118 0.125827 0.30217 0.304964 0.302418 0.303359 0.303015 0.301695 0.301392 0.300886 0.303777 0.300527 0.298027 0.300762 0.301125 0.298971 0.301952 0.300586
0.426148 0.81815 0.635453 0.632857 0.302574 0.644364 0.51235 0.301118 0.125874 0.302171 0.304964 0.302418 0.30336 0.303015 0.301695 0.301393 0.300887 0.303777 0.300527 0.298027 0.300763 0.301126 0.298972 0.301953 0.300587
0.427104 0.818093 0.635453 0.632858 0.30178 0.645228 0.511355 0.301119 0.125923 0.302171 0.304965 0.302419 0.30336 0.303016 0.301696 0.301393 0.300887 0.303778 0.300528 0.298028 0.300764 0.301126 0.298972 0.301954 0.300588
0.428066 0.818036 0.635453 0.632858 0.300984 0.646094 0.510355 0.30112 0.125972 0.302172 0.304965 0.302419 0.303361 0.303016 0.301696 0.301394 0.300888 0.303778 0.300529 0.298028 0.300764 0.301127 0.298973 0.301954 0.300588
0.429033 0.817977 0.635453 0.632858 0.300186 0.646962 0.50935 0.30112 0.126022 0.302172 0.304966 0.30242 0.303361 0.303017 0.301697 0.301395 0.300888 0.303779 0.300529 0.298029 0.300765 0.301127 0.298973 0.301955 0.300589
0.430004 0.817917 0.635453 0.632858 0.299385 0.647833 0.508341 0.301121 0.126073 0.302173 0.304966 0.302421 0.303362 0.303017 0.301697 0.301395 0.300889 0.303779 0.30053 0.298029 0.300765 0.301128 0.298974 0.301955 0.300589
0.43098 0.817856 0.635454 0.632858 0.298584 0.648706 0.507327 0.301121 0.126125 0.302173 0.304967 0.302421 0.303363 0.303018 0.301698 0.301396 0.300889 0.30378 0.30053 0.29803 0.300766 0.301129 0.298975 0.301956 0.30059
0.43196 0.817794 0.635454 0.632858 0.297781 0.64958 0.506309 0.301122 0.126178 0.302174 0.304968 0.302422 0.303363 0.303019 0.301699 0.301396 0.30089 0.303781 0.300531 0.298031 0.300766 0.301129 0.298975 0.301956 0.30059
0.432944 0.81773 0.635454 0.632858 0.296977 0.650456 0.505288 0.301123 0.126232 0.302175 0.304968 0.302422 0.303364 0.303019 0.301699 0.301397 0.300891 0.303781 0.300532 0.298031 0.300767 0.30113 0.298976 0.301957 0.300591
0.433931 0.817666 0.635454 0.632858 0.296172 0.651332 0.504263 0.301123 0.126287 0.302175 0.304969 0.302423 0.303364 0.30302 0.3017 0.301398 0.300891 0.303782 0.300532 0.298032 0.300768 0.30113 0.298976 0.301958 0.300592
0.434922 0.817601 0.635454 0.632858 0.295367 0.65221 0.503235 0.301124 0.126342 0.302176 0.304969 0.302424 0.303365 0.30302 0.3017 0.301398 0.300892 0.303782 0.300533 0.298032 0.300768 0.301131 0.298977 0.301958 0.300592
0.435916 0.817534 0.635454 0.632858 0.294562 0.653087 0.502204 0.301124 0.126399 0.302177 0.30497 0.302424 0.303366 0.303021 0.301701 0.301399 0.300893 0.303783 0.300533 0.298033 0.300769 0.301132 0.298978 0.301959 0.300593
0.436912 0.817467 0.635454 0.632858 0.293757 0.653965 0.501171 0.301125 0.126456 0.302177 0.304971 0.302425 0.303366 0.303022 0.301702 0.301399 0.300893 0.303784 0.300534 0.298034 0.30077 0.301132 0.298978 0.30196 0.300594
0.437911 0.817398 0.635454 0.632858 0.292952 0.654843 0.500136 0.301126 0.126515 0.302178 0.304971 0.302426 0.303367 0.303022 0.301702 0.3014 0.300894 0.303784 0.300535 0.298034 0.30077 0.301133 0.298979 0.30196 0.300594
0.438911 0.817328 0.635454 0.632858 0.292148 0.65572 0.499099 0.301126 0.126574 0.302179 0.304972 0.302426 0.303368 0.303023 0.301703 0.301401 0.300894 0.303785 0.300535 0.298035 0.300771 0.301134 0.29898 0.301961 0.300595
0.439913 0.817258 0.635454 0.632858 0.291345 0.656597 0.498061 0.301127 0.126634 0.302179 0.304973 0.302427 0.303368 0.303024 0.301704 0.301401 0.300895 0.303786 0.300536 0.298036 0.300772 0.301134 0.29898 0.301962 0.300596
0.440916 0.817186 0.635454 0.632858 0.290543 0.657472 0.497022 0.301128 0.126695 0.30218 0.304973 0.302428 0.303369 0.303024 0.301704 0.301402 0.300896 0.303786 0.300537 0.298036 0.300772 0.301135 0.298981 0.301962 0.300596
0.441921 0.817114 0.635454 0.632858 0.289742 0.658346 0.495983 0.301128 0.126757 0.302181 0.304974 0.302428 0.30337 0.303025 0.301705 0.301403 0.300897 0.303787 0.300537 0.298037 0.300773 0.301136 0.298982 0.301963 0.300597
0.442925 0.81704 0.635454 0.632858 0.288944 0.659218 0.494943 0.301129 0.12682 0.302181 0.304975 0.302429 0.303371 0.303026 0.301706 0.301404 0.300897 0.303788 0.300538 0.298038 0.300774 0.301137 0.298982 0.301964 0.300598
0.44393 0.816966 0.635454 0.632858 0.288148 0.660088 0.493904 0.30113 0.126883 0.302182 0.304976 0.30243 0.303371 0.303027 0.301707 0.301404 0.300898 0.303789 0.300539 0.298038 0.300774 0.301137 0.298983 0.301964 0.300598
0.444934 0.816891 0.635454 0.632858 0.287354 0.660956 0.492865 0.301131 0.126947 0.302183 0.304976 0.302431 0.303372 0.303027 0.301707 0.301405 0.300899 0.303789 0.30054 0.298039 0.300775 0.301138 0.298984 0.301965 0.300599
0.445937 0.816815 0.635454 0.632858 0.286563 0.661821 0.491828 0.301131 0.127012 0.302184 0.304977 0.302431 0.303373 0.303028 0.301708 0.301406 0.300899 0.30379 0.30054 0.29804 0.300776 0.301139 0.298985 0.301966 0.3006
0.44694 0.816738 0.635453 0.632858 0.285775 0.662683 0.490792 0.301132 0.127078 0.302184 0.304978 0.302432 0.303373 0.303029 0.301709 0.301406 0.3009 0.303791 0.300541 0.298041 0.300777 0.301139 0.298985 0.301967 0.300601
0.447941 0.81666 0.635453 0.632858 0.28499 0.663541 0.489757 0.301133 0.127144 0.302185 0.304979 0.302433 0.303374 0.30303 0.301709 0.301407 0.300901 0.303792 0.300542 0.298041 0.300777 0.30114 0.298986 0.301967 0.300601
0.44894 0.816582 0.635453 0.632858 0.284209 0.664396 0.488725 0.301134 0.127211 0.302186 0.304979 0.302433 0.303375 0.30303 0.30171 0.301408 0.300902 0.303792 0.300543 0.298042 0.300778 0.301141 0.298987 0.301968 0.300602
0.449937 0.816502 0.635453 0.632857 0.283432 0.665246 0.487696 0.301134 0.127278 0.302187 0.30498 0.302434 0.303376 0.303031 0.301711 0.301409 0.300902 0.303793 0.300543 0.298043 0.300779 0.301142 0.298988 0.301969 0.300603
0.450931 0.816423 0.635453 0.632857 0.282659 0.666093 0.48667 0.301135 0.127347 0.302187 0.304981 0.302435 0.303376 0.303032 0.301712 0.30141 0.300903 0.303794 0.300544 0.298044 0.30078 0.301142 0.298988 0.30197 0.300604
0.451922 0.816342 0.635453 0.632857 0.28189 0.666934 0.485647 0.301136 0.127415 0.302188 0.304982 0.302436 0.303377 0.303033 0.301713 0.30141 0.300904 0.303795 0.300545 0.298044 0.30078 0.301143 0.298989 0.30197 0.300604
0.45291 0.816261 0.635452 0.632857 0.281127 0.667771 0.484628 0.301137 0.127484 0.302189 0.304982 0.302437 0.303378 0.303033 0.301713 0.301411 0.300905 0.303795 0.300546 0.298045 0.300781 0.301144 0.29899 0.301971 0.300605
0.453894 0.816179 0.635452 0.632857 0.280368 0.668602 0.483613 0.301137 0.127554 0.30219 0.304983 0.302437 0.303379 0.303034 0.301714 0.301412 0.300906 0.303796 0.300546 0.298046 0.300782 0.301145 0.298991 0.301972 0.300606
0.454873 0.816097 0.635452 0.632856 0.279615 0.669428 0.482604 0.301138 0.127624 0.30219 0.304984 0.302438 0.30338 0.303035 0.301715 0.301413 0.300906 0.303797 0.300547 0.298047 0.300783 0.301146 0.298991 0.301973 0.300607
0.455848 0.816015 0.635452 0.632856 0.278867 0.670248 0.481599 0.301139 0.127695 0.302191 0.304985 0.302439 0.30338 0.303036 0.301716 0.301413 0.300907 0.303798 0.300548 0.298048 0.300784 0.301146 0.298992 0.301974 0.300608
0.456818 0.815932 0.635451 0.632856 0.278125 0.671061 0.480599 0.30114 0.127766 0.302192 0.304986 0.30244 0.303381 0.303037 0.301716 0.301414 0.300908 0.303799 0.300549 0.298048 0.300784 0.301147 0.298993 0.301974 0.300608
0.457783 0.815848 0.635451 0.632856 0.277389 0.671868 0.479606 0.301141 0.127837 0.302193 0.304986 0.302441 0.303382 0.303037 0.301717 0.301415 0.300909 0.303799 0.30055 0.298049 0.300785 0.301148 0.298994 0.301975 0.300609
0.458742 0.815764 0.635451 0.632855 0.27666 0.672669 0.478619 0.301141 0.127908 0.302194 0.304987 0.302441 0.303383 0.303038 0.301718 0.301416 0.30091 0.3038 0.30055 0.29805 0.300786 0.301149 0.298995 0.301976 0.30061
0.459694 0.81568 0.635451 0.632855 0.275937 0.673462 0.477638 0.301142 0.12798 0.302194 0.304988 0.302442 0.303384 0.303039 0.301719 0.301417 0.30091 0.303801 0.300551 0.298051 0.300787 0.30115 0.298995 0.301977 0.300611
0.46064 0.815596 0.63545 0.632855 0.275221 0.674248 0.476664 0.301143 0.128052 0.302195 0.304989 0.302443 0.303384 0.30304 0.30172 0.301417 0.300911 0.303802 0.300552 0.298051 0.300787 0.30115 0.298996 0.301978 0.300611
0.461579 0.815511 0.63545 0.632854 0.274512 0.675027 0.475698 0.301144 0.128124 0.302196 0.30499 0.302444 0.303385 0.303041 0.30172 0.301418 0.300912 0.303803 0.300553 0.298052 0.300788 0.301151 0.298997 0.301978 0.300612
0.462512 0.815427 0.63545 0.632854 0.27381 0.675798 0.474739 0.301145 0.128197 0.302197 0.30499 0.302445 0.303386 0.303041 0.301721 0.301419 0.300913 0.303803 0.300554 0.298053 0.300789 0.301152 0.298998 0.301979 0.300613
0.463436 0.815342 0.635449 0.632854 0.273116 0.67656 0.473789 0.301145 0.128269 0.302198 0.304991 0.302445 0.303387 0.303042 0.301722 0.30142 0.300914 0.303804 0.300554 0.298054 0.30079 0.301153 0.298999 0.30198 0.300614
0.464353 0.815257 0.635449 0.632853 0.27243 0.677315 0.472846 0.301146 0.128342 0.302198 0.304992 0.302446 0.303388 0.303043 0.301723 0.301421 0.300914 0.303805 0.300555 0.298055 0.300791 0.301154 0.298999 0.301981 0.300615
0.465261 0.815172 0.635448 0.632853 0.271751 0.678061 0.471913 0.301147 0.128414 0.302199 0.304993 0.302447 0.303388 0.303044 0.301724 0.301421 0.300915 0.303806 0.300556 0.298055 0.300792 0.301154 0.299 0.301982 0.300616
0.466161 0.815087 0.635448 0.632852 0.27108 0.678799 0.470988 0.301148 0.128487 0.3022 0.304994 0.302448 0.303389 0.303045 0.301725 0.301422 0.300916 0.303807 0.300557 0.298056 0.300792 0.301155 0.299001 0.301982 0.300616
0.467052 0.815002 0.635447 0.632852 0.270418 0.679527 0.470073 0.301149 0.128559 0.302201 0.304995 0.302449 0.30339 0.303045 0.301725 0.301423 0.300917 0.303807 0.300558 0.298057 0.300793 0.301156 0.299002 0.301983 0.300617
0.467934 0.814918 0.635447 0.632851 0.269763 0.680247 0.469167 0.301149 0.128632 0.302202 0.304995 0.302449 0.303391 0.303046 0.301726 0.301424 0.300918 0.303808 0.300558 0.298058 0.300794 0.301157 0.299003 0.301984 0.300618
0.468807 0.814833 0.635446 0.632851 0.269118 0.680957 0.468272 0.30115 0.128704 0.302202 0.304996 0.30245 0.303392 0.303047 0.301727 0.301425 0.300918 0.303809 0.300559 0.298059 0.300795 0.301158 0.299003 0.301985 0.300619
0.46967 0.814749 0.635446 0.63285 0.268481 0.681658 0.467386 0.301151 0.128776 0.302203 0.304997 0.302451 0.303392 0.303048 0.301728 0.301425 0.300919 0.30381 0.30056 0.298059 0.300796 0.301158 0.299004 0.301986 0.30062
0.470523 0.814665 0.635445 0.63285 0.267853 0.68235 0.46651 0.301152 0.128848 0.302204 0.304998 0.302452 0.303393 0.303049 0.301728 0.301426 0.30092 0.303811 0.300561 0.29806 0.300796 0.301159 0.299005 0.301986 0.30062
0.471366 0.814581 0.635445 0.632849 0.267233 0.683032 0.465646 0.301153 0.128919 0.302205 0.304999 0.302453 0.303394 0.303049 0.301729 0.301427 0.300921 0.303811 0.300562 0.298061 0.300797 0.30116 0.299006 0.301987 0.300621
0.472199 0.814498 0.635444 0.632849 0.266623 0.683704 0.464792 0.301153 0.128991 0.302206 0.304999 0.302453 0.303395 0.30305 0.30173 0.301428 0.300921 0.303812 0.300562 0.298062 0.300798 0.301161 0.299007 0.301988 0.300622
0.473021 0.814415 0.635444 0.632848 0.266022 0.684366 0.463949 0.301154 0.129061 0.302206 0.305 0.302454 0.303396 0.303051 0.301731 0.301429 0.300922 0.303813 0.300563 0.298063 0.300799 0.301162 0.299007 0.301989 0.300623
0.473833 0.814332 0.635443 0.632848 0.26543 0.685018 0.463117 0.301155 0.129132 0.302207 0.305001 0.302455 0.303396 0.303052 0.301732 0.301429 0.300923 0.303814 0.300564 0.298063 0.300799 0.301162 0.299008 0.30199 0.300623
0.474633 0.81425 0.635443 0.632847 0.264847 0.68566 0.462297 0.301156 0.129202 0.302208 0.305002 0.302456 0.303397 0.303052 0.301732 0.30143 0.300924 0.303815 0.300565 0.298064 0.3008 0.301163 0.299009 0.30199 0.300624
0.475423 0.814169 0.635442 0.632847 0.264274 0.686292 0.461488 0.301156 0.129272 0.302209 0.305002 0.302456 0.303398 0.303053 0.301733 0.301431 0.300925 0.303815 0.300565 0.298065 0.300801 0.301164 0.29901 0.301991 0.300625
0.476201 0.814088 0.635442 0.632846 0.26371 0.686914 0.460691 0.301157 0.129341 0.302209 0.305003 0.302457 0.303399 0.303054 0.301734 0.301432 0.300925 0.303816 0.300566 0.298066 0.300802 0.301165 0.29901 0.301992 0.300626
0.476968 0.814008 0.635441 0.632845 0.263156 0.687525 0.459906 0.301158 0.12941 0.30221 0.305004 0.302458 0.303399 0.303055 0.301735 0.301432 0.300926 0.303817 0.300567 0.298066 0.300802 0.301165 0.299011 0.301993 0.300626
0.477723 0.813928 0.63544 0.632845 0.262611 0.688126 0.459133 0.301159 0.129478 0.302211 0.305005 0.302459 0.3034 0.303055 0.301735 0.301433 0.300927 0.303818 0.300568 0.298067 0.300803 0.301166 0.299012 0.301993 0.300627
0.478466 0.813849 0.63544 0.632844 0.262075 0.688717 0.458372 0.301159 0.129545 0.302212 0.305005 0.302459 0.303401 0.303056 0.301736 0.301434 0.300928 0.303818 0.300568 0.298068 0.300804 0.301167 0.299013 0.301994 0.300628
0.479198 0.813771 0.635439 0.632844 0.261549 0.689297 0.457623 0.30116 0.129612 0.302212 0.305006 0.30246 0.303402 0.303057 0.301737 0.301435 0.300928 0.303819 0.300569 0.298069 0.300805 0.301168 0.299013 0.301995 0.300629
0.479918 0.813693 0.635439 0.632843 0.261033 0.689867 0.456886 0.301161 0.129679 0.302213 0.305007 0.302461 0.303402 0.303058 0.301738 0.301435 0.300929 0.30382 0.30057 0.298069 0.300805 0.301168 0.299014 0.301995 0.300629
0.480626 0.813616 0.635438 0.632842 0.260526 0.690426 0.456162 0.301162 0.129744 0.302214 0.305008 0.302462 0.303403 0.303058 0.301738 0.301436 0.30093 0.303821 0.300571 0.29807 0.300806 0.301169 0.299015 0.301996 0.30063
0.481322 0.813541 0.635437 0.632842 0.260029 0.690975 0.45545 0.301162 0.129809 0.302215 0.305008 0.302462 0.303404 0.303059 0.301739 0.301437 0.30093 0.303821 0.300571 0.298071 0.300807 0.30117 0.299015 0.301997 0.300631
0.482007 0.813465 0.635437 0.632841 0.259541 0.691513 0.454751 0.301163 0.129873 0.302215 0.305009 0.302463 0.303405 0.30306 0.30174 0.301437 0.300931 0.303822 0.300572 0.298071 0.300807 0.30117 0.299016 0.301998 0.300631
0.482679 0.813391 0.635436 0.63284 0.259063 0.692041 0.454064 0.301164 0.129937 0.302216 0.30501 0.302464 0.303405 0.30306 0.30174 0.301438 0.300932 0.303823 0.300573 0.298072 0.300808 0.301171 0.299017 0.301998 0.300632
0.483338 0.813318 0.635435 0.63284 0.258595 0.692559 0.453389 0.301164 0.13 0.302217 0.30501 0.302464 0.303406 0.303061 0.301741 0.301439 0.300932 0.303823 0.300573 0.298073 0.300809 0.301172 0.299017 0.301999 0.300633
0.483986 0.813246 0.635435 0.632839 0.258135 0.693066 0.452727 0.301165 0.130062 0.302217 0.305011 0.302465 0.303407 0.303062 0.301742 0.301439 0.300933 0.303824 0.300574 0.298073 0.30081 0.301172 0.299018 0.302 0.300634
0.484622 0.813174 0.635434 0.632838 0.257686 0.693563 0.452078 0.301166 0.130123 0.302218 0.305012 0.302466 0.303407 0.303063 0.301742 0.30144 0.300934 0.303825 0.300575 0.298074 0.30081 0.301173 0.299019 0.302 0.300634
0.485246 0.813104 0.635433 0.632838 0.257245 0.69405 0.451441 0.301166 0.130183 0.302219 0.305012 0.302466 0.303408 0.303063 0.301743 0.301441 0.300934 0.303825 0.300575 0.298075 0.300811 0.301174 0.299019 0.302001 0.300635
0.485857 0.813034 0.635433 0.632837 0.256814 0.694526 0.450816 0.301167 0.130243 0.302219 0.305013 0.302467 0.303409 0.303064 0.301744 0.301441 0.300935 0.303826 0.300576 0.298075 0.300811 0.301174 0.29902 0.302002 0.300635
