0.281412 0.292636 0.300438 0.228435 0.165402 0.230042 0.281569 0.250736 0.294242 0.472821 0.166851 0.229712 0.166085 0.251968 0.154311 0.165147 0.164906 0.28286 0.381086 0.290998 0.292961 0.438701 0.279502 0.165414 0.298781
0.344602 0.433462 0.368892 0.937068 0.22277 0.936129 0.344799 0.31709 0.517955 0.502714 0.225078 0.936322 0.223858 0.318486 0.268106 0.222363 0.221979 0.346418 0.601636 0.390897 0.433749 0.520899 0.342204 0.222789 0.366923
0.182637 0.373127 0.185495 0.0010246 0.155193 0.00107829 0.182767 0.166639 0.346586 0.693907 0.157053 0.00106706 0.156069 0.167499 0.176599 0.154866 0.154557 0.183837 0.205557 0.362945 0.373418 0.657278 0.181057 0.155208 0.184237
0.339385 0.458938 0.35377 1 0.242634 1 0.33959 0.331019 0.529026 0.220092 0.245264 1 0.243874 0.332543 0.266541 0.242171 0.241733 0.341272 0.899044 0.4334 0.459244 0.258514 0.336895 0.242656 0.351734
0.156593 0.45773 0.168811 6.8213e-21 0.156865 9.52796e-21 0.156709 0.126902 0.429163 0.877145 0.15878 8.89695e-21 0.157767 0.12758 0.20413 0.156528 0.15621 0.157662 0.0199067 0.450276 0.458034 0.820936 0.155187 0.156881 0.167636
0.312931 0.436742 0.312318 1 0.234817 1 0.31313 0.334088 0.473686 0.0830456 0.237403 1 0.236036 0.335672 0.219348 0.234362 0.233931 0.314761 0.997883 0.427527 0.437043 0.141235 0.310517 0.234838 0.310388
0.150394 0.504049 0.163181 2.12772e-138 0.165274 2.04926e-137 0.150507 0.12193 0.505569 0.952268 0.167273 1.28794e-137 0.166216 0.122583 0.213186 0.164922 0.16459 0.151435 5.60061e-05 0.490766 0.504356 0.895886 0.149024 0.16529 0.162022
0.298304 0.439084 0.29338 1 0.229344 1 0.298498 0.32915 0.438476 0.032347 0.231891 1 0.230545 0.33073 0.202646 0.228896 0.228472 0.300092 1 0.439088 0.439385 0.0824671 0.295944 0.229365 0.291509
0.14639 0.520015 0.158887 0 0.169274 0 0.146501 0.122974 0.545604 0.979735 0.171312 0 0.170234 0.123632 0.20962 0.168916 0.168577 0.147412 1.52527e-10 0.506363 0.520322 0.936428 0.145044 0.169291 0.157745
0.292028 0.443315 0.283419 1 0.227167 1 0.29222 0.328327 0.420988 0.014455 0.229698 1 0.22836 0.329903 0.194015 0.226721 0.2263 0.293798 1 0.446363 0.443617 0.0514708 0.289692 0.227188 0.281581
0.143995 0.527233 0.156929 0 0.171 0 0.144105 0.124219 0.565576 0.990109 0.173053 0 0.171967 0.124884 0.206653 0.170638 0.170297 0.145006 1.57078e-22 0.514136 0.527539 0.958544 0.142665 0.171016 0.155794
0.289169 0.4459 0.278193 1 0.226125 1 0.28936 0.328567 0.4125 0.00748648 0.228649 1 0.227314 0.330142 0.189201 0.225681 0.225261 0.290932 1 0.450267 0.446203 0.0345434 0.286844 0.226146 0.276372
0.142662 0.530842 0.156075 0 0.171807 0 0.142771 0.125154 0.575488 0.994485 0.173868 0 0.172778 0.125824 0.204818 0.171444 0.171101 0.143666 2.46964e-48 0.518133 0.531147 0.97107 0.141341 0.171824 0.154943
0.287836 0.44725 0.275451 1 0.225583 1 0.288028 0.328907 0.408341 0.0044076 0.228102 1 0.22677 0.330481 0.186565 0.22514 0.22472 0.289596 1 0.452269 0.447553 0.0248173 0.285516 0.225604 0.27364
0.141934 0.532741 0.15572 0 0.172213 0 0.142043 0.125759 0.580485 0.996556 0.174277 0 0.173185 0.126431 0.203795 0.171849 0.171506 0.142934 7.1317e-104 0.520238 0.533047 0.978514 0.140618 0.172229 0.154588
0.287219 0.447898 0.273983 1 0.225282 1 0.28741 0.32913 0.406227 0.00288333 0.227799 1 0.226468 0.330704 0.185126 0.224839 0.22442 0.288977 1 0.453259 0.4482 0.0189268 0.2849 0.225302 0.272177
0.141538 0.533778 0.155586 0 0.172432 0 0.141646 0.126125 0.583081 0.997639 0.174499 0 0.173406 0.126798 0.203265 0.172068 0.171725 0.142536 2.0451e-223 0.521371 0.534083 0.983157 0.140225 0.172449 0.154454
0.286943 0.448181 0.273171 1 0.225105 1 0.287134 0.329233 0.40509 0.00205372 0.22762 1 0.22629 0.330807 0.184335 0.224662 0.224243 0.2887 1 0.453731 0.448484 0.0151816 0.284626 0.225125 0.271369
0.141322 0.534361 0.155549 0 0.17256 0 0.141431 0.126337 0.584483 0.998255 0.174628 0 0.173534 0.127012 0.203013 0.172196 0.171852 0.142319 0 0.521993 0.534666 0.986183 0.140011 0.172577 0.154417
0.286832 0.448287 0.272704 1 0.224995 1 0.287023 0.329258 0.404435 0.00156613 0.22751 1 0.22618 0.330832 0.183896 0.224552 0.224134 0.288589 1 0.453945 0.44859 0.0126973 0.284515 0.225016 0.270904
0.141205 0.534699 0.155551 0 0.172639 0 0.141313 0.126458 0.585276 0.99863 0.174707 0 0.173613 0.127133 0.202908 0.172275 0.171931 0.142201 0 0.522342 0.535004 0.988231 0.139894 0.172655 0.154419
0.286799 0.448311 0.272424 1 0.224924 1 0.28699 0.32924 0.404031 0.00126129 0.227438 1 0.226109 0.330814 0.183647 0.224482 0.224063 0.288556 1 0.454032 0.448614 0.0109895 0.284482 0.224945 0.270624
0.14114 0.5349 0.155568 0 0.17269 0 0.141248 0.126527 0.585747 0.99887 0.174759 0 0.173665 0.127202 0.202877 0.172326 0.171982 0.142136 0 0.522543 0.535206 0.989663 0.13983 0.172707 0.154435
0.2868 0.4483 0.272247 1 0.224876 1 0.286991 0.329204 0.403767 0.00106107 0.22739 1 0.226061 0.330777 0.183503 0.224434 0.224015 0.288557 1 0.454059 0.448603 0.00978023 0.284483 0.224897 0.270448
0.141104 0.535025 0.155588 0 0.172725 0 0.141212 0.126565 0.586041 0.999032 0.174795 0 0.1737 0.127241 0.20288 0.172361 0.172017 0.142099 0 0.522663 0.53533 0.99069 0.139794 0.172742 0.154455
0.286816 0.448275 0.272131 1 0.224843 1 0.287007 0.329163 0.403585 0.000924267 0.227356 1 0.226028 0.330736 0.183418 0.224401 0.223982 0.288573 1 0.454059 0.448578 0.00890295 0.284498 0.224864 0.270333
0.141083 0.535105 0.155606 0 0.17275 0 0.141191 0.126587 0.586233 0.999144 0.17482 0 0.173725 0.127263 0.202898 0.172386 0.172042 0.142079 0 0.522736 0.53541 0.991444 0.139774 0.172767 0.154474
0.286835 0.448249 0.272052 1 0.224819 1 0.287026 0.329124 0.403455 0.000827802 0.227332 1 0.226004 0.330697 0.183365 0.224377 0.223958 0.288593 1 0.454048 0.448552 0.00825384 0.284518 0.22484 0.270254
0.141072 0.535158 0.155623 0 0.172768 0 0.14118 0.1266 0.586363 0.999224 0.174838 0 0.173743 0.127275 0.202919 0.172404 0.17206 0.142067 0 0.522783 0.535463 0.992006 0.139762 0.172785 0.15449
0.286855 0.448224 0.271996 1 0.224802 1 0.287046 0.329089 0.40336 0.00075805 0.227315 1 0.225986 0.330662 0.183331 0.224359 0.223941 0.288612 1 0.454033 0.448527 0.00776579 0.284537 0.224822 0.270199
0.141065 0.535195 0.155636 0 0.172782 0 0.141173 0.126607 0.586455 0.999283 0.174852 0 0.173757 0.127283 0.20294 0.172417 0.172073 0.14206 0 0.522814 0.5355 0.992431 0.139755 0.172798 0.154503
0.286872 0.448202 0.271956 1 0.224789 1 0.287063 0.32906 0.403289 0.000706591 0.227302 1 0.225973 0.330633 0.183308 0.224346 0.223928 0.288629 1 0.454019 0.448505 0.00739407 0.284554 0.224809 0.270158
0.141061 0.535221 0.155647 0 0.172792 0 0.141169 0.126611 0.586521 0.999327 0.174862 0 0.173767 0.127287 0.202959 0.172427 0.172083 0.142056 0 0.522835 0.535526 0.992757 0.139751 0.172808 0.154514
0.286887 0.448184 0.271926 1 0.224779 1 0.287078 0.329036 0.403236 0.000668014 0.227292 1 0.225963 0.330609 0.183293 0.224336 0.223918 0.288644 1 0.454007 0.448487 0.00710797 0.284569 0.224799 0.270128
0.141058 0.535239 0.155656 0 0.172799 0 0.141166 0.126614 0.586571 0.99936 0.17487 0 0.173775 0.12729 0.202975 0.172435 0.172091 0.142053 0 0.52285 0.535545 0.993009 0.139748 0.172816 0.154523
0.286899 0.44817 0.271903 1 0.224771 1 0.28709 0.329017 0.403194 0.000638722 0.227284 1 0.225955 0.330589 0.183282 0.224329 0.22391 0.288656 1 0.453996 0.448473 0.00688591 0.284581 0.224792 0.270106
0.141056 0.535254 0.155663 0 0.172805 0 0.141164 0.126616 0.586608 0.999385 0.174876 0 0.173781 0.127292 0.202988 0.172441 0.172097 0.142051 0 0.522861 0.535559 0.993206 0.139747 0.172822 0.15453
0.286909 0.448158 0.271885 1 0.224765 1 0.2871 0.329001 0.403162 0.000616252 0.227278 1 0.22595 0.330574 0.183274 0.224323 0.223905 0.288666 1 0.453987 0.448461 0.00671238 0.284591 0.224786 0.270088
0.141055 0.535264 0.155669 0 0.17281 0 0.141163 0.126617 0.586636 0.999404 0.17488 0 0.173785 0.127293 0.202999 0.172446 0.172101 0.14205 0 0.522869 0.535569 0.99336 0.139745 0.172827 0.154535
0.286917 0.448148 0.271872 1 0.224761 1 0.287108 0.328989 0.403137 0.000598875 0.227274 1 0.225945 0.330561 0.183268 0.224318 0.2239 0.288674 1 0.45398 0.448451 0.00657603 0.284599 0.224781 0.270075
0.141054 0.535273 0.155673 0 0.172813 0 0.141162 0.126618 0.586658 0.999419 0.174884 0 0.173789 0.127294 0.203007 0.172449 0.172105 0.142049 0 0.522875 0.535578 0.993481 0.139744 0.17283 0.15454
0.286923 0.448141 0.271861 1 0.224757 1 0.287114 0.328979 0.403118 0.000585348 0.22727 1 0.225941 0.330551 0.183263 0.224315 0.223896 0.288681 1 0.453974 0.448444 0.00646843 0.284605 0.224778 0.270064
0.141053 0.535279 0.155677 0 0.172816 0 0.141161 0.126619 0.586675 0.999431 0.174887 0 0.173792 0.127294 0.203014 0.172452 0.172108 0.142048 0 0.52288 0.535584 0.993577 0.139744 0.172833 0.154543
0.286928 0.448135 0.271853 1 0.224754 1 0.287119 0.328971 0.403102 0.000574764 0.227267 1 0.225939 0.330543 0.18326 0.224312 0.223894 0.288686 1 0.453969 0.448438 0.0063832 0.28461 0.224775 0.270056
0.141053 0.535284 0.15568 0 0.172819 0 0.141161 0.126619 0.586689 0.99944 0.174889 0 0.173794 0.127295 0.20302 0.172454 0.17211 0.142048 0 0.522884 0.535589 0.993653 0.139743 0.172835 0.154546
0.286932 0.44813 0.271846 1 0.224752 1 0.287123 0.328964 0.40309 0.000566447 0.227265 1 0.225936 0.330537 0.183257 0.22431 0.223891 0.28869 1 0.453965 0.448433 0.00631551 0.284614 0.224773 0.270049
0.141052 0.535288 0.155682 0 0.17282 0 0.14116 0.126619 0.586699 0.999447 0.174891 0 0.173796 0.127295 0.203024 0.172456 0.172112 0.142048 0 0.522887 0.535593 0.993713 0.139743 0.172837 0.154549
0.286936 0.448126 0.271841 1 0.22475 1 0.287127 0.328959 0.403081 0.000559891 0.227263 1 0.225935 0.330532 0.183254 0.224308 0.22389 0.288693 1 0.453962 0.448429 0.00626163 0.284618 0.224771 0.270044
0.141052 0.535291 0.155684 0 0.172822 0 0.14116 0.12662 0.586708 0.999453 0.174892 0 0.173797 0.127296 0.203028 0.172457 0.172113 0.142047 0 0.522889 0.535596 0.993761 0.139742 0.172839 0.15455
0.286938 0.448123 0.271837 1 0.224749 1 0.287129 0.328955 0.403073 0.00055471 0.227262 1 0.225933 0.330528 0.183253 0.224307 0.223888 0.288696 1 0.45396 0.448426 0.00621865 0.28462 0.224769 0.27004
0.141052 0.535294 0.155685 0 0.172823 0 0.14116 0.12662 0.586714 0.999458 0.174893 0 0.173798 0.127296 0.20303 0.172459 0.172114 0.142047 0 0.522891 0.535599 0.9938 0.139742 0.17284 0.154552
0.286941 0.44812 0.271833 1 0.224748 1 0.287131 0.328952 0.403067 0.000550605 0.227261 1 0.225932 0.330524 0.183251 0.224305 0.223887 0.288698 1 0.453958 0.448423 0.00618433 0.284623 0.224768 0.270036
0.141051 0.535296 0.155686 0 0.172824 0 0.141159 0.12662 0.58672 0.999461 0.174894 0 0.173799 0.127296 0.203033 0.172459 0.172115 0.142047 0 0.522893 0.535601 0.99383 0.139742 0.172841 0.154553
0.286942 0.448118 0.271831 1 0.224747 1 0.287133 0.328949 0.403062 0.000547349 0.22726 1 0.225931 0.330522 0.18325 0.224305 0.223886 0.2887 1 0.453956 0.448421 0.00615688 0.284624 0.224767 0.270034
0.141051 0.535297 0.155687 0 0.172825 0 0.141159 0.12662 0.586724 0.999464 0.174895 0 0.1738 0.127296 0.203035 0.17246 0.172116 0.142047 0 0.522894 0.535602 0.993855 0.139742 0.172841 0.154554
0.286944 0.448117 0.271829 1 0.224746 1 0.287134 0.328947 0.403058 0.000544762 0.227259 1 0.22593 0.33052 0.183249 0.224304 0.223886 0.288701 1 0.453955 0.44842 0.00613491 0.284626 0.224767 0.270032
0.141051 0.535299 0.155688 0 0.172825 0 0.141159 0.12662 0.586727 0.999466 0.174896 0 0.1738 0.127296 0.203036 0.172461 0.172116 0.142046 0 0.522895 0.535604 0.993875 0.139742 0.172842 0.154555
0.286945 0.448116 0.271827 1 0.224746 1 0.287136 0.328945 0.403055 0.000542704 0.227258 1 0.22593 0.330518 0.183249 0.224303 0.223885 0.288702 1 0.453954 0.448419 0.00611731 0.284627 0.224766 0.27003
0.141051 0.5353 0.155689 0 0.172826 0 0.141159 0.12662 0.58673 0.999468 0.174896 0 0.173801 0.127296 0.203037 0.172461 0.172117 0.142046 0 0.522895 0.535605 0.99389 0.139741 0.172842 0.154555
0.286946 0.448115 0.271826 1 0.224745 1 0.287136 0.328944 0.403053 0.000541066 0.227258 1 0.225929 0.330517 0.183248 0.224303 0.223884 0.288703 1 0.453953 0.448418 0.0061032 0.284627 0.224766 0.270029
0.141051 0.5353 0.155689 0 0.172826 0 0.141159 0.126621 0.586732 0.999469 0.174896 0 0.173801 0.127296 0.203038 0.172462 0.172117 0.142046 0 0.522896 0.535606 0.993903 0.139741 0.172843 0.154556
0.286946 0.448114 0.271824 1 0.224745 1 0.287137 0.328943 0.403051 0.000539762 0.227257 1 0.225929 0.330516 0.183248 0.224302 0.223884 0.288704 1 0.453953 0.448417 0.00609189 0.284628 0.224765 0.270027
0.141051 0.535301 0.15569 0 0.172826 0 0.141159 0.126621 0.586734 0.999471 0.174897 0 0.173802 0.127296 0.203039 0.172462 0.172118 0.142046 0 0.522897 0.535606 0.993913 0.139741 0.172843 0.154556
0.286947 0.448113 0.271824 1 0.224745 1 0.287138 0.328942 0.403049 0.000538722 0.227257 1 0.225929 0.330515 0.183247 0.224302 0.223884 0.288704 1 0.453952 0.448416 0.00608282 0.284629 0.224765 0.270027
0.141051 0.535302 0.15569 0 0.172826 0 0.141159 0.126621 0.586735 0.999472 0.174897 0 0.173802 0.127297 0.203039 0.172462 0.172118 0.142046 0 0.522897 0.535607 0.993921 0.139741 0.172843 0.154556
0.286947 0.448113 0.271823 1 0.224744 1 0.287138 0.328942 0.403048 0.000537893 0.227257 1 0.225928 0.330514 0.183247 0.224302 0.223884 0.288705 1 0.453952 0.448416 0.00607553 0.284629 0.224765 0.270026
0.141051 0.535302 0.15569 0 0.172827 0 0.141159 0.126621 0.586736 0.999472 0.174897 0 0.173802 0.127297 0.20304 0.172462 0.172118 0.142046 0 0.522897 0.535607 0.993928 0.139741 0.172843 0.154557
0.286948 0.448112 0.271822 1 0.224744 1 0.287139 0.328941 0.403047 0.000537232 0.227257 1 0.225928 0.330514 0.183247 0.224302 0.223883 0.288705 1 0.453951 0.448415 0.00606969 0.28463 0.224765 0.270025
0.141051 0.535302 0.15569 0 0.172827 0 0.141159 0.126621 0.586737 0.999473 0.174897 0 0.173802 0.127297 0.20304 0.172462 0.172118 0.142046 0 0.522897 0.535607 0.993933 0.139741 0.172844 0.154557
0.286948 0.448112 0.271822 1 0.224744 1 0.287139 0.328941 0.403046 0.000536705 0.227257 1 0.225928 0.330513 0.183246 0.224302 0.223883 0.288706 1 0.453951 0.448415 0.00606499 0.28463 0.224764 0.270025
0.141051 0.535303 0.155691 0 0.172827 0 0.141159 0.126621 0.586738 0.999473 0.174897 0 0.173802 0.127297 0.203041 0.172463 0.172118 0.142046 0 0.522898 0.535608 0.993937 0.139741 0.172844 0.154557
0.286948 0.448112 0.271821 1 0.224744 1 0.287139 0.32894 0.403045 0.000536284 0.227256 1 0.225928 0.330513 0.183246 0.224301 0.223883 0.288706 1 0.453951 0.448415 0.00606122 0.28463 0.224764 0.270024
0.141051 0.535303 0.155691 0 0.172827 0 0.141159 0.126621 0.586739 0.999474 0.174898 0 0.173802 0.127297 0.203041 0.172463 0.172118 0.142046 0 0.522898 0.535608 0.993941 0.139741 0.172844 0.154557
0.286948 0.448111 0.271821 1 0.224744 1 0.287139 0.32894 0.403045 0.000535948 0.227256 1 0.225928 0.330513 0.183246 0.224301 0.223883 0.288706 1 0.453951 0.448414 0.00605819 0.28463 0.224764 0.270024
0.141051 0.535303 0.155691 0 0.172827 0 0.141159 0.126621 0.586739 0.999474 0.174898 0 0.173802 0.127297 0.203041 0.172463 0.172118 0.142046 0 0.522898 0.535608 0.993943 0.139741 0.172844 0.154557
0.286948 0.448111 0.271821 1 0.224744 1 0.287139 0.32894 0.403044 0.00053568 0.227256 1 0.225928 0.330512 0.183246 0.224301 0.223883 0.288706 1 0.453951 0.448414 0.00605576 0.28463 0.224764 0.270024
0.14105 0.535303 0.155691 0 0.172827 0 0.141158 0.126621 0.586739 0.999474 0.174898 0 0.173803 0.127297 0.203041 0.172463 0.172119 0.142046 0 0.522898 0.535608 0.993945 0.139741 0.172844 0.154557
0.286949 0.448111 0.271821 1 0.224744 1 0.28714 0.32894 0.403044 0.000535466 0.227256 1 0.225928 0.330512 0.183246 0.224301 0.223883 0.288706 1 0.45395 0.448414 0.00605381 0.284631 0.224764 0.270024
0.14105 0.535303 0.155691 0 0.172827 0 0.141158 0.126621 0.58674 0.999474 0.174898 0 0.173803 0.127297 0.203041 0.172463 0.172119 0.142046 0 0.522898 0.535608 0.993947 0.139741 0.172844 0.154557
0.286949 0.448111 0.271821 1 0.224744 1 0.28714 0.328939 0.403044 0.000535296 0.227256 1 0.225928 0.330512 0.183246 0.224301 0.223883 0.288706 1 0.45395 0.448414 0.00605224 0.284631 0.224764 0.270024
0.14105 0.535303 0.155691 0 0.172827 0 0.141158 0.126621 0.58674 0.999475 0.174898 0 0.173803 0.127297 0.203041 0.172463 0.172119 0.142046 0 0.522898 0.535608 0.993949 0.139741 0.172844 0.154557
0.286949 0.448111 0.27182 1 0.224744 1 0.28714 0.328939 0.403044 0.000535159 0.227256 1 0.225928 0.330512 0.183246 0.224301 0.223883 0.288706 1 0.45395 0.448414 0.00605098 0.284631 0.224764 0.270023
0.14105 0.535303 0.155691 0 0.172827 0 0.141158 0.126621 0.58674 0.999475 0.174898 0 0.173803 0.127297 0.203042 0.172463 0.172119 0.142046 0 0.522898 0.535609 0.99395 0.139741 0.172844 0.154558
0.286949 0.448111 0.27182 1 0.224744 1 0.28714 0.328939 0.403043 0.000535051 0.227256 1 0.225928 0.330512 0.183246 0.224301 0.223883 0.288707 1 0.45395 0.448414 0.00604997 0.284631 0.224764 0.270023
0.14105 0.535303 0.155691 0 0.172827 0 0.141158 0.126621 0.58674 0.999475 0.174898 0 0.173803 0.127297 0.203042 0.172463 0.172119 0.142046 0 0.522898 0.535609 0.993951 0.139741 0.172844 0.154558
0.286949 0.448111 0.27182 1 0.224743 1 0.28714 0.328939 0.403043 0.000534964 0.227256 1 0.225928 0.330512 0.183246 0.224301 0.223883 0.288707 1 0.45395 0.448414 0.00604915 0.284631 0.224764 0.270023
0.14105 0.535304 0.155691 0 0.172827 0 0.141158 0.126621 0.58674 0.999475 0.174898 0 0.173803 0.127297 0.203042 0.172463 0.172119 0.142046 0 0.522898 0.535609 0.993951 0.139741 0.172844 0.154558
0.286949 0.448111 0.27182 1 0.224743 1 0.28714 0.328939 0.403043 0.000534894 0.227256 1 0.225928 0.330512 0.183246 0.224301 0.223883 0.288707 1 0.45395 0.448414 0.0060485 0.284631 0.224764 0.270023
0.14105 0.535304 0.155691 0 0.172827 0 0.141158 0.126621 0.58674 0.999475 0.174898 0 0.173803 0.127297 0.203042 0.172463 0.172119 0.142046 0 0.522898 0.535609 0.993952 0.139741 0.172844 0.154558
0.286949 0.448111 0.27182 1 0.224743 1 0.28714 0.328939 0.403043 0.000534839 0.227256 1 0.225928 0.330512 0.183246 0.224301 0.223883 0.288707 1 0.45395 0.448414 0.00604797 0.284631 0.224764 0.270023
0.14105 0.535304 0.155691 0 0.172827 0 0.141158 0.126621 0.586741 0.999475 0.174898 0 0.173803 0.127297 0.203042 0.172463 0.172119 0.142046 0 0.522898 0.535609 0.993952 0.139741 0.172844 0.154558
0.286949 0.448111 0.27182 1 0.224743 1 0.28714 0.328939 0.403043 0.000534795 0.227256 1 0.225927 0.330511 0.183246 0.224301 0.223883 0.288707 1 0.45395 0.448414 0.00604755 0.284631 0.224764 0.270023
0.14105 0.535304 0.155691 0 0.172827 0 0.141158 0.126621 0.586741 0.999475 0.174898 0 0.173803 0.127297 0.203042 0.172463 0.172119 0.142046 0 0.522898 0.535609 0.993953 0.139741 0.172844 0.154558
0.286949 0.448111 0.27182 1 0.224743 1 0.28714 0.328939 0.403043 0.000534759 0.227256 1 0.225927 0.330511 0.183246 0.224301 0.223883 0.288707 1 0.45395 0.448414 0.00604721 0.284631 0.224764 0.270023
0.14105 0.535304 0.155691 0 0.172827 0 0.141158 0.126621 0.586741 0.999475 0.174898 0 0.173803 0.127297 0.203042 0.172463 0.172119 0.142046 0 0.522898 0.535609 0.993953 0.139741 0.172844 0.154558
0.286949 0.448111 0.27182 1 0.224743 1 0.28714 0.328939 0.403043 0.000534731 0.227256 1 0.225927 0.330511 0.183246 0.224301 0.223883 0.288707 1 0.45395 0.448414 0.00604694 0.284631 0.224764 0.270023
0.14105 0.535304 0.155691 0 0.172827 0 0.141158 0.126621 0.586741 0.999475 0.174898 0 0.173803 0.127297 0.203042 0.172463 0.172119 0.142046 0 0.522898 0.535609 0.993953 0.139741 0.172844 0.154558
0.286949 0.448111 0.27182 1 0.224743 1 0.28714 0.328939 0.403043 0.000534709 0.227256 1 0.225927 0.330511 0.183246 0.224301 0.223883 0.288707 1 0.45395 0.448414 0.00604672 0.284631 0.224764 0.270023
0.14105 0.535304 0.155691 0 0.172827 0 0.141158 0.126621 0.586741 0.999475 0.174898 0 0.173803 0.127297 0.203042 0.172463 0.172119 0.142046 0 0.522898 0.535609 0.993954 0.139741 0.172844 0.154558
0.286949 0.448111 0.27182 1 0.224743 1 0.28714 0.328939 0.403043 0.000534691 0.227256 1 0.225927 0.330511 0.183246 0.224301 0.223883 0.288707 1 0.45395 0.448414 0.00604654 0.284631 0.224764 0.270023
0.14105 0.535304 0.155691 0 0.172827 0 0.141158 0.126621 0.586741 0.999475 0.174898 0 0.173803 0.127297 0.203042 0.172463 0.172119 0.142046 0 0.522898 0.535609 0.993954 0.139741 0.172844 0.154558
0.286949 0.448111 0.27182 1 0.224743 1 0.28714 0.328939 0.403043 0.000534676 0.227256 1 0.225927 0.330511 0.183246 0.224301 0.223883 0.288707 1 0.45395 0.448414 0.0060464 0.284631 0.224764 0.270023
0.14105 0.535304 0.155691 0 0.172827 0 0.141158 0.126621 0.586741 0.999475 0.174898 0 0.173803 0.127297 0.203042 0.172463 0.172119 0.142046 0 0.522898 0.535609 0.993954 0.139741 0.172844 0.154558
0.286949 0.448111 0.27182 1 0.224743 1 0.28714 0.328939 0.403043 0.000534665 0.227256 1 0.225927 0.330511 0.183246 0.224301 0.223883 0.288707 1 0.45395 0.448414 0.00604629 0.284631 0.224764 0.270023
0.14105 0.535304 0.155691 0 0.172827 0 0.141158 0.126621 0.586741 0.999475 0.174898 0 0.173803 0.127297 0.203042 0.172463 0.172119 0.142046 0 0.522898 0.535609 0.993954 0.139741 0.172844 0.154558
0.286949 0.448111 0.27182 1 0.224743 1 0.28714 0.328939 0.403043 0.000534656 0.227256 1 0.225927 0.330511 0.183246 0.224301 0.223883 0.288707 1 0.45395 0.448414 0.0060462 0.284631 0.224764 0.270023
0.14105 0.535304 0.155691 0 0.172827 0 0.141158 0.126621 0.586741 0.999475 0.174898 0 0.173803 0.127297 0.203042 0.172463 0.172119 0.142046 0 0.522898 0.535609 0.993954 0.139741 0.172844 0.154558
0.286949 0.448111 0.27182 1 0.224743 1 0.28714 0.328939 0.403043 0.000534648 0.227256 1 0.225927 0.330511 0.183246 0.224301 0.223883 0.288707 1 0.45395 0.448414 0.00604612 0.284631 0.224764 0.270023
0.14105 0.535304 0.155691 0 0.172827 0 0.141158 0.126621 0.586741 0.999475 0.174898 0 0.173803 0.127297 0.203042 0.172463 0.172119 0.142046 0 0.522898 0.535609 0.993954 0.139741 0.172844 0.154558
0.286949 0.448111 0.27182 1 0.224743 1 0.28714 0.328939 0.403043 0.000534643 0.227256 1 0.225927 0.330511 0.183246 0.224301 0.223883 0.288707 1 0.45395 0.448414 0.00604606 0.284631 0.224764 0.270023
0.14105 0.535304 0.155691 0 0.172827 0 0.141158 0.126621 0.586741 0.999475 0.174898 0 0.173803 0.127297 0.203042 0.172463 0.172119 0.142046 0 0.522898 0.535609 0.993954 0.139741 0.172844 0.154558
0.286949 0.448111 0.27182 1 0.224743 1 0.28714 0.328939 0.403043 0.000534638 0.227256 1 0.225927 0.330511 0.183246 0.224301 0.223883 0.288707 1 0.45395 0.448414 0.00604602 0.284631 0.224764 0.270023
0.14105 0.535304 0.155691 0 0.172827 0 0.141158 0.126621 0.586741 0.999475 0.174898 0 0.173803 0.127297 0.203042 0.172463 0.172119 0.142046 0 0.522898 0.535609 0.993954 0.139741 0.172844 0.154558
0.286949 0.44811 0.27182 1 0.224743 1 0.28714 0.328939 0.403043 0.000534634 0.227256 1 0.225927 0.330511 0.183246 0.224301 0.223883 0.288707 1 0.45395 0.448414 0.00604598 0.284631 0.224764 0.270023
0.14105 0.535304 0.155691 0 0.172827 0 0.141158 0.126621 0.586741 0.999475 0.174898 0 0.173803 0.127297 0.203042 0.172463 0.172119 0.142046 0 0.522898 0.535609 0.993954 0.139741 0.172844 0.154558
0.286949 0.44811 0.27182 1 0.224743 1 0.28714 0.328939 0.403043 0.000534631 0.227256 1 0.225927 0.330511 0.183246 0.224301 0.223883 0.288707 1 0.45395 0.448414 0.00604595 0.284631 0.224764 0.270023
0.14105 0.535304 0.155691 0 0.172827 0 0.141158 0.126621 0.586741 0.999475 0.174898 0 0.173803 0.127297 0.203042 0.172463 0.172119 0.142046 0 0.522898 0.535609 0.993954 0.139741 0.172844 0.154558
0.286949 0.44811 0.27182 1 0.224743 1 0.28714 0.328939 0.403043 0.000534629 0.227256 1 0.225927 0.330511 0.183246 0.224301 0.223883 0.288707 1 0.45395 0.448414 0.00604592 0.284631 0.224764 0.270023
0.14105 0.535304 0.155691 0 0.172827 0 0.141158 0.126621 0.586741 0.999475 0.174898 0 0.173803 0.127297 0.203042 0.172463 0.172119 0.142046 0 0.522898 0.535609 0.993954 0.139741 0.172844 0.154558
0.286949 0.44811 0.27182 1 0.224743 1 0.28714 0.328939 0.403043 0.000534627 0.227256 1 0.225927 0.330511 0.183246 0.224301 0.223883 0.288707 1 0.45395 0.448414 0.0060459 0.284631 0.224764 0.270023
0.14105 0.535304 0.155691 0 0.172827 0 0.141158 0.126621 0.586741 0.999475 0.174898 0 0.173803 0.127297 0.203042 0.172463 0.172119 0.142046 0 0.522898 0.535609 0.993954 0.139741 0.172844 0.154558
0.286949 0.44811 0.27182 1 0.224743 1 0.28714 0.328939 0.403043 0.000534626 0.227256 1 0.225927 0.330511 0.183246 0.224301 0.223883 0.288707 1 0.45395 0.448414 0.00604589 0.284631 0.224764 0.270023
0.14105 0.535304 0.155691 0 0.172827 0 0.141158 0.126621 0.586741 0.999475 0.174898 0 0.173803 0.127297 0.203042 0.172463 0.172119 0.142046 0 0.522898 0.535609 0.993954 0.139741 0.172844 0.154558
0.286949 0.44811 0.27182 1 0.224743 1 0.28714 0.328939 0.403043 0.000534624 0.227256 1 0.225927 0.330511 0.183246 0.224301 0.223883 0.288707 1 0.45395 0.448414 0.00604587 0.284631 0.224764 0.270023
0.14105 0.535304 0.155691 0 0.172827 0 0.141158 0.126621 0.586741 0.999475 0.174898 0 0.173803 0.127297 0.203042 0.172463 0.172119 0.142046 0 0.522898 0.535609 0.993954 0.139741 0.172844 0.154558
0.286949 0.44811 0.27182 1 0.224743 1 0.28714 0.328939 0.403043 0.000534623 0.227256 1 0.225927 0.330511 0.183246 0.224301 0.223883 0.288707 1 0.45395 0.448414 0.00604586 0.284631 0.224764 0.270023
0.14105 0.535304 0.155691 0 0.172827 0 0.141158 0.126621 0.586741 0.999475 0.174898 0 0.173803 0.127297 0.203042 0.172463 0.172119 0.142046 0 0.522898 0.535609 0.993954 0.139741 0.172844 0.154558
0.286949 0.44811 0.27182 1 0.224743 1 0.28714 0.328939 0.403043 0.000534623 0.227256 1 0.225927 0.330511 0.183246 0.224301 0.223883 0.288707 1 0.45395 0.448414 0.00604586 0.284631 0.224764 0.270023
0.14105 0.535304 0.155691 0 0.172827 0 0.141158 0.126621 0.586741 0.999475 0.174898 0 0.173803 0.127297 0.203042 0.172463 0.172119 0.142046 0 0.522898 0.535609 0.993954 0.139741 0.172844 0.154558
0.286949 0.44811 0.27182 1 0.224743 1 0.28714 0.328939 0.403043 0.000534622 0.227256 1 0.225927 0.330511 0.183246 0.224301 0.223883 0.288707 1 0.45395 0.448414 0.00604585 0.284631 0.224764 0.270023
0.14105 0.535304 0.155691 0 0.172827 0 0.141158 0.126621 0.586741 0.999475 0.174898 0 0.173803 0.127297 0.203042 0.172463 0.172119 0.142046 0 0.522898 0.535609 0.993954 0.139741 0.172844 0.154558
0.286949 0.44811 0.27182 1 0.224743 1 0.28714 0.328939 0.403043 0.000534621 0.227256 1 0.225927 0.330511 0.183246 0.224301 0.223883 0.288707 1 0.45395 0.448414 0.00604584 0.284631 0.224764 0.270023
0.14105 0.535304 0.155691 0 0.172827 0 0.141158 0.126621 0.586741 0.999475 0.174898 0 0.173803 0.127297 0.203042 0.172463 0.172119 0.142046 0 0.522898 0.535609 0.993954 0.139741 0.172844 0.154558
0.286949 0.44811 0.27182 1 0.224743 1 0.28714 0.328939 0.403043 0.000534621 0.227256 1 0.225927 0.330511 0.183246 0.224301 0.223883 0.288707 1 0.45395 0.448414 0.00604584 0.284631 0.224764 0.270023
0.14105 0.535304 0.155691 0 0.172827 0 0.141158 0.126621 0.586741 0.999475 0.174898 0 0.173803 0.127297 0.203042 0.172463 0.172119 0.142046 0 0.522898 0.535609 0.993954 0.139741 0.172844 0.154558
0.286949 0.44811 0.27182 1 0.224743 1 0.28714 0.328939 0.403043 0.000534621 0.227256 1 0.225927 0.330511 0.183246 0.224301 0.223883 0.288707 1 0.45395 0.448414 0.00604584 0.284631 0.224764 0.270023
0.14105 0.535304 0.155691 0 0.172827 0 0.141158 0.126621 0.586741 0.999475 0.174898 0 0.173803 0.127297 0.203042 0.172463 0.172119 0.142046 0 0.522898 0.535609 0.993954 0.139741 0.172844 0.154558
0.286949 0.44811 0.27182 1 0.224743 1 0.28714 0.328939 0.403043 0.000534621 0.227256 1 0.225927 0.330511 0.183246 0.224301 0.223883 0.288707 1 0.45395 0.448414 0.00604583 0.284631 0.224764 0.270023
0.14105 0.535304 0.155691 0 0.172827 0 0.141158 0.126621 0.586741 0.999475 0.174898 0 0.173803 0.127297 0.203042 0.172463 0.172119 0.142046 0 0.522898 0.535609 0.993954 0.139741 0.172844 0.154558
0.286949 0.44811 0.27182 1 0.224743 1 0.28714 0.328939 0.403043 0.00053462 0.227256 1 0.225927 0.330511 0.183246 0.224301 0.223883 0.288707 1 0.45395 0.448414 0.00604583 0.284631 0.224764 0.270023
0.14105 0.535304 0.155691 0 0.172827 0 0.141158 0.126621 0.586741 0.999475 0.174898 0 0.173803 0.127297 0.203042 0.172463 0.172119 0.142046 0 0.522898 0.535609 0.993954 0.139741 0.172844 0.154558
0.286949 0.44811 0.27182 1 0.224743 1 0.28714 0.328939 0.403043 0.00053462 0.227256 1 0.225927 0.330511 0.183246 0.224301 0.223883 0.288707 1 0.45395 0.448414 0.00604583 0.284631 0.224764 0.270023
0.14105 0.535304 0.155691 0 0.172827 0 0.141158 0.126621 0.586741 0.999475 0.174898 0 0.173803 0.127297 0.203042 0.172463 0.172119 0.142046 0 0.522898 0.535609 0.993954 0.139741 0.172844 0.154558
0.286949 0.44811 0.27182 1 0.224743 1 0.28714 0.328939 0.403043 0.00053462 0.227256 1 0.225927 0.330511 0.183246 0.224301 0.223883 0.288707 1 0.45395 0.448414 0.00604583 0.284631 0.224764 0.270023
0.14105 0.535304 0.155691 0 0.172827 0 0.141158 0.126621 0.586741 0.999475 0.174898 0 0.173803 0.127297 0.203042 0.172463 0.172119 0.142046 0 0.522898 0.535609 0.993954 0.139741 0.172844 0.154558
0.286949 0.44811 0.27182 1 0.224743 1 0.28714 0.328939 0.403043 0.00053462 0.227256 1 0.225927 0.330511 0.183246 0.224301 0.223883 0.288707 1 0.45395 0.448414 0.00604583 0.284631 0.224764 0.270023
0.14105 0.535304 0.155691 0 0.172827 0 0.141158 0.126621 0.586741 0.999475 0.174898 0 0.173803 0.127297 0.203042 0.172463 0.172119 0.142046 0 0.522898 0.535609 0.993954 0.139741 0.172844 0.154558
0.286949 0.44811 0.27182 1 0.224743 1 0.28714 0.328939 0.403043 0.00053462 0.227256 1 0.225927 0.330511 0.183246 0.224301 0.223883 0.288707 1 0.45395 0.448414 0.00604583 0.284631 0.224764 0.270023
0.14105 0.535304 0.155691 0 0.172827 0 0.141158 0.126621 0.586741 0.999475 0.174898 0 0.173803 0.127297 0.203042 0.172463 0.172119 0.142046 0 0.522898 0.535609 0.993954 0.139741 0.172844 0.154558
0.286949 0.44811 0.27182 1 0.224743 1 0.28714 0.328939 0.403043 0.00053462 0.227256 1 0.225927 0.330511 0.183246 0.224301 0.223883 0.288707 1 0.45395 0.448414 0.00604583 0.284631 0.224764 0.270023
0.14105 0.535304 0.155691 0 0.172827 0 0.141158 0.126621 0.586741 0.999475 0.174898 0 0.173803 0.127297 0.203042 0.172463 0.172119 0.142046 0 0.522898 0.535609 0.993954 0.139741 0.172844 0.154558
0.286949 0.44811 0.27182 1 0.224743 1 0.28714 0.328939 0.403043 0.00053462 0.227256 1 0.225927 0.330511 0.183246 0.224301 0.223883 0.288707 1 0.45395 0.448414 0.00604583 0.284631 0.224764 0.270023
0.14105 0.535304 0.155691 0 0.172827 0 0.141158 0.126621 0.586741 0.999475 0.174898 0 0.173803 0.127297 0.203042 0.172463 0.172119 0.142046 0 0.522898 0.535609 0.993954 0.139741 0.172844 0.154558
0.286949 0.44811 0.27182 1 0.224743 1 0.28714 0.328939 0.403043 0.00053462 0.227256 1 0.225927 0.330511 0.183246 0.224301 0.223883 0.288707 1 0.45395 0.448414 0.00604582 0.284631 0.224764 0.270023
0.14105 0.535304 0.155691 0 0.172827 0 0.141158 0.126621 0.586741 0.999475 0.174898 0 0.173803 0.127297 0.203042 0.172463 0.172119 0.142046 0 0.522898 0.535609 0.993954 0.139741 0.172844 0.154558
0.286949 0.44811 0.27182 1 0.224743 1 0.28714 0.328939 0.403043 0.00053462 0.227256 1 0.225927 0.330511 0.183246 0.224301 0.223883 0.288707 1 0.45395 0.448414 0.00604582 0.284631 0.224764 0.270023
0.14105 0.535304 0.155691 0 0.172827 0 0.141158 0.126621 0.586741 0.999475 0.174898 0 0.173803 0.127297 0.203042 0.172463 0.172119 0.142046 0 0.522898 0.535609 0.993954 0.139741 0.172844 0.154558
0.286949 0.44811 0.27182 1 0.224743 1 0.28714 0.328939 0.403043 0.00053462 0.227256 1 0.225927 0.330511 0.183246 0.224301 0.223883 0.288707 1 0.45395 0.448414 0.00604582 0.284631 0.224764 0.270023
0.14105 0.535304 0.155691 0 0.172827 0 0.141158 0.126621 0.586741 0.999475 0.174898 0 0.173803 0.127297 0.203042 0.172463 0.172119 0.142046 0 0.522898 0.535609 0.993954 0.139741 0.172844 0.154558
0.286949 0.44811 0.27182 1 0.224743 1 0.28714 0.328939 0.403043 0.00053462 0.227256 1 0.225927 0.330511 0.183246 0.224301 0.223883 0.288707 1 0.45395 0.448414 0.00604582 0.284631 0.224764 0.270023
0.14105 0.535304 0.155691 0 0.172827 0 0.141158 0.126621 0.586741 0.999475 0.174898 0 0.173803 0.127297 0.203042 0.172463 0.172119 0.142046 0 0.522898 0.535609 0.993954 0.139741 0.172844 0.154558
0.286949 0.44811 0.27182 1 0.224743 1 0.28714 0.328939 0.403043 0.00053462 0.227256 1 0.225927 0.330511 0.183246 0.224301 0.223883 0.288707 1 0.45395 0.448414 0.00604582 0.284631 0.224764 0.270023
0.14105 0.535304 0.155691 0 0.172827 0 0.141158 0.126621 0.586741 0.999475 0.174898 0 0.173803 0.127297 0.203042 0.172463 0.172119 0.142046 0 0.522898 0.535609 0.993954 0.139741 0.172844 0.154558
0.286949 0.44811 0.27182 1 0.224743 1 0.28714 0.328939 0.403043 0.00053462 0.227256 1 0.225927 0.330511 0.183246 0.224301 0.223883 0.288707 1 0.45395 0.448414 0.00604582 0.284631 0.224764 0.270023
0.14105 0.535304 0.155691 0 0.172827 0 0.141158 0.126621 0.586741 0.999475 0.174898 0 0.173803 0.127297 0.203042 0.172463 0.172119 0.142046 0 0.522898 0.535609 0.993954 0.139741 0.172844 0.154558
0.286949 0.44811 0.27182 1 0.224743 1 0.28714 0.328939 0.403043 0.00053462 0.227256 1 0.225927 0.330511 0.183246 0.224301 0.223883 0.288707 1 0.45395 0.448414 0.00604582 0.284631 0.224764 0.270023
0.14105 0.535304 0.155691 0 0.172827 0 0.141158 0.126621 0.586741 0.999475 0.174898 0 0.173803 0.127297 0.203042 0.172463 0.172119 0.142046 0 0.522898 0.535609 0.993954 0.139741 0.172844 0.154558
0.286949 0.44811 0.27182 1 0.224743 1 0.28714 0.328939 0.403043 0.00053462 0.227256 1 0.225927 0.330511 0.183246 0.224301 0.223883 0.288707 1 0.45395 0.448414 0.00604582 0.284631 0.224764 0.270023
0.14105 0.535304 0.155691 0 0.172827 0 0.141158 0.126621 0.586741 0.999475 0.174898 0 0.173803 0.127297 0.203042 0.172463 0.172119 0.142046 0 0.522898 0.535609 0.993954 0.139741 0.172844 0.154558
0.286949 0.44811 0.27182 1 0.224743 1 0.28714 0.328939 0.403043 0.00053462 0.227256 1 0.225927 0.330511 0.183246 0.224301 0.223883 0.288707 1 0.45395 0.448414 0.00604582 0.284631 0.224764 0.270023
0.14105 0.535304 0.155691 0 0.172827 0 0.141158 0.126621 0.586741 0.999475 0.174898 0 0.173803 0.127297 0.203042 0.172463 0.172119 0.142046 0 0.522898 0.535609 0.993954 0.139741 0.172844 0.154558
0.286949 0.44811 0.27182 1 0.224743 1 0.28714 0.328939 0.403043 0.00053462 0.227256 1 0.225927 0.330511 0.183246 0.224301 0.223883 0.288707 1 0.45395 0.448414 0.00604582 0.284631 0.224764 0.270023
0.14105 0.535304 0.155691 0 0.172827 0 0.141158 0.126621 0.586741 0.999475 0.174898 0 0.173803 0.127297 0.203042 0.172463 0.172119 0.142046 0 0.522898 0.535609 0.993954 0.139741 0.172844 0.154558
0.286949 0.44811 0.27182 1 0.224743 1 0.28714 0.328939 0.403043 0.00053462 0.227256 1 0.225927 0.330511 0.183246 0.224301 0.223883 0.288707 1 0.45395 0.448414 0.00604582 0.284631 0.224764 0.270023
0.14105 0.535304 0.155691 0 0.172827 0 0.141158 0.126621 0.586741 0.999475 0.174898 0 0.173803 0.127297 0.203042 0.172463 0.172119 0.142046 0 0.522898 0.535609 0.993954 0.139741 0.172844 0.154558
0.286949 0.44811 0.27182 1 0.224743 1 0.28714 0.328939 0.403043 0.00053462 0.227256 1 0.225927 0.330511 0.183246 0.224301 0.223883 0.288707 1 0.45395 0.448414 0.00604582 0.284631 0.224764 0.270023
0.14105 0.535304 0.155691 0 0.172827 0 0.141158 0.126621 0.586741 0.999475 0.174898 0 0.173803 0.127297 0.203042 0.172463 0.172119 0.142046 0 0.522898 0.535609 0.993954 0.139741 0.172844 0.154558
0.286949 0.44811 0.27182 1 0.224743 1 0.28714 0.328939 0.403043 0.00053462 0.227256 1 0.225927 0.330511 0.183246 0.224301 0.223883 0.288707 1 0.45395 0.448414 0.00604582 0.284631 0.224764 0.270023
0.14105 0.535304 0.155691 0 0.172827 0 0.141158 0.126621 0.586741 0.999475 0.174898 0 0.173803 0.127297 0.203042 0.172463 0.172119 0.142046 0 0.522898 0.535609 0.993954 0.139741 0.172844 0.154558
0.286949 0.44811 0.27182 1 0.224743 1 0.28714 0.328939 0.403043 0.00053462 0.227256 1 0.225927 0.330511 0.183246 0.224301 0.223883 0.288707 1 0.45395 0.448414 0.00604582 0.284631 0.224764 0.270023
0.14105 0.535304 0.155691 0 0.172827 0 0.141158 0.126621 0.586741 0.999475 0.174898 0 0.173803 0.127297 0.203042 0.172463 0.172119 0.142046 0 0.522898 0.535609 0.993954 0.139741 0.172844 0.154558
0.286949 0.44811 0.27182 1 0.224743 1 0.28714 0.328939 0.403043 0.00053462 0.227256 1 0.225927 0.330511 0.183246 0.224301 0.223883 0.288707 1 0.45395 0.448414 0.00604582 0.284631 0.224764 0.270023
0.14105 0.535304 0.155691 0 0.172827 0 0.141158 0.126621 0.586741 0.999475 0.174898 0 0.173803 0.127297 0.203042 0.172463 0.172119 0.142046 0 0.522898 0.535609 0.993954 0.139741 0.172844 0.154558
0.286949 0.44811 0.27182 1 0.224743 1 0.28714 0.328939 0.403043 0.00053462 0.227256 1 0.225927 0.330511 0.183246 0.224301 0.223883 0.288707 1 0.45395 0.448414 0.00604582 0.284631 0.224764 0.270023
0.14105 0.535304 0.155691 0 0.172827 0 0.141158 0.126621 0.586741 0.999475 0.174898 0 0.173803 0.127297 0.203042 0.172463 0.172119 0.142046 0 0.522898 0.535609 0.993954 0.139741 0.172844 0.154558
0.286949 0.44811 0.27182 1 0.224743 1 0.28714 0.328939 0.403043 0.00053462 0.227256 1 0.225927 0.330511 0.183246 0.224301 0.223883 0.288707 1 0.45395 0.448414 0.00604582 0.284631 0.224764 0.270023
0.14105 0.535304 0.155691 0 0.172827 0 0.141158 0.126621 0.586741 0.999475 0.174898 0 0.173803 0.127297 0.203042 0.172463 0.172119 0.142046 0 0.522898 0.535609 0.993954 0.139741 0.172844 0.154558
0.286949 0.44811 0.27182 1 0.224743 1 0.28714 0.328939 0.403043 0.00053462 0.227256 1 0.225927 0.330511 0.183246 0.224301 0.223883 0.288707 1 0.45395 0.448414 0.00604582 0.284631 0.224764 0.270023
0.14105 0.535304 0.155691 0 0.172827 0 0.141158 0.126621 0.586741 0.999475 0.174898 0 0.173803 0.127297 0.203042 0.172463 0.172119 0.142046 0 0.522898 0.535609 0.993954 0.139741 0.172844 0.154558
0.286949 0.44811 0.27182 1 0.224743 1 0.28714 0.328939 0.403043 0.00053462 0.227256 1 0.225927 0.330511 0.183246 0.224301 0.223883 0.288707 1 0.45395 0.448414 0.00604582 0.284631 0.224764 0.270023
0.14105 0.535304 0.155691 0 0.172827 0 0.141158 0.126621 0.586741 0.999475 0.174898 0 0.173803 0.127297 0.203042 0.172463 0.172119 0.142046 0 0.522898 0.535609 0.993954 0.139741 0.172844 0.154558
0.286949 0.44811 0.27182 1 0.224743 1 0.28714 0.328939 0.403043 0.00053462 0.227256 1 0.225927 0.330511 0.183246 0.224301 0.223883 0.288707 1 0.45395 0.448414 0.00604582 0.284631 0.224764 0.270023
0.14105 0.535304 0.155691 0 0.172827 0 0.141158 0.126621 0.586741 0.999475 0.174898 0 0.173803 0.127297 0.203042 0.172463 0.172119 0.142046 0 0.522898 0.535609 0.993954 0.139741 0.172844 0.154558
0.286949 0.44811 0.27182 1 0.224743 1 0.28714 0.328939 0.403043 0.00053462 0.227256 1 0.225927 0.330511 0.183246 0.224301 0.223883 0.288707 1 0.45395 0.448414 0.00604582 0.284631 0.224764 0.270023
0.14105 0.535304 0.155691 0 0.172827 0 0.141158 0.126621 0.586741 0.999475 0.174898 0 0.173803 0.127297 0.203042 0.172463 0.172119 0.142046 0 0.522898 0.535609 0.993954 0.139741 0.172844 0.154558
0.286949 0.44811 0.27182 1 0.224743 1 0.28714 0.328939 0.403043 0.00053462 0.227256 1 0.225927 0.330511 0.183246 0.224301 0.223883 0.288707 1 0.45395 0.448414 0.00604582 0.284631 0.224764 0.270023
0.14105 0.535304 0.155691 0 0.172827 0 0.141158 0.126621 0.586741 0.999475 0.174898 0 0.173803 0.127297 0.203042 0.172463 0.172119 0.142046 0 0.522898 0.535609 0.993954 0.139741 0.172844 0.154558
0.286949 0.44811 0.27182 1 0.224743 1 0.28714 0.328939 0.403043 0.00053462 0.227256 1 0.225927 0.330511 0.183246 0.224301 0.223883 0.288707 1 0.45395 0.448414 0.00604582 0.284631 0.224764 0.270023
0.14105 0.535304 0.155691 0 0.172827 0 0.141158 0.126621 0.586741 0.999475 0.174898 0 0.173803 0.127297 0.203042 0.172463 0.172119 0.142046 0 0.522898 0.535609 0.993954 0.139741 0.172844 0.154558
0.286949 0.44811 0.27182 1 0.224743 1 0.28714 0.328939 0.403043 0.00053462 0.227256 1 0.225927 0.330511 0.183246 0.224301 0.223883 0.288707 1 0.45395 0.448414 0.00604582 0.284631 0.224764 0.270023
0.14105 0.535304 0.155691 0 0.172827 0 0.141158 0.126621 0.586741 0.999475 0.174898 0 0.173803 0.127297 0.203042 0.172463 0.172119 0.142046 0 0.522898 0.535609 0.993954 0.139741 0.172844 0.154558
0.286949 0.44811 0.27182 1 0.224743 1 0.28714 0.328939 0.403043 0.00053462 0.227256 1 0.225927 0.330511 0.183246 0.224301 0.223883 0.288707 1 0.45395 0.448414 0.00604582 0.284631 0.224764 0.270023
0.14105 0.535304 0.155691 0 0.172827 0 0.141158 0.126621 0.586741 0.999475 0.174898 0 0.173803 0.127297 0.203042 0.172463 0.172119 0.142046 0 0.522898 0.535609 0.993954 0.139741 0.172844 0.154558
0.286949 0.44811 0.27182 1 0.224743 1 0.28714 0.328939 0.403043 0.00053462 0.227256 1 0.225927 0.330511 0.183246 0.224301 0.223883 0.288707 1 0.45395 0.448414 0.00604582 0.284631 0.224764 0.270023
0.14105 0.535304 0.155691 0 0.172827 0 0.141158 0.126621 0.586741 0.999475 0.174898 0 0.173803 0.127297 0.203042 0.172463 0.172119 0.142046 0 0.522898 0.535609 0.993954 0.139741 0.172844 0.154558
0.286949 0.44811 0.27182 1 0.224743 1 0.28714 0.328939 0.403043 0.00053462 0.227256 1 0.225927 0.330511 0.183246 0.224301 0.223883 0.288707 1 0.45395 0.448414 0.00604582 0.284631 0.224764 0.270023
0.14105 0.535304 0.155691 0 0.172827 0 0.141158 0.126621 0.586741 0.999475 0.174898 0 0.173803 0.127297 0.203042 0.172463 0.172119 0.142046 0 0.522898 0.535609 0.993954 0.139741 0.172844 0.154558
0.286949 0.44811 0.27182 1 0.224743 1 0.28714 0.328939 0.403043 0.00053462 0.227256 1 0.225927 0.330511 0.183246 0.224301 0.223883 0.288707 1 0.45395 0.448414 0.00604582 0.284631 0.224764 0.270023
0.14105 0.535304 0.155691 0 0.172827 0 0.141158 0.126621 0.586741 0.999475 0.174898 0 0.173803 0.127297 0.203042 0.172463 0.172119 0.142046 0 0.522898 0.535609 0.993954 0.139741 0.172844 0.154558
0.286949 0.44811 0.27182 1 0.224743 1 0.28714 0.328939 0.403043 0.00053462 0.227256 1 0.225927 0.330511 0.183246 0.224301 0.223883 0.288707 1 0.45395 0.448414 0.00604582 0.284631 0.224764 0.270023
0.14105 0.535304 0.155691 0 0.172827 0 0.141158 0.126621 0.586741 0.999475 0.174898 0 0.173803 0.127297 0.203042 0.172463 0.172119 0.142046 0 0.522898 0.535609 0.993954 0.139741 0.172844 0.154558
0.286949 0.44811 0.27182 1 0.224743 1 0.28714 0.328939 0.403043 0.00053462 0.227256 1 0.225927 0.330511 0.183246 0.224301 0.223883 0.288707 1 0.45395 0.448414 0.00604582 0.284631 0.224764 0.270023
0.14105 0.535304 0.155691 0 0.172827 0 0.141158 0.126621 0.586741 0.999475 0.174898 0 0.173803 0.127297 0.203042 0.172463 0.172119 0.142046 0 0.522898 0.535609 0.993954 0.139741 0.172844 0.154558
0.286949 0.44811 0.27182 1 0.224743 1 0.28714 0.328939 0.403043 0.00053462 0.227256 1 0.225927 0.330511 0.183246 0.224301 0.223883 0.288707 1 0.45395 0.448414 0.00604582 0.284631 0.224764 0.270023
0.14105 0.535304 0.155691 0 0.172827 0 0.141158 0.126621 0.586741 0.999475 0.174898 0 0.173803 0.127297 0.203042 0.172463 0.172119 0.142046 0 0.522898 0.535609 0.993954 0.139741 0.172844 0.154558
0.286949 0.44811 0.27182 1 0.224743 1 0.28714 0.328939 0.403043 0.00053462 0.227256 1 0.225927 0.330511 0.183246 0.224301 0.223883 0.288707 1 0.45395 0.448414 0.00604582 0.284631 0.224764 0.270023
0.14105 0.535304 0.155691 0 0.172827 0 0.141158 0.126621 0.586741 0.999475 0.174898 0 0.173803 0.127297 0.203042 0.172463 0.172119 0.142046 0 0.522898 0.535609 0.993954 0.139741 0.172844 0.154558
0.286949 0.44811 0.27182 1 0.224743 1 0.28714 0.328939 0.403043 0.00053462 0.227256 1 0.225927 0.330511 0.183246 0.224301 0.223883 0.288707 1 0.45395 0.448414 0.00604582 0.284631 0.224764 0.270023
0.14105 0.535304 0.155691 0 0.172827 0 0.141158 0.126621 0.586741 0.999475 0.174898 0 0.173803 0.127297 0.203042 0.172463 0.172119 0.142046 0 0.522898 0.535609 0.993954 0.139741 0.172844 0.154558
0.286949 0.44811 0.27182 1 0.224743 1 0.28714 0.328939 0.403043 0.00053462 0.227256 1 0.225927 0.330511 0.183246 0.224301 0.223883 0.288707 1 0.45395 0.448414 0.00604582 0.284631 0.224764 0.270023
0.14105 0.535304 0.155691 0 0.172827 0 0.141158 0.126621 0.586741 0.999475 0.174898 0 0.173803 0.127297 0.203042 0.172463 0.172119 0.142046 0 0.522898 0.535609 0.993954 0.139741 0.172844 0.154558
0.286949 0.44811 0.27182 1 0.224743 1 0.28714 0.328939 0.403043 0.00053462 0.227256 1 0.225927 0.330511 0.183246 0.224301 0.223883 0.288707 1 0.45395 0.448414 0.00604582 0.284631 0.224764 0.270023
0.14105 0.535304 0.155691 0 0.172827 0 0.141158 0.126621 0.586741 0.999475 0.174898 0 0.173803 0.127297 0.203042 0.172463 0.172119 0.142046 0 0.522898 0.535609 0.993954 0.139741 0.172844 0.154558
0.286949 0.44811 0.27182 1 0.224743 1 0.28714 0.328939 0.403043 0.00053462 0.227256 1 0.225927 0.330511 0.183246 0.224301 0.223883 0.288707 1 0.45395 0.448414 0.00604582 0.284631 0.224764 0.270023
0.14105 0.535304 0.155691 0 0.172827 0 0.141158 0.126621 0.586741 0.999475 0.174898 0 0.173803 0.127297 0.203042 0.172463 0.172119 0.142046 0 0.522898 0.535609 0.993954 0.139741 0.172844 0.154558
0.286949 0.44811 0.27182 1 0.224743 1 0.28714 0.328939 0.403043 0.00053462 0.227256 1 0.225927 0.330511 0.183246 0.224301 0.223883 0.288707 1 0.45395 0.448414 0.00604582 0.284631 0.224764 0.270023
0.14105 0.535304 0.155691 0 0.172827 0 0.141158 0.126621 0.586741 0.999475 0.174898 0 0.173803 0.127297 0.203042 0.172463 0.172119 0.142046 0 0.522898 0.535609 0.993954 0.139741 0.172844 0.154558
0.286949 0.44811 0.27182 1 0.224743 1 0.28714 0.328939 0.403043 0.00053462 0.227256 1 0.225927 0.330511 0.183246 0.224301 0.223883 0.288707 1 0.45395 0.448414 0.00604582 0.284631 0.224764 0.270023
0.14105 0.535304 0.155691 0 0.172827 0 0.141158 0.126621 0.586741 0.999475 0.174898 0 0.173803 0.127297 0.203042 0.172463 0.172119 0.142046 0 0.522898 0.535609 0.993954 0.139741 0.172844 0.154558
0.286949 0.44811 0.27182 1 0.224743 1 0.28714 0.328939 0.403043 0.00053462 0.227256 1 0.225927 0.330511 0.183246 0.224301 0.223883 0.288707 1 0.45395 0.448414 0.00604582 0.284631 0.224764 0.270023
0.14105 0.535304 0.155691 0 0.172827 0 0.141158 0.126621 0.586741 0.999475 0.174898 0 0.173803 0.127297 0.203042 0.172463 0.172119 0.142046 0 0.522898 0.535609 0.993954 0.139741 0.172844 0.154558
0.286949 0.44811 0.27182 1 0.224743 1 0.28714 0.328939 0.403043 0.00053462 0.227256 1 0.225927 0.330511 0.183246 0.224301 0.223883 0.288707 1 0.45395 0.448414 0.00604582 0.284631 0.224764 0.270023
0.14105 0.535304 0.155691 0 0.172827 0 0.141158 0.126621 0.586741 0.999475 0.174898 0 0.173803 0.127297 0.203042 0.172463 0.172119 0.142046 0 0.522898 0.535609 0.993954 0.139741 0.172844 0.154558
0.286949 0.44811 0.27182 1 0.224743 1 0.28714 0.328939 0.403043 0.00053462 0.227256 1 0.225927 0.330511 0.183246 0.224301 0.223883 0.288707 1 0.45395 0.448414 0.00604582 0.284631 0.224764 0.270023
0.14105 0.535304 0.155691 0 0.172827 0 0.141158 0.126621 0.586741 0.999475 0.174898 0 0.173803 0.127297 0.203042 0.172463 0.172119 0.142046 0 0.522898 0.535609 0.993954 0.139741 0.172844 0.154558
0.286949 0.44811 0.27182 1 0.224743 1 0.28714 0.328939 0.403043 0.00053462 0.227256 1 0.225927 0.330511 0.183246 0.224301 0.223883 0.288707 1 0.45395 0.448414 0.00604582 0.284631 0.224764 0.270023
0.14105 0.535304 0.155691 0 0.172827 0 0.141158 0.126621 0.586741 0.999475 0.174898 0 0.173803 0.127297 0.203042 0.172463 0.172119 0.142046 0 0.522898 0.535609 0.993954 0.139741 0.172844 0.154558
0.286949 0.44811 0.27182 1 0.224743 1 0.28714 0.328939 0.403043 0.00053462 0.227256 1 0.225927 0.330511 0.183246 0.224301 0.223883 0.288707 1 0.45395 0.448414 0.00604582 0.284631 0.224764 0.270023
0.14105 0.535304 0.155691 0 0.172827 0 0.141158 0.126621 0.586741 0.999475 0.174898 0 0.173803 0.127297 0.203042 0.172463 0.172119 0.142046 0 0.522898 0.535609 0.993954 0.139741 0.172844 0.154558
0.286949 0.44811 0.27182 1 0.224743 1 0.28714 0.328939 0.403043 0.00053462 0.227256 1 0.225927 0.330511 0.183246 0.224301 0.223883 0.288707 1 0.45395 0.448414 0.00604582 0.284631 0.224764 0.270023
0.14105 0.535304 0.155691 0 0.172827 0 0.141158 0.126621 0.586741 0.999475 0.174898 0 0.173803 0.127297 0.203042 0.172463 0.172119 0.142046 0 0.522898 0.535609 0.993954 0.139741 0.172844 0.154558
0.286949 0.44811 0.27182 1 0.224743 1 0.28714 0.328939 0.403043 0.00053462 0.227256 1 0.225927 0.330511 0.183246 0.224301 0.223883 0.288707 1 0.45395 0.448414 0.00604582 0.284631 0.224764 0.270023
0.14105 0.535304 0.155691 0 0.172827 0 0.141158 0.126621 0.586741 0.999475 0.174898 0 0.173803 0.127297 0.203042 0.172463 0.172119 0.142046 0 0.522898 0.535609 0.993954 0.139741 0.172844 0.154558
0.286949 0.44811 0.27182 1 0.224743 1 0.28714 0.328939 0.403043 0.00053462 0.227256 1 0.225927 0.330511 0.183246 0.224301 0.223883 0.288707 1 0.45395 0.448414 0.00604582 0.284631 0.224764 0.270023
0.14105 0.535304 0.155691 0 0.172827 0 0.141158 0.126621 0.586741 0.999475 0.174898 0 0.173803 0.127297 0.203042 0.172463 0.172119 0.142046 0 0.522898 0.535609 0.993954 0.139741 0.172844 0.154558
0.286949 0.44811 0.27182 1 0.224743 1 0.28714 0.328939 0.403043 0.00053462 0.227256 1 0.225927 0.330511 0.183246 0.224301 0.223883 0.288707 1 0.45395 0.448414 0.00604582 0.284631 0.224764 0.270023
0.14105 0.535304 0.155691 0 0.172827 0 0.141158 0.126621 0.586741 0.999475 0.174898 0 0.173803 0.127297 0.203042 0.172463 0.172119 0.142046 0 0.522898 0.535609 0.993954 0.139741 0.172844 0.154558
0.286949 0.44811 0.27182 1 0.224743 1 0.28714 0.328939 0.403043 0.00053462 0.227256 1 0.225927 0.330511 0.183246 0.224301 0.223883 0.288707 1 0.45395 0.448414 0.00604582 0.284631 0.224764 0.270023
0.14105 0.535304 0.155691 0 0.172827 0 0.141158 0.126621 0.586741 0.999475 0.174898 0 0.173803 0.127297 0.203042 0.172463 0.172119 0.142046 0 0.522898 0.535609 0.993954 0.139741 0.172844 0.154558
0.286949 0.44811 0.27182 1 0.224743 1 0.28714 0.328939 0.403043 0.00053462 0.227256 1 0.225927 0.330511 0.183246 0.224301 0.223883 0.288707 1 0.45395 0.448414 0.00604582 0.284631 0.224764 0.270023
0.14105 0.535304 0.155691 0 0.172827 0 0.141158 0.126621 0.586741 0.999475 0.174898 0 0.173803 0.127297 0.203042 0.172463 0.172119 0.142046 0 0.522898 0.535609 0.993954 0.139741 0.172844 0.154558
0.286949 0.44811 0.27182 1 0.224743 1 0.28714 0.328939 0.403043 0.00053462 0.227256 1 0.225927 0.330511 0.183246 0.224301 0.223883 0.288707 1 0.45395 0.448414 0.00604582 0.284631 0.224764 0.270023
0.14105 0.535304 0.155691 0 0.172827 0 0.141158 0.126621 0.586741 0.999475 0.174898 0 0.173803 0.127297 0.203042 0.172463 0.172119 0.142046 0 0.522898 0.535609 0.993954 0.139741 0.172844 0.154558
0.286949 0.44811 0.27182 1 0.224743 1 0.28714 0.328939 0.403043 0.00053462 0.227256 1 0.225927 0.330511 0.183246 0.224301 0.223883 0.288707 1 0.45395 0.448414 0.00604582 0.284631 0.224764 0.270023
0.14105 0.535304 0.155691 0 0.172827 0 0.141158 0.126621 0.586741 0.999475 0.174898 0 0.173803 0.127297 0.203042 0.172463 0.172119 0.142046 0 0.522898 0.535609 0.993954 0.139741 0.172844 0.154558
0.286949 0.44811 0.27182 1 0.224743 1 0.28714 0.328939 0.403043 0.00053462 0.227256 1 0.225927 0.330511 0.183246 0.224301 0.223883 0.288707 1 0.45395 0.448414 0.00604582 0.284631 0.224764 0.270023
0.14105 0.535304 0.155691 0 0.172827 0 0.141158 0.126621 0.586741 0.999475 0.174898 0 0.173803 0.127297 0.203042 0.172463 0.172119 0.142046 0 0.522898 0.535609 0.993954 0.139741 0.172844 0.154558
0.286949 0.44811 0.27182 1 0.224743 1 0.28714 0.328939 0.403043 0.00053462 0.227256 1 0.225927 0.330511 0.183246 0.224301 0.223883 0.288707 1 0.45395 0.448414 0.00604582 0.284631 0.224764 0.270023
0.14105 0.535304 0.155691 0 0.172827 0 0.141158 0.126621 0.586741 0.999475 0.174898 0 0.173803 0.127297 0.203042 0.172463 0.172119 0.142046 0 0.522898 0.535609 0.993954 0.139741 0.172844 0.154558
0.286949 0.44811 0.27182 1 0.224743 1 0.28714 0.328939 0.403043 0.00053462 0.227256 1 0.225927 0.330511 0.183246 0.224301 0.223883 0.288707 1 0.45395 0.448414 0.00604582 0.284631 0.224764 0.270023
0.14105 0.535304 0.155691 0 0.172827 0 0.141158 0.126621 0.586741 0.999475 0.174898 0 0.173803 0.127297 0.203042 0.172463 0.172119 0.142046 0 0.522898 0.535609 0.993954 0.139741 0.172844 0.154558
0.286949 0.44811 0.27182 1 0.224743 1 0.28714 0.328939 0.403043 0.00053462 0.227256 1 0.225927 0.330511 0.183246 0.224301 0.223883 0.288707 1 0.45395 0.448414 0.00604582 0.284631 0.224764 0.270023
0.14105 0.535304 0.155691 0 0.172827 0 0.141158 0.126621 0.586741 0.999475 0.174898 0 0.173803 0.127297 0.203042 0.172463 0.172119 0.142046 0 0.522898 0.535609 0.993954 0.139741 0.172844 0.154558
0.286949 0.44811 0.27182 1 0.224743 1 0.28714 0.328939 0.403043 0.00053462 0.227256 1 0.225927 0.330511 0.183246 0.224301 0.223883 0.288707 1 0.45395 0.448414 0.00604582 0.284631 0.224764 0.270023
0.14105 0.535304 0.155691 0 0.172827 0 0.141158 0.126621 0.586741 0.999475 0.174898 0 0.173803 0.127297 0.203042 0.172463 0.172119 0.142046 0 0.522898 0.535609 0.993954 0.139741 0.172844 0.154558
0.286949 0.44811 0.27182 1 0.224743 1 0.28714 0.328939 0.403043 0.00053462 0.227256 1 0.225927 0.330511 0.183246 0.224301 0.223883 0.288707 1 0.45395 0.448414 0.00604582 0.284631 0.224764 0.270023
0.14105 0.535304 0.155691 0 0.172827 0 0.141158 0.126621 0.586741 0.999475 0.174898 0 0.173803 0.127297 0.203042 0.172463 0.172119 0.142046 0 0.522898 0.535609 0.993954 0.139741 0.172844 0.154558
0.286949 0.44811 0.27182 1 0.224743 1 0.28714 0.328939 0.403043 0.00053462 0.227256 1 0.225927 0.330511 0.183246 0.224301 0.223883 0.288707 1 0.45395 0.448414 0.00604582 0.284631 0.224764 0.270023
0.14105 0.535304 0.155691 0 0.172827 0 0.141158 0.126621 0.586741 0.999475 0.174898 0 0.173803 0.127297 0.203042 0.172463 0.172119 0.142046 0 0.522898 0.535609 0.993954 0.139741 0.172844 0.154558
0.286949 0.44811 0.27182 1 0.224743 1 0.28714 0.328939 0.403043 0.00053462 0.227256 1 0.225927 0.330511 0.183246 0.224301 0.223883 0.288707 1 0.45395 0.448414 0.00604582 0.284631 0.224764 0.270023
0.14105 0.535304 0.155691 0 0.172827 0 0.141158 0.126621 0.586741 0.999475 0.174898 0 0.173803 0.127297 0.203042 0.172463 0.172119 0.142046 0 0.522898 0.535609 0.993954 0.139741 0.172844 0.154558
0.286949 0.44811 0.27182 1 0.224743 1 0.28714 0.328939 0.403043 0.00053462 0.227256 1 0.225927 0.330511 0.183246 0.224301 0.223883 0.288707 1 0.45395 0.448414 0.00604582 0.284631 0.224764 0.270023
0.14105 0.535304 0.155691 0 0.172827 0 0.141158 0.126621 0.586741 0.999475 0.174898 0 0.173803 0.127297 0.203042 0.172463 0.172119 0.142046 0 0.522898 0.535609 0.993954 0.139741 0.172844 0.154558
0.286949 0.44811 0.27182 1 0.224743 1 0.28714 0.328939 0.403043 0.00053462 0.227256 1 0.225927 0.330511 0.183246 0.224301 0.223883 0.288707 1 0.45395 0.448414 0.00604582 0.284631 0.224764 0.270023
0.14105 0.535304 0.155691 0 0.172827 0 0.141158 0.126621 0.586741 0.999475 0.174898 0 0.173803 0.127297 0.203042 0.172463 0.172119 0.142046 0 0.522898 0.535609 0.993954 0.139741 0.172844 0.154558
0.286949 0.44811 0.27182 1 0.224743 1 0.28714 0.328939 0.403043 0.00053462 0.227256 1 0.225927 0.330511 0.183246 0.224301 0.223883 0.288707 1 0.45395 0.448414 0.00604582 0.284631 0.224764 0.270023
0.14105 0.535304 0.155691 0 0.172827 0 0.141158 0.126621 0.586741 0.999475 0.174898 0 0.173803 0.127297 0.203042 0.172463 0.172119 0.142046 0 0.522898 0.535609 0.993954 0.139741 0.172844 0.154558
0.286949 0.44811 0.27182 1 0.224743 1 0.28714 0.328939 0.403043 0.00053462 0.227256 1 0.225927 0.330511 0.183246 0.224301 0.223883 0.288707 1 0.45395 0.448414 0.00604582 0.284631 0.224764 0.270023
0.14105 0.535304 0.155691 0 0.172827 0 0.141158 0.126621 0.586741 0.999475 0.174898 0 0.173803 0.127297 0.203042 0.172463 0.172119 0.142046 0 0.522898 0.535609 0.993954 0.139741 0.172844 0.154558
0.286949 0.44811 0.27182 1 0.224743 1 0.28714 0.328939 0.403043 0.00053462 0.227256 1 0.225927 0.330511 0.183246 0.224301 0.223883 0.288707 1 0.45395 0.448414 0.00604582 0.284631 0.224764 0.270023
0.14105 0.535304 0.155691 0 0.172827 0 0.141158 0.126621 0.586741 0.999475 0.174898 0 0.173803 0.127297 0.203042 0.172463 0.172119 0.142046 0 0.522898 0.535609 0.993954 0.139741 0.172844 0.154558
0.286949 0.44811 0.27182 1 0.224743 1 0.28714 0.328939 0.403043 0.00053462 0.227256 1 0.225927 0.330511 0.183246 0.224301 0.223883 0.288707 1 0.45395 0.448414 0.00604582 0.284631 0.224764 0.270023
0.14105 0.535304 0.155691 0 0.172827 0 0.141158 0.126621 0.586741 0.999475 0.174898 0 0.173803 0.127297 0.203042 0.172463 0.172119 0.142046 0 0.522898 0.535609 0.993954 0.139741 0.172844 0.154558
0.286949 0.44811 0.27182 1 0.224743 1 0.28714 0.328939 0.403043 0.00053462 0.227256 1 0.225927 0.330511 0.183246 0.224301 0.223883 0.288707 1 0.45395 0.448414 0.00604582 0.284631 0.224764 0.270023
0.14105 0.535304 0.155691 0 0.172827 0 0.141158 0.126621 0.586741 0.999475 0.174898 0 0.173803 0.127297 0.203042 0.172463 0.172119 0.142046 0 0.522898 0.535609 0.993954 0.139741 0.172844 0.154558
0.286949 0.44811 0.27182 1 0.224743 1 0.28714 0.328939 0.403043 0.00053462 0.227256 1 0.225927 0.330511 0.183246 0.224301 0.223883 0.288707 1 0.45395 0.448414 0.00604582 0.284631 0.224764 0.270023
0.14105 0.535304 0.155691 0 0.172827 0 0.141158 0.126621 0.586741 0.999475 0.174898 0 0.173803 0.127297 0.203042 0.172463 0.172119 0.142046 0 0.522898 0.535609 0.993954 0.139741 0.172844 0.154558
0.286949 0.44811 0.27182 1 0.224743 1 0.28714 0.328939 0.403043 0.00053462 0.227256 1 0.225927 0.330511 0.183246 0.224301 0.223883 0.288707 1 0.45395 0.448414 0.00604582 0.284631 0.224764 0.270023
0.14105 0.535304 0.155691 0 0.172827 0 0.141158 0.126621 0.586741 0.999475 0.174898 0 0.173803 0.127297 0.203042 0.172463 0.172119 0.142046 0 0.522898 0.535609 0.993954 0.139741 0.172844 0.154558
0.286949 0.44811 0.27182 1 0.224743 1 0.28714 0.328939 0.403043 0.00053462 0.227256 1 0.225927 0.330511 0.183246 0.224301 0.223883 0.288707 1 0.45395 0.448414 0.00604582 0.284631 0.224764 0.270023
0.14105 0.535304 0.155691 0 0.172827 0 0.141158 0.126621 0.586741 0.999475 0.174898 0 0.173803 0.127297 0.203042 0.172463 0.172119 0.142046 0 0.522898 0.535609 0.993954 0.139741 0.172844 0.154558
0.286949 0.44811 0.27182 1 0.224743 1 0.28714 0.328939 0.403043 0.00053462 0.227256 1 0.225927 0.330511 0.183246 0.224301 0.223883 0.288707 1 0.45395 0.448414 0.00604582 0.284631 0.224764 0.270023
0.14105 0.535304 0.155691 0 0.172827 0 0.141158 0.126621 0.586741 0.999475 0.174898 0 0.173803 0.127297 0.203042 0.172463 0.172119 0.142046 0 0.522898 0.535609 0.993954 0.139741 0.172844 0.154558
0.286949 0.44811 0.27182 1 0.224743 1 0.28714 0.328939 0.403043 0.00053462 0.227256 1 0.225927 0.330511 0.183246 0.224301 0.223883 0.288707 1 0.45395 0.448414 0.00604582 0.284631 0.224764 0.270023
0.14105 0.535304 0.155691 0 0.172827 0 0.141158 0.126621 0.586741 0.999475 0.174898 0 0.173803 0.127297 0.203042 0.172463 0.172119 0.142046 0 0.522898 0.535609 0.993954 0.139741 0.172844 0.154558
0.286949 0.44811 0.27182 1 0.224743 1 0.28714 0.328939 0.403043 0.00053462 0.227256 1 0.225927 0.330511 0.183246 0.224301 0.223883 0.288707 1 0.45395 0.448414 0.00604582 0.284631 0.224764 0.270023
0.14105 0.535304 0.155691 0 0.172827 0 0.141158 0.126621 0.586741 0.999475 0.174898 0 0.173803 0.127297 0.203042 0.172463 0.172119 0.142046 0 0.522898 0.535609 0.993954 0.139741 0.172844 0.154558
0.286949 0.44811 0.27182 1 0.224743 1 0.28714 0.328939 0.403043 0.00053462 0.227256 1 0.225927 0.330511 0.183246 0.224301 0.223883 0.288707 1 0.45395 0.448414 0.00604582 0.284631 0.224764 0.270023
0.14105 0.535304 0.155691 0 0.172827 0 0.141158 0.126621 0.586741 0.999475 0.174898 0 0.173803 0.127297 0.203042 0.172463 0.172119 0.142046 0 0.522898 0.535609 0.993954 0.139741 0.172844 0.154558
0.286949 0.44811 0.27182 1 0.224743 1 0.28714 0.328939 0.403043 0.00053462 0.227256 1 0.225927 0.330511 0.183246 0.224301 0.223883 0.288707 1 0.45395 0.448414 0.00604582 0.284631 0.224764 0.270023
0.14105 0.535304 0.155691 0 0.172827 0 0.141158 0.126621 0.586741 0.999475 0.174898 0 0.173803 0.127297 0.203042 0.172463 0.172119 0.142046 0 0.522898 0.535609 0.993954 0.139741 0.172844 0.154558
0.286949 0.44811 0.27182 1 0.224743 1 0.28714 0.328939 0.403043 0.00053462 0.227256 1 0.225927 0.330511 0.183246 0.224301 0.223883 0.288707 1 0.45395 0.448414 0.00604582 0.284631 0.224764 0.270023
0.14105 0.535304 0.155691 0 0.172827 0 0.141158 0.126621 0.586741 0.999475 0.174898 0 0.173803 0.127297 0.203042 0.172463 0.172119 0.142046 0 0.522898 0.535609 0.993954 0.139741 0.172844 0.154558
0.286949 0.44811 0.27182 1 0.224743 1 0.28714 0.328939 0.403043 0.00053462 0.227256 1 0.225927 0.330511 0.183246 0.224301 0.223883 0.288707 1 0.45395 0.448414 0.00604582 0.284631 0.224764 0.270023
0.14105 0.535304 0.155691 0 0.172827 0 0.141158 0.126621 0.586741 0.999475 0.174898 0 0.173803 0.127297 0.203042 0.172463 0.172119 0.142046 0 0.522898 0.535609 0.993954 0.139741 0.172844 0.154558
0.286949 0.44811 0.27182 1 0.224743 1 0.28714 0.328939 0.403043 0.00053462 0.227256 1 0.225927 0.330511 0.183246 0.224301 0.223883 0.288707 1 0.45395 0.448414 0.00604582 0.284631 0.224764 0.270023
0.14105 0.535304 0.155691 0 0.172827 0 0.141158 0.126621 0.586741 0.999475 0.174898 0 0.173803 0.127297 0.203042 0.172463 0.172119 0.142046 0 0.522898 0.535609 0.993954 0.139741 0.172844 0.154558
0.286949 0.44811 0.27182 1 0.224743 1 0.28714 0.328939 0.403043 0.00053462 0.227256 1 0.225927 0.330511 0.183246 0.224301 0.223883 0.288707 1 0.45395 0.448414 0.00604582 0.284631 0.224764 0.270023
0.14105 0.535304 0.155691 0 0.172827 0 0.141158 0.126621 0.586741 0.999475 0.174898 0 0.173803 0.127297 0.203042 0.172463 0.172119 0.142046 0 0.522898 0.535609 0.993954 0.139741 0.172844 0.154558
0.286949 0.44811 0.27182 1 0.224743 1 0.28714 0.328939 0.403043 0.00053462 0.227256 1 0.225927 0.330511 0.183246 0.224301 0.223883 0.288707 1 0.45395 0.448414 0.00604582 0.284631 0.224764 0.270023
0.14105 0.535304 0.155691 0 0.172827 0 0.141158 0.126621 0.586741 0.999475 0.174898 0 0.173803 0.127297 0.203042 0.172463 0.172119 0.142046 0 0.522898 0.535609 0.993954 0.139741 0.172844 0.154558
0.286949 0.44811 0.27182 1 0.224743 1 0.28714 0.328939 0.403043 0.00053462 0.227256 1 0.225927 0.330511 0.183246 0.224301 0.223883 0.288707 1 0.45395 0.448414 0.00604582 0.284631 0.224764 0.270023
0.14105 0.535304 0.155691 0 0.172827 0 0.141158 0.126621 0.586741 0.999475 0.174898 0 0.173803 0.127297 0.203042 0.172463 0.172119 0.142046 0 0.522898 0.535609 0.993954 0.139741 0.172844 0.154558
0.286949 0.44811 0.27182 1 0.224743 1 0.28714 0.328939 0.403043 0.00053462 0.227256 1 0.225927 0.330511 0.183246 0.224301 0.223883 0.288707 1 0.45395 0.448414 0.00604582 0.284631 0.224764 0.270023
0.14105 0.535304 0.155691 0 0.172827 0 0.141158 0.126621 0.586741 0.999475 0.174898 0 0.173803 0.127297 0.203042 0.172463 0.172119 0.142046 0 0.522898 0.535609 0.993954 0.139741 0.172844 0.154558
0.286949 0.44811 0.27182 1 0.224743 1 0.28714 0.328939 0.403043 0.00053462 0.227256 1 0.225927 0.330511 0.183246 0.224301 0.223883 0.288707 1 0.45395 0.448414 0.00604582 0.284631 0.224764 0.270023
0.14105 0.535304 0.155691 0 0.172827 0 0.141158 0.126621 0.586741 0.999475 0.174898 0 0.173803 0.127297 0.203042 0.172463 0.172119 0.142046 0 0.522898 0.535609 0.993954 0.139741 0.172844 0.154558
0.286949 0.44811 0.27182 1 0.224743 1 0.28714 0.328939 0.403043 0.00053462 0.227256 1 0.225927 0.330511 0.183246 0.224301 0.223883 0.288707 1 0.45395 0.448414 0.00604582 0.284631 0.224764 0.270023
0.14105 0.535304 0.155691 0 0.172827 0 0.141158 0.126621 0.586741 0.999475 0.174898 0 0.173803 0.127297 0.203042 0.172463 0.172119 0.142046 0 0.522898 0.535609 0.993954 0.139741 0.172844 0.154558
0.286949 0.44811 0.27182 1 0.224743 1 0.28714 0.328939 0.403043 0.00053462 0.227256 1 0.225927 0.330511 0.183246 0.224301 0.223883 0.288707 1 0.45395 0.448414 0.00604582 0.284631 0.224764 0.270023
0.14105 0.535304 0.155691 0 0.172827 0 0.141158 0.126621 0.586741 0.999475 0.174898 0 0.173803 0.127297 0.203042 0.172463 0.172119 0.142046 0 0.522898 0.535609 0.993954 0.139741 0.172844 0.154558
0.286949 0.44811 0.27182 1 0.224743 1 0.28714 0.328939 0.403043 0.00053462 0.227256 1 0.225927 0.330511 0.183246 0.224301 0.223883 0.288707 1 0.45395 0.448414 0.00604582 0.284631 0.224764 0.270023
0.14105 0.535304 0.155691 0 0.172827 0 0.141158 0.126621 0.586741 0.999475 0.174898 0 0.173803 0.127297 0.203042 0.172463 0.172119 0.142046 0 0.522898 0.535609 0.993954 0.139741 0.172844 0.154558
0.286949 0.44811 0.27182 1 0.224743 1 0.28714 0.328939 0.403043 0.00053462 0.227256 1 0.225927 0.330511 0.183246 0.224301 0.223883 0.288707 1 0.45395 0.448414 0.00604582 0.284631 0.224764 0.270023
0.14105 0.535304 0.155691 0 0.172827 0 0.141158 0.126621 0.586741 0.999475 0.174898 0 0.173803 0.127297 0.203042 0.172463 0.172119 0.142046 0 0.522898 0.535609 0.993954 0.139741 0.172844 0.154558
0.286949 0.44811 0.27182 1 0.224743 1 0.28714 0.328939 0.403043 0.00053462 0.227256 1 0.225927 0.330511 0.183246 0.224301 0.223883 0.288707 1 0.45395 0.448414 0.00604582 0.284631 0.224764 0.270023
0.14105 0.535304 0.155691 0 0.172827 0 0.141158 0.126621 0.586741 0.999475 0.174898 0 0.173803 0.127297 0.203042 0.172463 0.172119 0.142046 0 0.522898 0.535609 0.993954 0.139741 0.172844 0.154558
0.286949 0.44811 0.27182 1 0.224743 1 0.28714 0.328939 0.403043 0.00053462 0.227256 1 0.225927 0.330511 0.183246 0.224301 0.223883 0.288707 1 0.45395 0.448414 0.00604582 0.284631 0.224764 0.270023
0.14105 0.535304 0.155691 0 0.172827 0 0.141158 0.126621 0.586741 0.999475 0.174898 0 0.173803 0.127297 0.203042 0.172463 0.172119 0.142046 0 0.522898 0.535609 0.993954 0.139741 0.172844 0.154558
0.286949 0.44811 0.27182 1 0.224743 1 0.28714 0.328939 0.403043 0.00053462 0.227256 1 0.225927 0.330511 0.183246 0.224301 0.223883 0.288707 1 0.45395 0.448414 0.00604582 0.284631 0.224764 0.270023
0.14105 0.535304 0.155691 0 0.172827 0 0.141158 0.126621 0.586741 0.999475 0.174898 0 0.173803 0.127297 0.203042 0.172463 0.172119 0.142046 0 0.522898 0.535609 0.993954 0.139741 0.172844 0.154558
0.286949 0.44811 0.27182 1 0.224743 1 0.28714 0.328939 0.403043 0.00053462 0.227256 1 0.225927 0.330511 0.183246 0.224301 0.223883 0.288707 1 0.45395 0.448414 0.00604582 0.284631 0.224764 0.270023
0.14105 0.535304 0.155691 0 0.172827 0 0.141158 0.126621 0.586741 0.999475 0.174898 0 0.173803 0.127297 0.203042 0.172463 0.172119 0.142046 0 0.522898 0.535609 0.993954 0.139741 0.172844 0.154558
0.286949 0.44811 0.27182 1 0.224743 1 0.28714 0.328939 0.403043 0.00053462 0.227256 1 0.225927 0.330511 0.183246 0.224301 0.223883 0.288707 1 0.45395 0.448414 0.00604582 0.284631 0.224764 0.270023
0.14105 0.535304 0.155691 0 0.172827 0 0.141158 0.126621 0.586741 0.999475 0.174898 0 0.173803 0.127297 0.203042 0.172463 0.172119 0.142046 0 0.522898 0.535609 0.993954 0.139741 0.172844 0.154558
0.286949 0.44811 0.27182 1 0.224743 1 0.28714 0.328939 0.403043 0.00053462 0.227256 1 0.225927 0.330511 0.183246 0.224301 0.223883 0.288707 1 0.45395 0.448414 0.00604582 0.284631 0.224764 0.270023
0.14105 0.535304 0.155691 0 0.172827 0 0.141158 0.126621 0.586741 0.999475 0.174898 0 0.173803 0.127297 0.203042 0.172463 0.172119 0.142046 0 0.522898 0.535609 0.993954 0.139741 0.172844 0.154558
0.286949 0.44811 0.27182 1 0.224743 1 0.28714 0.328939 0.403043 0.00053462 0.227256 1 0.225927 0.330511 0.183246 0.224301 0.223883 0.288707 1 0.45395 0.448414 0.00604582 0.284631 0.224764 0.270023
0.14105 0.535304 0.155691 0 0.172827 0 0.141158 0.126621 0.586741 0.999475 0.174898 0 0.173803 0.127297 0.203042 0.172463 0.172119 0.142046 0 0.522898 0.535609 0.993954 0.139741 0.172844 0.154558
0.286949 0.44811 0.27182 1 0.224743 1 0.28714 0.328939 0.403043 0.00053462 0.227256 1 0.225927 0.330511 0.183246 0.224301 0.223883 0.288707 1 0.45395 0.448414 0.00604582 0.284631 0.224764 0.270023
0.14105 0.535304 0.155691 0 0.172827 0 0.141158 0.126621 0.586741 0.999475 0.174898 0 0.173803 0.127297 0.203042 0.172463 0.172119 0.142046 0 0.522898 0.535609 0.993954 0.139741 0.172844 0.154558
0.286949 0.44811 0.27182 1 0.224743 1 0.28714 0.328939 0.403043 0.00053462 0.227256 1 0.225927 0.330511 0.183246 0.224301 0.223883 0.288707 1 0.45395 0.448414 0.00604582 0.284631 0.224764 0.270023
0.14105 0.535304 0.155691 0 0.172827 0 0.141158 0.126621 0.586741 0.999475 0.174898 0 0.173803 0.127297 0.203042 0.172463 0.172119 0.142046 0 0.522898 0.535609 0.993954 0.139741 0.172844 0.154558
0.286949 0.44811 0.27182 1 0.224743 1 0.28714 0.328939 0.403043 0.00053462 0.227256 1 0.225927 0.330511 0.183246 0.224301 0.223883 0.288707 1 0.45395 0.448414 0.00604582 0.284631 0.224764 0.270023
0.14105 0.535304 0.155691 0 0.172827 0 0.141158 0.126621 0.586741 0.999475 0.174898 0 0.173803 0.127297 0.203042 0.172463 0.172119 0.142046 0 0.522898 0.535609 0.993954 0.139741 0.172844 0.154558
0.286949 0.44811 0.27182 1 0.224743 1 0.28714 0.328939 0.403043 0.00053462 0.227256 1 0.225927 0.330511 0.183246 0.224301 0.223883 0.288707 1 0.45395 0.448414 0.00604582 0.284631 0.224764 0.270023
0.14105 0.535304 0.155691 0 0.172827 0 0.141158 0.126621 0.586741 0.999475 0.174898 0 0.173803 0.127297 0.203042 0.172463 0.172119 0.142046 0 0.522898 0.535609 0.993954 0.139741 0.172844 0.154558
0.286949 0.44811 0.27182 1 0.224743 1 0.28714 0.328939 0.403043 0.00053462 0.227256 1 0.225927 0.330511 0.183246 0.224301 0.223883 0.288707 1 0.45395 0.448414 0.00604582 0.284631 0.224764 0.270023
0.14105 0.535304 0.155691 0 0.172827 0 0.141158 0.126621 0.586741 0.999475 0.174898 0 0.173803 0.127297 0.203042 0.172463 0.172119 0.142046 0 0.522898 0.535609 0.993954 0.139741 0.172844 0.154558
0.286949 0.44811 0.27182 1 0.224743 1 0.28714 0.328939 0.403043 0.00053462 0.227256 1 0.225927 0.330511 0.183246 0.224301 0.223883 0.288707 1 0.45395 0.448414 0.00604582 0.284631 0.224764 0.270023
0.14105 0.535304 0.155691 0 0.172827 0 0.141158 0.126621 0.586741 0.999475 0.174898 0 0.173803 0.127297 0.203042 0.172463 0.172119 0.142046 0 0.522898 0.535609 0.993954 0.139741 0.172844 0.154558
0.286949 0.44811 0.27182 1 0.224743 1 0.28714 0.328939 0.403043 0.00053462 0.227256 1 0.225927 0.330511 0.183246 0.224301 0.223883 0.288707 1 0.45395 0.448414 0.00604582 0.284631 0.224764 0.270023
0.14105 0.535304 0.155691 0 0.172827 0 0.141158 0.126621 0.586741 0.999475 0.174898 0 0.173803 0.127297 0.203042 0.172463 0.172119 0.142046 0 0.522898 0.535609 0.993954 0.139741 0.172844 0.154558
0.286949 0.44811 0.27182 1 0.224743 1 0.28714 0.328939 0.403043 0.00053462 0.227256 1 0.225927 0.330511 0.183246 0.224301 0.223883 0.288707 1 0.45395 0.448414 0.00604582 0.284631 0.224764 0.270023
0.14105 0.535304 0.155691 0 0.172827 0 0.141158 0.126621 0.586741 0.999475 0.174898 0 0.173803 0.127297 0.203042 0.172463 0.172119 0.142046 0 0.522898 0.535609 0.993954 0.139741 0.172844 0.154558
0.286949 0.44811 0.27182 1 0.224743 1 0.28714 0.328939 0.403043 0.00053462 0.227256 1 0.225927 0.330511 0.183246 0.224301 0.223883 0.288707 1 0.45395 0.448414 0.00604582 0.284631 0.224764 0.270023
0.14105 0.535304 0.155691 0 0.172827 0 0.141158 0.126621 0.586741 0.999475 0.174898 0 0.173803 0.127297 0.203042 0.172463 0.172119 0.142046 0 0.522898 0.535609 0.993954 0.139741 0.172844 0.154558
0.286949 0.44811 0.27182 1 0.224743 1 0.28714 0.328939 0.403043 0.00053462 0.227256 1 0.225927 0.330511 0.183246 0.224301 0.223883 0.288707 1 0.45395 0.448414 0.00604582 0.284631 0.224764 0.270023
0.14105 0.535304 0.155691 0 0.172827 0 0.141158 0.126621 0.586741 0.999475 0.174898 0 0.173803 0.127297 0.203042 0.172463 0.172119 0.142046 0 0.522898 0.535609 0.993954 0.139741 0.172844 0.154558
0.286949 0.44811 0.27182 1 0.224743 1 0.28714 0.328939 0.403043 0.00053462 0.227256 1 0.225927 0.330511 0.183246 0.224301 0.223883 0.288707 1 0.45395 0.448414 0.00604582 0.284631 0.224764 0.270023
0.14105 0.535304 0.155691 0 0.172827 0 0.141158 0.126621 0.586741 0.999475 0.174898 0 0.173803 0.127297 0.203042 0.172463 0.172119 0.142046 0 0.522898 0.535609 0.993954 0.139741 0.172844 0.154558
0.286949 0.44811 0.27182 1 0.224743 1 0.28714 0.328939 0.403043 0.00053462 0.227256 1 0.225927 0.330511 0.183246 0.224301 0.223883 0.288707 1 0.45395 0.448414 0.00604582 0.284631 0.224764 0.270023
0.14105 0.535304 0.155691 0 0.172827 0 0.141158 0.126621 0.586741 0.999475 0.174898 0 0.173803 0.127297 0.203042 0.172463 0.172119 0.142046 0 0.522898 0.535609 0.993954 0.139741 0.172844 0.154558
0.286949 0.44811 0.27182 1 0.224743 1 0.28714 0.328939 0.403043 0.00053462 0.227256 1 0.225927 0.330511 0.183246 0.224301 0.223883 0.288707 1 0.45395 0.448414 0.00604582 0.284631 0.224764 0.270023
0.14105 0.535304 0.155691 0 0.172827 0 0.141158 0.126621 0.586741 0.999475 0.174898 0 0.173803 0.127297 0.203042 0.172463 0.172119 0.142046 0 0.522898 0.535609 0.993954 0.139741 0.172844 0.154558
0.286949 0.44811 0.27182 1 0.224743 1 0.28714 0.328939 0.403043 0.00053462 0.227256 1 0.225927 0.330511 0.183246 0.224301 0.223883 0.288707 1 0.45395 0.448414 0.00604582 0.284631 0.224764 0.270023
0.14105 0.535304 0.155691 0 0.172827 0 0.141158 0.126621 0.586741 0.999475 0.174898 0 0.173803 0.127297 0.203042 0.172463 0.172119 0.142046 0 0.522898 0.535609 0.993954 0.139741 0.172844 0.154558
0.286949 0.44811 0.27182 1 0.224743 1 0.28714 0.328939 0.403043 0.00053462 0.227256 1 0.225927 0.330511 0.183246 0.224301 0.223883 0.288707 1 0.45395 0.448414 0.00604582 0.284631 0.224764 0.270023
0.14105 0.535304 0.155691 0 0.172827 0 0.141158 0.126621 0.586741 0.999475 0.174898 0 0.173803 0.127297 0.203042 0.172463 0.172119 0.142046 0 0.522898 0.535609 0.993954 0.139741 0.172844 0.154558
0.286949 0.44811 0.27182 1 0.224743 1 0.28714 0.328939 0.403043 0.00053462 0.227256 1 0.225927 0.330511 0.183246 0.224301 0.223883 0.288707 1 0.45395 0.448414 0.00604582 0.284631 0.224764 0.270023
0.14105 0.535304 0.155691 0 0.172827 0 0.141158 0.126621 0.586741 0.999475 0.174898 0 0.173803 0.127297 0.203042 0.172463 0.172119 0.142046 0 0.522898 0.535609 0.993954 0.139741 0.172844 0.154558
0.286949 0.44811 0.27182 1 0.224743 1 0.28714 0.328939 0.403043 0.00053462 0.227256 1 0.225927 0.330511 0.183246 0.224301 0.223883 0.288707 1 0.45395 0.448414 0.00604582 0.284631 0.224764 0.270023
0.14105 0.535304 0.155691 0 0.172827 0 0.141158 0.126621 0.586741 0.999475 0.174898 0 0.173803 0.127297 0.203042 0.172463 0.172119 0.142046 0 0.522898 0.535609 0.993954 0.139741 0.172844 0.154558
0.286949 0.44811 0.27182 1 0.224743 1 0.28714 0.328939 0.403043 0.00053462 0.227256 1 0.225927 0.330511 0.183246 0.224301 0.223883 0.288707 1 0.45395 0.448414 0.00604582 0.284631 0.224764 0.270023
0.14105 0.535304 0.155691 0 0.172827 0 0.141158 0.126621 0.586741 0.999475 0.174898 0 0.173803 0.127297 0.203042 0.172463 0.172119 0.142046 0 0.522898 0.535609 0.993954 0.139741 0.172844 0.154558
0.286949 0.44811 0.27182 1 0.224743 1 0.28714 0.328939 0.403043 0.00053462 0.227256 1 0.225927 0.330511 0.183246 0.224301 0.223883 0.288707 1 0.45395 0.448414 0.00604582 0.284631 0.224764 0.270023
0.14105 0.535304 0.155691 0 0.172827 0 0.141158 0.126621 0.586741 0.999475 0.174898 0 0.173803 0.127297 0.203042 0.172463 0.172119 0.142046 0 0.522898 0.535609 0.993954 0.139741 0.172844 0.154558
0.286949 0.44811 0.27182 1 0.224743 1 0.28714 0.328939 0.403043 0.00053462 0.227256 1 0.225927 0.330511 0.183246 0.224301 0.223883 0.288707 1 0.45395 0.448414 0.00604582 0.284631 0.224764 0.270023
0.14105 0.535304 0.155691 0 0.172827 0 0.141158 0.126621 0.586741 0.999475 0.174898 0 0.173803 0.127297 0.203042 0.172463 0.172119 0.142046 0 0.522898 0.535609 0.993954 0.139741 0.172844 0.154558
0.286949 0.44811 0.27182 1 0.224743 1 0.28714 0.328939 0.403043 0.00053462 0.227256 1 0.225927 0.330511 0.183246 0.224301 0.223883 0.288707 1 0.45395 0.448414 0.00604582 0.284631 0.224764 0.270023
0.14105 0.535304 0.155691 0 0.172827 0 0.141158 0.126621 0.586741 0.999475 0.174898 0 0.173803 0.127297 0.203042 0.172463 0.172119 0.142046 0 0.522898 0.535609 0.993954 0.139741 0.172844 0.154558
0.286949 0.44811 0.27182 1 0.224743 1 0.28714 0.328939 0.403043 0.00053462 0.227256 1 0.225927 0.330511 0.183246 0.224301 0.223883 0.288707 1 0.45395 0.448414 0.00604582 0.284631 0.224764 0.270023
0.14105 0.535304 0.155691 0 0.172827 0 0.141158 0.126621 0.586741 0.999475 0.174898 0 0.173803 0.127297 0.203042 0.172463 0.172119 0.142046 0 0.522898 0.535609 0.993954 0.139741 0.172844 0.154558
0.286949 0.44811 0.27182 1 0.224743 1 0.28714 0.328939 0.403043 0.00053462 0.227256 1 0.225927 0.330511 0.183246 0.224301 0.223883 0.288707 1 0.45395 0.448414 0.00604582 0.284631 0.224764 0.270023
0.14105 0.535304 0.155691 0 0.172827 0 0.141158 0.126621 0.586741 0.999475 0.174898 0 0.173803 0.127297 0.203042 0.172463 0.172119 0.142046 0 0.522898 0.535609 0.993954 0.139741 0.172844 0.154558
0.286949 0.44811 0.27182 1 0.224743 1 0.28714 0.328939 0.403043 0.00053462 0.227256 1 0.225927 0.330511 0.183246 0.224301 0.223883 0.288707 1 0.45395 0.448414 0.00604582 0.284631 0.224764 0.270023
0.14105 0.535304 0.155691 0 0.172827 0 0.141158 0.126621 0.586741 0.999475 0.174898 0 0.173803 0.127297 0.203042 0.172463 0.172119 0.142046 0 0.522898 0.535609 0.993954 0.139741 0.172844 0.154558
0.286949 0.44811 0.27182 1 0.224743 1 0.28714 0.328939 0.403043 0.00053462 0.227256 1 0.225927 0.330511 0.183246 0.224301 0.223883 0.288707 1 0.45395 0.448414 0.00604582 0.284631 0.224764 0.270023
0.14105 0.535304 0.155691 0 0.172827 0 0.141158 0.126621 0.586741 0.999475 0.174898 0 0.173803 0.127297 0.203042 0.172463 0.172119 0.142046 0 0.522898 0.535609 0.993954 0.139741 0.172844 0.154558
0.286949 0.44811 0.27182 1 0.224743 1 0.28714 0.328939 0.403043 0.00053462 0.227256 1 0.225927 0.330511 0.183246 0.224301 0.223883 0.288707 1 0.45395 0.448414 0.00604582 0.284631 0.224764 0.270023
0.14105 0.535304 0.155691 0 0.172827 0 0.141158 0.126621 0.586741 0.999475 0.174898 0 0.173803 0.127297 0.203042 0.172463 0.172119 0.142046 0 0.522898 0.535609 0.993954 0.139741 0.172844 0.154558
0.286949 0.44811 0.27182 1 0.224743 1 0.28714 0.328939 0.403043 0.00053462 0.227256 1 0.225927 0.330511 0.183246 0.224301 0.223883 0.288707 1 0.45395 0.448414 0.00604582 0.284631 0.224764 0.270023
0.14105 0.535304 0.155691 0 0.172827 0 0.141158 0.126621 0.586741 0.999475 0.174898 0 0.173803 0.127297 0.203042 0.172463 0.172119 0.142046 0 0.522898 0.535609 0.993954 0.139741 0.172844 0.154558
0.286949 0.44811 0.27182 1 0.224743 1 0.28714 0.328939 0.403043 0.00053462 0.227256 1 0.225927 0.330511 0.183246 0.224301 0.223883 0.288707 1 0.45395 0.448414 0.00604582 0.284631 0.224764 0.270023
0.14105 0.535304 0.155691 0 0.172827 0 0.141158 0.126621 0.586741 0.999475 0.174898 0 0.173803 0.127297 0.203042 0.172463 0.172119 0.142046 0 0.522898 0.535609 0.993954 0.139741 0.172844 0.154558
0.286949 0.44811 0.27182 1 0.224743 1 0.28714 0.328939 0.403043 0.00053462 0.227256 1 0.225927 0.330511 0.183246 0.224301 0.223883 0.288707 1 0.45395 0.448414 0.00604582 0.284631 0.224764 0.270023
0.14105 0.535304 0.155691 0 0.172827 0 0.141158 0.126621 0.586741 0.999475 0.174898 0 0.173803 0.127297 0.203042 0.172463 0.172119 0.142046 0 0.522898 0.535609 0.993954 0.139741 0.172844 0.154558
0.286949 0.44811 0.27182 1 0.224743 1 0.28714 0.328939 0.403043 0.00053462 0.227256 1 0.225927 0.330511 0.183246 0.224301 0.223883 0.288707 1 0.45395 0.448414 0.00604582 0.284631 0.224764 0.270023
0.14105 0.535304 0.155691 0 0.172827 0 0.141158 0.126621 0.586741 0.999475 0.174898 0 0.173803 0.127297 0.203042 0.172463 0.172119 0.142046 0 0.522898 0.535609 0.993954 0.139741 0.172844 0.154558
0.286949 0.44811 0.27182 1 0.224743 1 0.28714 0.328939 0.403043 0.00053462 0.227256 1 0.225927 0.330511 0.183246 0.224301 0.223883 0.288707 1 0.45395 0.448414 0.00604582 0.284631 0.224764 0.270023
