0.281412 0.292636 0.300438 0.228435 0.165402 0.230042 0.281569 0.250736 0.294242 0.472821 0.166851 0.229712 0.166085 0.251968 0.154311 0.165147 0.164906 0.28286 0.381086 0.290998 0.292961 0.438701 0.279502 0.165414 0.298781
0.344602 0.353309 0.368892 0.725328 0.22277 0.72475 0.344799 0.31709 0.435443 0.500315 0.225078 0.724869 0.223858 0.318486 0.268106 0.222363 0.221979 0.346418 0.441743 0.351273 0.353712 0.515475 0.342204 0.222789 0.366923
0.237706 0.307731 0.241027 0.231393 0.17491 0.233708 0.237864 0.221198 0.339282 0.64529 0.176956 0.233232 0.175874 0.222264 0.190221 0.17455 0.174209 0.239162 0.342472 0.305832 0.308108 0.616245 0.235787 0.174927 0.239504
0.315345 0.347928 0.337274 0.779697 0.222882 0.778317 0.315539 0.289065 0.414042 0.360999 0.225366 0.778601 0.224053 0.290419 0.269314 0.222445 0.222031 0.317127 0.465425 0.345885 0.348333 0.377953 0.312993 0.222903 0.335334
0.215483 0.33102 0.217565 0.176755 0.181589 0.179631 0.215632 0.198397 0.370049 0.756963 0.183738 0.179038 0.182601 0.199396 0.192625 0.181211 0.180854 0.216854 0.352096 0.329041 0.331413 0.727901 0.213676 0.181607 0.216134
0.309552 0.36045 0.335087 0.852364 0.224763 0.850293 0.309745 0.278296 0.415352 0.246668 0.227277 0.85072 0.225948 0.279644 0.281485 0.22432 0.223902 0.311332 0.490781 0.358384 0.36086 0.265551 0.307203 0.224784 0.333131
0.197264 0.350841 0.197641 0.104938 0.180965 0.107797 0.197403 0.180294 0.389019 0.840307 0.183111 0.107205 0.181976 0.181229 0.187872 0.180587 0.18023 0.198551 0.358196 0.34881 0.351243 0.813628 0.195568 0.180982 0.196306
0.312664 0.376142 0.340627 0.924553 0.227844 0.92252 0.31286 0.276901 0.4239 0.157988 0.230383 0.922942 0.229041 0.278265 0.294055 0.227397 0.226974 0.314466 0.516815 0.374048 0.376558 0.176514 0.310286 0.227865 0.338637
0.182606 0.366491 0.181293 0.0446062 0.177871 0.0465569 0.182737 0.166451 0.401154 0.899261 0.17999 0.0461496 0.178869 0.167329 0.180671 0.177498 0.177146 0.18382 0.358652 0.364427 0.366901 0.877387 0.181007 0.177888 0.180045
0.316794 0.390166 0.345158 0.97394 0.230658 0.972755 0.316992 0.278357 0.433115 0.0987302 0.233218 0.973003 0.231864 0.279742 0.302378 0.230207 0.22978 0.318618 0.537939 0.388048 0.390585 0.114795 0.314385 0.230678 0.343139
0.172969 0.379159 0.170459 0.0119368 0.175226 0.0127207 0.173095 0.157804 0.41012 0.935255 0.17732 0.0125554 0.176212 0.158644 0.174762 0.174857 0.174509 0.174132 0.358477 0.377071 0.379573 0.918306 0.171438 0.175243 0.169271
0.317647 0.400729 0.344983 0.99478 0.231822 0.994413 0.317847 0.278611 0.439973 0.0649975 0.23439 0.994491 0.233032 0.280007 0.304987 0.231369 0.230941 0.319482 0.550789 0.398596 0.401152 0.0782741 0.315227 0.231842 0.342953
0.167954 0.390104 0.16468 0.0016987 0.174225 0.00185931 0.168077 0.153794 0.418294 0.954645 0.17631 0.00182508 0.175207 0.154616 0.171356 0.173858 0.173511 0.169091 0.360713 0.387997 0.390522 0.94124 0.166458 0.174242 0.163525
0.315511 0.408495 0.341415 0.9995 0.231494 0.999449 0.31571 0.277254 0.44437 0.0473945 0.23406 0.99946 0.232703 0.278651 0.303664 0.231042 0.230614 0.317342 0.556961 0.406353 0.40892 0.0585863 0.313094 0.231515 0.33939
0.165364 0.399478 0.16154 0.000102252 0.174297 0.000116071 0.165486 0.152341 0.425809 0.964679 0.176383 0.000113083 0.17528 0.153157 0.16942 0.17393 0.173584 0.166487 0.364368 0.397355 0.399899 0.953465 0.163885 0.174314 0.1604
0.312578 0.414822 0.337271 0.999983 0.23073 0.99998 0.312777 0.275687 0.447656 0.03816 0.233291 0.999981 0.231937 0.277081 0.301062 0.23028 0.229853 0.314403 0.56017 0.412673 0.415249 0.0479811 0.310171 0.230751 0.335254
0.163555 0.407144 0.159314 1.86443e-06 0.174553 2.22776e-06 0.163676 0.151771 0.432024 0.970052 0.176641 2.14763e-06 0.175537 0.152586 0.167876 0.174186 0.173838 0.16467 0.367668 0.40501 0.407567 0.96017 0.162088 0.17457 0.158186
0.309953 0.420253 0.33374 1 0.2301 1 0.310151 0.274614 0.450585 0.0330367 0.232655 1 0.231304 0.276005 0.298466 0.22965 0.229224 0.31177 0.562471 0.418098 0.420681 0.0419677 0.307555 0.23012 0.33173
0.162053 0.413325 0.157517 6.32185e-09 0.174707 8.1233e-09 0.162173 0.151486 0.436909 0.973097 0.176796 7.7149e-09 0.175691 0.1523 0.16645 0.174339 0.173991 0.163161 0.370133 0.411182 0.413749 0.964043 0.160596 0.174724 0.156398
0.307775 0.424864 0.330887 1 0.229644 1 0.307972 0.27399 0.453215 0.0300283 0.232196 1 0.230847 0.27538 0.296144 0.229195 0.22877 0.309587 0.564354 0.422703 0.425292 0.0383772 0.305385 0.229665 0.328884
0.160794 0.418327 0.156053 1.982e-12 0.174776 2.82326e-12 0.160913 0.151345 0.44076 0.974898 0.176866 2.62506e-12 0.175761 0.152159 0.165164 0.174409 0.174061 0.161895 0.371926 0.416178 0.418753 0.966371 0.159345 0.174793 0.154941
0.305985 0.42872 0.328585 1 0.229308 1 0.306181 0.273651 0.455498 0.0281864 0.231857 1 0.230509 0.27504 0.294123 0.228859 0.228434 0.307792 0.565909 0.426556 0.429149 0.0361527 0.303601 0.229329 0.326587
0.159748 0.422388 0.154863 2.12822e-17 0.174802 3.50859e-17 0.159867 0.151291 0.443828 0.975995 0.176892 3.16565e-17 0.175786 0.152105 0.164039 0.174434 0.174086 0.160844 0.373245 0.420234 0.422815 0.967807 0.158306 0.174819 0.153757
0.304519 0.431918 0.326724 1 0.229052 1 0.304714 0.273483 0.457435 0.0270247 0.2316 1 0.230253 0.274871 0.292392 0.228604 0.22818 0.306322 0.567186 0.42975 0.432347 0.0347385 0.30214 0.229073 0.32473
0.158887 0.425691 0.153896 1.9124e-24 0.174804 3.87872e-24 0.159006 0.151286 0.446291 0.976674 0.176894 3.35353e-24 0.175789 0.1521 0.163075 0.174436 0.174089 0.159979 0.37423 0.423533 0.426118 0.968707 0.157451 0.174821 0.152796
0.30332 0.434557 0.325216 1 0.228855 1 0.303515 0.273414 0.459057 0.0262756 0.2314 1 0.230054 0.274802 0.290927 0.228406 0.227983 0.305119 0.568231 0.432387 0.434987 0.0338226 0.300945 0.228875 0.323226
0.158181 0.428378 0.153111 1.94874e-34 0.174795 5.30244e-34 0.158299 0.151309 0.448277 0.977099 0.176885 4.31552e-34 0.17578 0.152122 0.162259 0.174428 0.17408 0.159269 0.374975 0.426217 0.428806 0.969275 0.156749 0.174812 0.152014
0.302341 0.436727 0.323992 1 0.2287 1 0.302536 0.273401 0.460405 0.0257842 0.231244 1 0.229899 0.274789 0.289699 0.228252 0.227828 0.304138 0.569084 0.434556 0.437158 0.033221 0.29997 0.22872 0.322005
0.157603 0.430566 0.152472 1.32303e-48 0.174782 5.46062e-48 0.157721 0.151343 0.449882 0.977365 0.176872 4.07915e-48 0.175766 0.152157 0.161575 0.174414 0.174067 0.158688 0.375546 0.428403 0.430994 0.969636 0.156175 0.174799 0.151379
0.301542 0.438508 0.322999 1 0.228577 1 0.301737 0.273418 0.46152 0.025457 0.231121 1 0.229776 0.274806 0.288676 0.228129 0.227706 0.303337 0.56978 0.436335 0.438939 0.0328214 0.299174 0.228598 0.321014
0.157131 0.432347 0.151953 1.07512e-68 0.174766 8.01157e-68 0.157248 0.151382 0.451182 0.977533 0.176856 5.29972e-68 0.175751 0.152196 0.161007 0.174399 0.174051 0.158213 0.375989 0.430182 0.432776 0.969864 0.155706 0.174783 0.150862
0.300891 0.439968 0.322192 1 0.22848 1 0.301086 0.273449 0.462438 0.0252363 0.231023 1 0.229678 0.274837 0.287828 0.228032 0.227609 0.302684 0.570348 0.437793 0.440399 0.0325533 0.298525 0.228501 0.320209
0.156746 0.433798 0.15153 3.50115e-97 0.174751 6.02978e-96 0.156863 0.15142 0.452237 0.977637 0.176841 3.35722e-96 0.175735 0.152234 0.160536 0.174384 0.174036 0.157826 0.376335 0.431632 0.434227 0.970008 0.155324 0.174768 0.150441
0.30036 0.441162 0.321535 1 0.228402 1 0.300555 0.273485 0.463193 0.0250856 0.230944 1 0.2296 0.274873 0.287129 0.227954 0.227531 0.302152 0.570812 0.438986 0.441593 0.0323718 0.297996 0.228423 0.319554
0.156431 0.43498 0.151185 1.41253e-137 0.174737 7.97988e-136 0.156548 0.151455 0.453093 0.977703 0.176827 3.47958e-136 0.175721 0.152269 0.160147 0.17437 0.174022 0.15751 0.376607 0.432812 0.435409 0.970098 0.155011 0.174754 0.150099
0.299928 0.442138 0.321001 1 0.228339 1 0.300122 0.273521 0.463811 0.0249812 0.230881 1 0.229537 0.274909 0.286554 0.227892 0.227469 0.301718 0.57119 0.439962 0.44257 0.0322478 0.297565 0.22836 0.319021
0.156175 0.435942 0.150905 7.44647e-195 0.174725 2.26722e-192 0.156292 0.151486 0.453789 0.977743 0.176814 6.99054e-193 0.175709 0.1523 0.159828 0.174357 0.17401 0.157253 0.376823 0.433773 0.436372 0.970154 0.154757 0.174742 0.14982
0.299575 0.442936 0.320567 1 0.228289 1 0.29977 0.273555 0.464318 0.0249081 0.23083 1 0.229487 0.274943 0.286083 0.227842 0.227418 0.301365 0.571498 0.440759 0.443367 0.0321623 0.297214 0.22831 0.318588
0.155966 0.436726 0.150677 4.49737e-276 0.174714 1.49217e-272 0.156083 0.151512 0.454354 0.977767 0.176803 2.81455e-273 0.175698 0.152327 0.159567 0.174346 0.173999 0.157043 0.376996 0.434557 0.437156 0.970188 0.15455 0.174731 0.149593
0.299288 0.443587 0.320213 1 0.228248 1 0.299482 0.273585 0.464733 0.0248561 0.230789 1 0.229446 0.274973 0.285697 0.227801 0.227378 0.301077 0.57175 0.441409 0.444018 0.0321028 0.296928 0.228269 0.318235
0.155796 0.437364 0.150491 0 0.174704 0 0.155913 0.151535 0.454814 0.977781 0.176793 0 0.175688 0.15235 0.159352 0.174337 0.173989 0.156872 0.377134 0.435194 0.437794 0.970208 0.154381 0.174721 0.149408
0.299054 0.444118 0.319925 1 0.228216 1 0.299248 0.273611 0.465072 0.0248186 0.230756 1 0.229413 0.275 0.285381 0.227768 0.227345 0.300842 0.571955 0.44194 0.44455 0.0320609 0.296695 0.228236 0.317948
0.155658 0.437884 0.15034 0 0.174696 0 0.155774 0.151554 0.455188 0.97779 0.176785 0 0.17568 0.152369 0.159177 0.174329 0.173982 0.156733 0.377245 0.435714 0.438314 0.97022 0.154243 0.174713 0.149257
0.298864 0.444551 0.319691 1 0.228189 1 0.299058 0.273634 0.465349 0.0247913 0.230729 1 0.229386 0.275022 0.285122 0.227742 0.227319 0.300651 0.572123 0.442373 0.444983 0.0320311 0.296506 0.22821 0.317715
0.155545 0.438308 0.150216 0 0.17469 0 0.155662 0.15157 0.455492 0.977794 0.176779 0 0.175674 0.152385 0.159034 0.174322 0.173975 0.15662 0.377334 0.436137 0.438738 0.970226 0.154131 0.174707 0.149135
0.298708 0.444905 0.319501 1 0.228167 1 0.298903 0.273653 0.465575 0.0247711 0.230708 1 0.229365 0.275041 0.284912 0.22772 0.227297 0.300496 0.572259 0.442726 0.445336 0.0320097 0.296351 0.228188 0.317524
0.155453 0.438653 0.150116 0 0.174684 0 0.15557 0.151584 0.45574 0.977796 0.176773 0 0.175668 0.152399 0.158917 0.174317 0.173969 0.156527 0.377406 0.436482 0.439083 0.970228 0.15404 0.174701 0.149035
0.298582 0.445193 0.319345 1 0.22815 1 0.298776 0.273669 0.465759 0.0247559 0.23069 1 0.229347 0.275057 0.28474 0.227703 0.22728 0.300369 0.57237 0.443014 0.445625 0.0319941 0.296225 0.228171 0.31737
0.155378 0.438934 0.150034 0 0.17468 0 0.155495 0.151594 0.455941 0.977797 0.176768 0 0.175664 0.152409 0.158821 0.174312 0.173965 0.156452 0.377465 0.436763 0.439364 0.970229 0.153965 0.174697 0.148953
0.298479 0.445428 0.319219 1 0.228136 1 0.298673 0.273682 0.465909 0.0247444 0.230676 1 0.229333 0.275071 0.284599 0.227688 0.227266 0.300266 0.572461 0.443249 0.445859 0.0319826 0.296122 0.228156 0.317244
0.155317 0.439163 0.149968 0 0.174676 0 0.155434 0.151603 0.456105 0.977797 0.176765 0 0.17566 0.152418 0.158744 0.174308 0.173961 0.156391 0.377512 0.436991 0.439593 0.970229 0.153905 0.174693 0.148887
0.298395 0.445619 0.319116 1 0.228124 1 0.298589 0.273693 0.466032 0.0247356 0.230664 1 0.229321 0.275082 0.284485 0.227677 0.227254 0.300181 0.572535 0.44344 0.446051 0.031974 0.296039 0.228145 0.317141
0.155267 0.439349 0.149913 0 0.174673 0 0.155384 0.151611 0.456239 0.977797 0.176761 0 0.175657 0.152426 0.15868 0.174305 0.173958 0.156341 0.377551 0.437177 0.43978 0.970228 0.153855 0.17469 0.148833
0.298327 0.445775 0.319032 1 0.228115 1 0.298521 0.273702 0.466132 0.0247288 0.230655 1 0.229312 0.275091 0.284392 0.227668 0.227245 0.300113 0.572595 0.443596 0.446207 0.0319676 0.295971 0.228136 0.317057
0.155227 0.439501 0.149869 0 0.17467 0 0.155343 0.151617 0.456347 0.977796 0.176759 0 0.175654 0.152432 0.158629 0.174303 0.173955 0.1563 0.377582 0.437329 0.439931 0.970227 0.153815 0.174687 0.148789
0.298271 0.445902 0.318964 1 0.228107 1 0.298465 0.273709 0.466213 0.0247234 0.230647 1 0.229304 0.275098 0.284316 0.22766 0.227237 0.300057 0.572644 0.443723 0.446334 0.0319627 0.295915 0.228128 0.316989
0.155194 0.439625 0.149833 0 0.174668 0 0.15531 0.151622 0.456436 0.977795 0.176757 0 0.175652 0.152437 0.158586 0.174301 0.173953 0.156267 0.377607 0.437453 0.440055 0.970226 0.153782 0.174685 0.148754
0.298226 0.446006 0.318909 1 0.228101 1 0.29842 0.273715 0.46628 0.0247192 0.230641 1 0.229298 0.275104 0.284254 0.227654 0.227231 0.300012 0.572684 0.443826 0.446438 0.0319589 0.29587 0.228122 0.316934
0.155167 0.439725 0.149804 0 0.174666 0 0.155284 0.151626 0.456508 0.977795 0.176755 0 0.17565 0.152441 0.158552 0.174299 0.173952 0.15624 0.377628 0.437553 0.440156 0.970225 0.153756 0.174683 0.148724
0.298189 0.44609 0.318863 1 0.228096 1 0.298383 0.27372 0.466334 0.0247159 0.230636 1 0.229293 0.275109 0.284204 0.227649 0.227226 0.299975 0.572717 0.443911 0.446522 0.031956 0.295833 0.228117 0.316889
0.155145 0.439807 0.14978 0 0.174665 0 0.155262 0.151629 0.456567 0.977794 0.176754 0 0.175649 0.152444 0.158524 0.174297 0.17395 0.156218 0.377645 0.437635 0.440238 0.970224 0.153734 0.174682 0.148701
0.298159 0.446159 0.318826 1 0.228092 1 0.298353 0.273724 0.466378 0.0247133 0.230631 1 0.229289 0.275113 0.284163 0.227645 0.227222 0.299944 0.572744 0.443979 0.446591 0.0319537 0.295803 0.228113 0.316852
0.155127 0.439874 0.149761 0 0.174664 0 0.155244 0.151631 0.456615 0.977794 0.176752 0 0.175648 0.152447 0.158501 0.174296 0.173949 0.1562 0.377659 0.437702 0.440305 0.970223 0.153716 0.174681 0.148681
0.298134 0.446215 0.318796 1 0.228089 1 0.298328 0.273728 0.466414 0.0247111 0.230628 1 0.229285 0.275116 0.284129 0.227641 0.227219 0.29992 0.572765 0.444035 0.446647 0.0319519 0.295779 0.228109 0.316822
0.155113 0.439928 0.149745 0 0.174663 0 0.155229 0.151634 0.456654 0.977793 0.176751 0 0.175647 0.152449 0.158483 0.174295 0.173948 0.156185 0.37767 0.437756 0.440359 0.970222 0.153702 0.17468 0.148666
0.298114 0.44626 0.318772 1 0.228086 1 0.298308 0.273731 0.466443 0.0247094 0.230625 1 0.229283 0.275119 0.284102 0.227639 0.227216 0.2999 0.572783 0.444081 0.446692 0.0319505 0.295759 0.228107 0.316798
0.155101 0.439973 0.149732 0 0.174662 0 0.155218 0.151635 0.456685 0.977793 0.176751 0 0.175646 0.152451 0.158468 0.174295 0.173947 0.156174 0.377679 0.437801 0.440403 0.970222 0.15369 0.174679 0.148653
0.298098 0.446297 0.318752 1 0.228084 1 0.298292 0.273733 0.466467 0.0247081 0.230623 1 0.22928 0.275121 0.28408 0.227636 0.227214 0.299884 0.572797 0.444118 0.446729 0.0319494 0.295743 0.228104 0.316778
0.155092 0.440009 0.149721 0 0.174661 0 0.155208 0.151637 0.456711 0.977793 0.17675 0 0.175645 0.152452 0.158455 0.174294 0.173947 0.156164 0.377686 0.437837 0.440439 0.970221 0.153681 0.174678 0.148642
0.298085 0.446328 0.318736 1 0.228082 1 0.298279 0.273735 0.466486 0.024707 0.230621 1 0.229279 0.275123 0.284062 0.227635 0.227212 0.29987 0.572809 0.444148 0.44676 0.0319485 0.29573 0.228103 0.316762
0.155084 0.440038 0.149713 0 0.174661 0 0.1552 0.151638 0.456732 0.977792 0.176749 0 0.175645 0.152453 0.158445 0.174293 0.173946 0.156156 0.377692 0.437866 0.440469 0.970221 0.153673 0.174678 0.148634
0.298074 0.446352 0.318723 1 0.22808 1 0.298268 0.273736 0.466502 0.0247061 0.23062 1 0.229277 0.275125 0.284047 0.227633 0.22721 0.29986 0.572819 0.444173 0.446784 0.0319478 0.295719 0.228101 0.316748
0.155077 0.440062 0.149706 0 0.17466 0 0.155194 0.151639 0.456749 0.977792 0.176749 0 0.175644 0.152454 0.158437 0.174293 0.173946 0.15615 0.377697 0.43789 0.440493 0.97022 0.153666 0.174677 0.148627
0.298065 0.446372 0.318712 1 0.228079 1 0.298259 0.273737 0.466515 0.0247054 0.230619 1 0.229276 0.275126 0.284035 0.227632 0.227209 0.299851 0.572826 0.444193 0.446804 0.0319472 0.29571 0.2281 0.316738
0.155072 0.440082 0.1497 0 0.17466 0 0.155188 0.15164 0.456763 0.977792 0.176749 0 0.175644 0.152455 0.158431 0.174293 0.173945 0.156144 0.377701 0.437909 0.440512 0.97022 0.153661 0.174677 0.148621
0.298058 0.446389 0.318703 1 0.228078 1 0.298252 0.273738 0.466525 0.0247048 0.230618 1 0.229275 0.275127 0.284025 0.227631 0.227208 0.299844 0.572833 0.444209 0.446821 0.0319467 0.295703 0.228099 0.316729
0.155068 0.440098 0.149695 0 0.17466 0 0.155184 0.15164 0.456775 0.977792 0.176748 0 0.175644 0.152456 0.158425 0.174292 0.173945 0.15614 0.377704 0.437925 0.440528 0.97022 0.153657 0.174677 0.148617
0.298052 0.446402 0.318696 1 0.228077 1 0.298246 0.273739 0.466534 0.0247043 0.230617 1 0.229274 0.275128 0.284017 0.22763 0.227207 0.299838 0.572838 0.444222 0.446834 0.0319464 0.295697 0.228098 0.316722
0.155064 0.440111 0.149692 0 0.17466 0 0.155181 0.151641 0.456784 0.977792 0.176748 0 0.175643 0.152456 0.158421 0.174292 0.173945 0.156137 0.377707 0.437938 0.440541 0.970219 0.153654 0.174677 0.148613
0.298048 0.446413 0.31869 1 0.228077 1 0.298242 0.27374 0.466541 0.0247039 0.230616 1 0.229273 0.275128 0.284011 0.22763 0.227207 0.299833 0.572842 0.444233 0.446845 0.0319461 0.295693 0.228097 0.316716
0.155062 0.440121 0.149689 0 0.174659 0 0.155178 0.151641 0.456791 0.977792 0.176748 0 0.175643 0.152457 0.158417 0.174292 0.173945 0.156134 0.377709 0.437949 0.440552 0.970219 0.153651 0.174676 0.14861
0.298044 0.446422 0.318686 1 0.228076 1 0.298238 0.27374 0.466547 0.0247036 0.230616 1 0.229273 0.275129 0.284005 0.227629 0.227206 0.299829 0.572845 0.444242 0.446854 0.0319458 0.295689 0.228097 0.316711
0.155059 0.44013 0.149686 0 0.174659 0 0.155176 0.151642 0.456797 0.977792 0.176748 0 0.175643 0.152457 0.158414 0.174292 0.173945 0.156132 0.377711 0.437957 0.44056 0.970219 0.153649 0.174676 0.148607
0.298041 0.446429 0.318682 1 0.228076 1 0.298235 0.273741 0.466551 0.0247034 0.230615 1 0.229273 0.275129 0.284001 0.227629 0.227206 0.299826 0.572848 0.444249 0.446861 0.0319456 0.295686 0.228096 0.316708
0.155058 0.440137 0.149684 0 0.174659 0 0.155174 0.151642 0.456802 0.977791 0.176748 0 0.175643 0.152457 0.158412 0.174292 0.173944 0.15613 0.377712 0.437964 0.440567 0.970219 0.153647 0.174676 0.148605
0.298038 0.446435 0.318679 1 0.228075 1 0.298232 0.273741 0.466555 0.0247031 0.230615 1 0.229272 0.27513 0.283998 0.227628 0.227205 0.299823 0.57285 0.444255 0.446867 0.0319455 0.295683 0.228096 0.316704
0.155056 0.440142 0.149682 0 0.174659 0 0.155172 0.151642 0.456807 0.977791 0.176748 0 0.175643 0.152457 0.15841 0.174292 0.173944 0.156128 0.377713 0.43797 0.440573 0.970219 0.153645 0.174676 0.148604
0.298036 0.446439 0.318676 1 0.228075 1 0.29823 0.273741 0.466558 0.024703 0.230615 1 0.229272 0.27513 0.283995 0.227628 0.227205 0.299821 0.572852 0.44426 0.446871 0.0319453 0.295681 0.228096 0.316702
0.155055 0.440147 0.149681 0 0.174659 0 0.155171 0.151642 0.45681 0.977791 0.176748 0 0.175643 0.152458 0.158408 0.174292 0.173944 0.156127 0.377714 0.437975 0.440578 0.970219 0.153644 0.174676 0.148602
0.298034 0.446443 0.318674 1 0.228075 1 0.298228 0.273741 0.466561 0.0247028 0.230614 1 0.229272 0.27513 0.283993 0.227628 0.227205 0.29982 0.572854 0.444264 0.446875 0.0319452 0.295679 0.228096 0.3167
0.155054 0.440151 0.14968 0 0.174659 0 0.15517 0.151642 0.456813 0.977791 0.176747 0 0.175643 0.152458 0.158407 0.174291 0.173944 0.156126 0.377715 0.437978 0.440581 0.970219 0.153643 0.174676 0.148601
0.298033 0.446446 0.318672 1 0.228075 1 0.298227 0.273742 0.466563 0.0247027 0.230614 1 0.229271 0.27513 0.283991 0.227628 0.227205 0.299818 0.572855 0.444267 0.446878 0.0319451 0.295678 0.228095 0.316698
0.155053 0.440154 0.149679 0 0.174659 0 0.155169 0.151643 0.456815 0.977791 0.176747 0 0.175643 0.152458 0.158406 0.174291 0.173944 0.156125 0.377716 0.437981 0.440584 0.970219 0.153642 0.174676 0.1486
0.298032 0.446449 0.318671 1 0.228075 1 0.298226 0.273742 0.466564 0.0247026 0.230614 1 0.229271 0.27513 0.283989 0.227627 0.227205 0.299817 0.572856 0.444269 0.446881 0.0319451 0.295677 0.228095 0.316697
0.155052 0.440156 0.149678 0 0.174659 0 0.155169 0.151643 0.456817 0.977791 0.176747 0 0.175643 0.152458 0.158405 0.174291 0.173944 0.156124 0.377716 0.437984 0.440587 0.970219 0.153642 0.174676 0.1486
0.298031 0.446451 0.31867 1 0.228074 1 0.298225 0.273742 0.466566 0.0247026 0.230614 1 0.229271 0.275131 0.283988 0.227627 0.227204 0.299816 0.572857 0.444271 0.446883 0.031945 0.295676 0.228095 0.316696
0.155052 0.440158 0.149678 0 0.174659 0 0.155168 0.151643 0.456818 0.977791 0.176747 0 0.175643 0.152458 0.158405 0.174291 0.173944 0.156124 0.377717 0.437986 0.440589 0.970219 0.153641 0.174676 0.148599
0.29803 0.446453 0.318669 1 0.228074 1 0.298224 0.273742 0.466567 0.0247025 0.230614 1 0.229271 0.275131 0.283987 0.227627 0.227204 0.299815 0.572858 0.444273 0.446885 0.031945 0.295675 0.228095 0.316695
0.155051 0.44016 0.149677 0 0.174659 0 0.155168 0.151643 0.456819 0.977791 0.176747 0 0.175643 0.152458 0.158404 0.174291 0.173944 0.156123 0.377717 0.437988 0.440591 0.970219 0.153641 0.174676 0.148599
0.29803 0.446454 0.318668 1 0.228074 1 0.298223 0.273742 0.466568 0.0247025 0.230614 1 0.229271 0.275131 0.283986 0.227627 0.227204 0.299815 0.572858 0.444275 0.446886 0.0319449 0.295675 0.228095 0.316694
0.155051 0.440161 0.149677 0 0.174659 0 0.155167 0.151643 0.45682 0.977791 0.176747 0 0.175643 0.152458 0.158403 0.174291 0.173944 0.156123 0.377717 0.437989 0.440592 0.970219 0.15364 0.174676 0.148598
0.298029 0.446455 0.318667 1 0.228074 1 0.298223 0.273742 0.466568 0.0247024 0.230614 1 0.229271 0.275131 0.283985 0.227627 0.227204 0.299814 0.572859 0.444276 0.446887 0.0319449 0.295674 0.228095 0.316693
0.155051 0.440162 0.149677 0 0.174659 0 0.155167 0.151643 0.456821 0.977791 0.176747 0 0.175643 0.152458 0.158403 0.174291 0.173944 0.156123 0.377717 0.43799 0.440593 0.970219 0.15364 0.174676 0.148598
0.298029 0.446456 0.318667 1 0.228074 1 0.298223 0.273742 0.466569 0.0247024 0.230614 1 0.229271 0.275131 0.283985 0.227627 0.227204 0.299814 0.572859 0.444277 0.446888 0.0319449 0.295674 0.228095 0.316693
0.15505 0.440163 0.149676 0 0.174659 0 0.155167 0.151643 0.456822 0.977791 0.176747 0 0.175643 0.152458 0.158403 0.174291 0.173944 0.156122 0.377718 0.437991 0.440594 0.970218 0.15364 0.174676 0.148598
0.298028 0.446457 0.318667 1 0.228074 1 0.298222 0.273742 0.466569 0.0247024 0.230614 1 0.229271 0.275131 0.283984 0.227627 0.227204 0.299814 0.572859 0.444277 0.446889 0.0319448 0.295673 0.228095 0.316692
0.15505 0.440164 0.149676 0 0.174659 0 0.155167 0.151643 0.456822 0.977791 0.176747 0 0.175643 0.152458 0.158403 0.174291 0.173944 0.156122 0.377718 0.437992 0.440595 0.970218 0.153639 0.174676 0.148597
0.298028 0.446458 0.318666 1 0.228074 1 0.298222 0.273742 0.46657 0.0247023 0.230614 1 0.229271 0.275131 0.283984 0.227627 0.227204 0.299813 0.572859 0.444278 0.44689 0.0319448 0.295673 0.228095 0.316692
0.15505 0.440165 0.149676 0 0.174659 0 0.155166 0.151643 0.456822 0.977791 0.176747 0 0.175643 0.152458 0.158402 0.174291 0.173944 0.156122 0.377718 0.437992 0.440595 0.970218 0.153639 0.174676 0.148597
0.298028 0.446458 0.318666 1 0.228074 1 0.298222 0.273742 0.46657 0.0247023 0.230613 1 0.229271 0.275131 0.283984 0.227627 0.227204 0.299813 0.57286 0.444278 0.44689 0.0319448 0.295673 0.228095 0.316692
0.15505 0.440165 0.149676 0 0.174659 0 0.155166 0.151643 0.456823 0.977791 0.176747 0 0.175642 0.152458 0.158402 0.174291 0.173944 0.156122 0.377718 0.437993 0.440596 0.970218 0.153639 0.174676 0.148597
0.298028 0.446459 0.318666 1 0.228074 1 0.298222 0.273742 0.46657 0.0247023 0.230613 1 0.229271 0.275131 0.283983 0.227627 0.227204 0.299813 0.57286 0.444279 0.446891 0.0319448 0.295673 0.228095 0.316692
0.15505 0.440166 0.149676 0 0.174659 0 0.155166 0.151643 0.456823 0.977791 0.176747 0 0.175642 0.152458 0.158402 0.174291 0.173944 0.156122 0.377718 0.437993 0.440596 0.970218 0.153639 0.174676 0.148597
0.298028 0.446459 0.318666 1 0.228074 1 0.298221 0.273742 0.466571 0.0247023 0.230613 1 0.229271 0.275131 0.283983 0.227627 0.227204 0.299813 0.57286 0.444279 0.446891 0.0319448 0.295672 0.228095 0.316691
0.15505 0.440166 0.149676 0 0.174659 0 0.155166 0.151643 0.456823 0.977791 0.176747 0 0.175642 0.152458 0.158402 0.174291 0.173944 0.156122 0.377718 0.437993 0.440596 0.970218 0.153639 0.174676 0.148597
0.298027 0.446459 0.318665 1 0.228074 1 0.298221 0.273742 0.466571 0.0247023 0.230613 1 0.229271 0.275131 0.283983 0.227627 0.227204 0.299813 0.57286 0.444279 0.446891 0.0319448 0.295672 0.228095 0.316691
0.15505 0.440166 0.149676 0 0.174659 0 0.155166 0.151643 0.456824 0.977791 0.176747 0 0.175642 0.152458 0.158402 0.174291 0.173944 0.156122 0.377718 0.437994 0.440597 0.970218 0.153639 0.174676 0.148597
0.298027 0.446459 0.318665 1 0.228074 1 0.298221 0.273742 0.466571 0.0247023 0.230613 1 0.229271 0.275131 0.283983 0.227627 0.227204 0.299813 0.57286 0.44428 0.446891 0.0319448 0.295672 0.228095 0.316691
0.15505 0.440166 0.149675 0 0.174659 0 0.155166 0.151643 0.456824 0.977791 0.176747 0 0.175642 0.152458 0.158402 0.174291 0.173944 0.156122 0.377718 0.437994 0.440597 0.970218 0.153639 0.174676 0.148597
0.298027 0.44646 0.318665 1 0.228074 1 0.298221 0.273742 0.466571 0.0247023 0.230613 1 0.229271 0.275131 0.283983 0.227627 0.227204 0.299812 0.57286 0.44428 0.446892 0.0319448 0.295672 0.228095 0.316691
0.15505 0.440167 0.149675 0 0.174659 0 0.155166 0.151643 0.456824 0.977791 0.176747 0 0.175642 0.152458 0.158402 0.174291 0.173944 0.156122 0.377718 0.437994 0.440597 0.970218 0.153639 0.174676 0.148597
0.298027 0.44646 0.318665 1 0.228074 1 0.298221 0.273742 0.466571 0.0247023 0.230613 1 0.229271 0.275131 0.283983 0.227627 0.227204 0.299812 0.57286 0.44428 0.446892 0.0319448 0.295672 0.228095 0.316691
0.155049 0.440167 0.149675 0 0.174659 0 0.155166 0.151643 0.456824 0.977791 0.176747 0 0.175642 0.152458 0.158402 0.174291 0.173944 0.156122 0.377718 0.437994 0.440597 0.970218 0.153639 0.174676 0.148597
0.298027 0.44646 0.318665 1 0.228074 1 0.298221 0.273742 0.466571 0.0247023 0.230613 1 0.229271 0.275131 0.283983 0.227627 0.227204 0.299812 0.57286 0.44428 0.446892 0.0319448 0.295672 0.228095 0.316691
0.155049 0.440167 0.149675 0 0.174659 0 0.155166 0.151643 0.456824 0.977791 0.176747 0 0.175642 0.152458 0.158402 0.174291 0.173944 0.156122 0.377718 0.437994 0.440597 0.970218 0.153639 0.174676 0.148597
0.298027 0.44646 0.318665 1 0.228074 1 0.298221 0.273742 0.466571 0.0247023 0.230613 1 0.229271 0.275131 0.283983 0.227627 0.227204 0.299812 0.57286 0.44428 0.446892 0.0319448 0.295672 0.228095 0.316691
0.155049 0.440167 0.149675 0 0.174659 0 0.155166 0.151643 0.456824 0.977791 0.176747 0 0.175642 0.152458 0.158402 0.174291 0.173944 0.156122 0.377718 0.437994 0.440597 0.970218 0.153639 0.174676 0.148597
0.298027 0.44646 0.318665 1 0.228074 1 0.298221 0.273742 0.466571 0.0247023 0.230613 1 0.229271 0.275131 0.283983 0.227627 0.227204 0.299812 0.57286 0.44428 0.446892 0.0319448 0.295672 0.228095 0.316691
0.155049 0.440167 0.149675 0 0.174659 0 0.155166 0.151643 0.456824 0.977791 0.176747 0 0.175642 0.152458 0.158402 0.174291 0.173944 0.156122 0.377718 0.437995 0.440598 0.970218 0.153639 0.174676 0.148597
0.298027 0.44646 0.318665 1 0.228074 1 0.298221 0.273742 0.466571 0.0247023 0.230613 1 0.229271 0.275131 0.283983 0.227627 0.227204 0.299812 0.57286 0.44428 0.446892 0.0319448 0.295672 0.228095 0.316691
0.155049 0.440167 0.149675 0 0.174659 0 0.155166 0.151643 0.456824 0.977791 0.176747 0 0.175642 0.152458 0.158402 0.174291 0.173944 0.156121 0.377718 0.437995 0.440598 0.970218 0.153639 0.174676 0.148597
0.298027 0.44646 0.318665 1 0.228074 1 0.298221 0.273742 0.466571 0.0247022 0.230613 1 0.229271 0.275131 0.283982 0.227627 0.227204 0.299812 0.57286 0.44428 0.446892 0.0319448 0.295672 0.228095 0.316691
0.155049 0.440167 0.149675 0 0.174659 0 0.155166 0.151643 0.456824 0.977791 0.176747 0 0.175642 0.152458 0.158402 0.174291 0.173944 0.156121 0.377718 0.437995 0.440598 0.970218 0.153639 0.174676 0.148597
0.298027 0.44646 0.318665 1 0.228074 1 0.298221 0.273742 0.466571 0.0247022 0.230613 1 0.229271 0.275131 0.283982 0.227627 0.227204 0.299812 0.57286 0.44428 0.446892 0.0319448 0.295672 0.228095 0.316691
0.155049 0.440167 0.149675 0 0.174659 0 0.155166 0.151643 0.456824 0.977791 0.176747 0 0.175642 0.152458 0.158402 0.174291 0.173944 0.156121 0.377718 0.437995 0.440598 0.970218 0.153639 0.174676 0.148597
0.298027 0.44646 0.318665 1 0.228074 1 0.298221 0.273742 0.466571 0.0247022 0.230613 1 0.229271 0.275131 0.283982 0.227627 0.227204 0.299812 0.57286 0.444281 0.446892 0.0319448 0.295672 0.228095 0.316691
0.155049 0.440167 0.149675 0 0.174659 0 0.155166 0.151643 0.456824 0.977791 0.176747 0 0.175642 0.152458 0.158402 0.174291 0.173944 0.156121 0.377718 0.437995 0.440598 0.970218 0.153639 0.174676 0.148597
0.298027 0.44646 0.318665 1 0.228074 1 0.298221 0.273742 0.466571 0.0247022 0.230613 1 0.229271 0.275131 0.283982 0.227627 0.227204 0.299812 0.57286 0.444281 0.446892 0.0319448 0.295672 0.228095 0.316691
0.155049 0.440167 0.149675 0 0.174659 0 0.155166 0.151643 0.456824 0.977791 0.176747 0 0.175642 0.152458 0.158402 0.174291 0.173944 0.156121 0.377718 0.437995 0.440598 0.970218 0.153639 0.174676 0.148596
0.298027 0.44646 0.318665 1 0.228074 1 0.298221 0.273742 0.466571 0.0247022 0.230613 1 0.229271 0.275131 0.283982 0.227627 0.227204 0.299812 0.57286 0.444281 0.446892 0.0319448 0.295672 0.228095 0.316691
0.155049 0.440167 0.149675 0 0.174659 0 0.155166 0.151643 0.456824 0.977791 0.176747 0 0.175642 0.152458 0.158402 0.174291 0.173944 0.156121 0.377718 0.437995 0.440598 0.970218 0.153639 0.174676 0.148596
0.298027 0.44646 0.318665 1 0.228074 1 0.298221 0.273742 0.466571 0.0247022 0.230613 1 0.229271 0.275131 0.283982 0.227627 0.227204 0.299812 0.57286 0.444281 0.446892 0.0319448 0.295672 0.228095 0.316691
0.155049 0.440167 0.149675 0 0.174659 0 0.155166 0.151643 0.456824 0.977791 0.176747 0 0.175642 0.152458 0.158401 0.174291 0.173944 0.156121 0.377718 0.437995 0.440598 0.970218 0.153639 0.174676 0.148596
0.298027 0.44646 0.318665 1 0.228074 1 0.298221 0.273742 0.466572 0.0247022 0.230613 1 0.229271 0.275131 0.283982 0.227627 0.227204 0.299812 0.57286 0.444281 0.446892 0.0319448 0.295672 0.228095 0.316691
0.155049 0.440167 0.149675 0 0.174659 0 0.155166 0.151643 0.456824 0.977791 0.176747 0 0.175642 0.152458 0.158401 0.174291 0.173944 0.156121 0.377718 0.437995 0.440598 0.970218 0.153639 0.174676 0.148596
0.298027 0.44646 0.318665 1 0.228074 1 0.298221 0.273742 0.466572 0.0247022 0.230613 1 0.229271 0.275131 0.283982 0.227627 0.227204 0.299812 0.57286 0.444281 0.446892 0.0319448 0.295672 0.228095 0.316691
0.155049 0.440167 0.149675 0 0.174659 0 0.155166 0.151643 0.456824 0.977791 0.176747 0 0.175642 0.152458 0.158401 0.174291 0.173944 0.156121 0.377718 0.437995 0.440598 0.970218 0.153639 0.174676 0.148596
0.298027 0.44646 0.318665 1 0.228074 1 0.298221 0.273742 0.466572 0.0247022 0.230613 1 0.229271 0.275131 0.283982 0.227627 0.227204 0.299812 0.57286 0.444281 0.446892 0.0319448 0.295672 0.228095 0.316691
0.155049 0.440167 0.149675 0 0.174659 0 0.155166 0.151643 0.456824 0.977791 0.176747 0 0.175642 0.152458 0.158401 0.174291 0.173944 0.156121 0.377718 0.437995 0.440598 0.970218 0.153639 0.174676 0.148596
0.298027 0.44646 0.318665 1 0.228074 1 0.298221 0.273742 0.466572 0.0247022 0.230613 1 0.229271 0.275131 0.283982 0.227627 0.227204 0.299812 0.57286 0.444281 0.446892 0.0319448 0.295672 0.228095 0.316691
0.155049 0.440167 0.149675 0 0.174659 0 0.155166 0.151643 0.456824 0.977791 0.176747 0 0.175642 0.152458 0.158401 0.174291 0.173944 0.156121 0.377718 0.437995 0.440598 0.970218 0.153639 0.174676 0.148596
0.298027 0.44646 0.318665 1 0.228074 1 0.298221 0.273742 0.466572 0.0247022 0.230613 1 0.229271 0.275131 0.283982 0.227627 0.227204 0.299812 0.57286 0.444281 0.446892 0.0319448 0.295672 0.228095 0.316691
0.155049 0.440167 0.149675 0 0.174659 0 0.155166 0.151643 0.456824 0.977791 0.176747 0 0.175642 0.152458 0.158401 0.174291 0.173944 0.156121 0.377718 0.437995 0.440598 0.970218 0.153639 0.174676 0.148596
0.298027 0.44646 0.318665 1 0.228074 1 0.298221 0.273742 0.466572 0.0247022 0.230613 1 0.229271 0.275131 0.283982 0.227627 0.227204 0.299812 0.57286 0.444281 0.446892 0.0319448 0.295672 0.228095 0.316691
0.155049 0.440167 0.149675 0 0.174659 0 0.155166 0.151643 0.456824 0.977791 0.176747 0 0.175642 0.152458 0.158401 0.174291 0.173944 0.156121 0.377718 0.437995 0.440598 0.970218 0.153639 0.174676 0.148596
0.298027 0.44646 0.318665 1 0.228074 1 0.298221 0.273742 0.466572 0.0247022 0.230613 1 0.229271 0.275131 0.283982 0.227627 0.227204 0.299812 0.57286 0.444281 0.446892 0.0319448 0.295672 0.228095 0.316691
0.155049 0.440167 0.149675 0 0.174659 0 0.155166 0.151643 0.456824 0.977791 0.176747 0 0.175642 0.152458 0.158401 0.174291 0.173944 0.156121 0.377718 0.437995 0.440598 0.970218 0.153639 0.174676 0.148596
0.298027 0.44646 0.318665 1 0.228074 1 0.298221 0.273742 0.466572 0.0247022 0.230613 1 0.229271 0.275131 0.283982 0.227627 0.227204 0.299812 0.57286 0.444281 0.446892 0.0319448 0.295672 0.228095 0.316691
0.155049 0.440167 0.149675 0 0.174659 0 0.155166 0.151643 0.456824 0.977791 0.176747 0 0.175642 0.152458 0.158401 0.174291 0.173944 0.156121 0.377718 0.437995 0.440598 0.970218 0.153639 0.174676 0.148596
0.298027 0.44646 0.318665 1 0.228074 1 0.298221 0.273742 0.466572 0.0247022 0.230613 1 0.229271 0.275131 0.283982 0.227627 0.227204 0.299812 0.57286 0.444281 0.446892 0.0319448 0.295672 0.228095 0.316691
0.155049 0.440167 0.149675 0 0.174659 0 0.155166 0.151643 0.456824 0.977791 0.176747 0 0.175642 0.152458 0.158401 0.174291 0.173944 0.156121 0.377718 0.437995 0.440598 0.970218 0.153639 0.174676 0.148596
0.298027 0.44646 0.318665 1 0.228074 1 0.298221 0.273742 0.466572 0.0247022 0.230613 1 0.229271 0.275131 0.283982 0.227627 0.227204 0.299812 0.57286 0.444281 0.446892 0.0319448 0.295672 0.228095 0.316691
0.155049 0.440167 0.149675 0 0.174659 0 0.155166 0.151643 0.456824 0.977791 0.176747 0 0.175642 0.152458 0.158401 0.174291 0.173944 0.156121 0.377718 0.437995 0.440598 0.970218 0.153639 0.174676 0.148596
0.298027 0.44646 0.318665 1 0.228074 1 0.298221 0.273742 0.466572 0.0247022 0.230613 1 0.229271 0.275131 0.283982 0.227627 0.227204 0.299812 0.57286 0.444281 0.446892 0.0319448 0.295672 0.228095 0.316691
0.155049 0.440167 0.149675 0 0.174659 0 0.155166 0.151643 0.456824 0.977791 0.176747 0 0.175642 0.152458 0.158401 0.174291 0.173944 0.156121 0.377718 0.437995 0.440598 0.970218 0.153639 0.174676 0.148596
0.298027 0.44646 0.318665 1 0.228074 1 0.298221 0.273742 0.466572 0.0247022 0.230613 1 0.229271 0.275131 0.283982 0.227627 0.227204 0.299812 0.57286 0.444281 0.446892 0.0319448 0.295672 0.228095 0.316691
0.155049 0.440167 0.149675 0 0.174659 0 0.155166 0.151643 0.456824 0.977791 0.176747 0 0.175642 0.152458 0.158401 0.174291 0.173944 0.156121 0.377718 0.437995 0.440598 0.970218 0.153639 0.174676 0.148596
0.298027 0.44646 0.318665 1 0.228074 1 0.298221 0.273742 0.466572 0.0247022 0.230613 1 0.229271 0.275131 0.283982 0.227627 0.227204 0.299812 0.57286 0.444281 0.446892 0.0319448 0.295672 0.228095 0.316691
0.155049 0.440167 0.149675 0 0.174659 0 0.155166 0.151643 0.456824 0.977791 0.176747 0 0.175642 0.152458 0.158401 0.174291 0.173944 0.156121 0.377718 0.437995 0.440598 0.970218 0.153639 0.174676 0.148596
0.298027 0.44646 0.318665 1 0.228074 1 0.298221 0.273742 0.466572 0.0247022 0.230613 1 0.229271 0.275131 0.283982 0.227627 0.227204 0.299812 0.57286 0.444281 0.446892 0.0319448 0.295672 0.228095 0.316691
0.155049 0.440167 0.149675 0 0.174659 0 0.155166 0.151643 0.456824 0.977791 0.176747 0 0.175642 0.152458 0.158401 0.174291 0.173944 0.156121 0.377718 0.437995 0.440598 0.970218 0.153639 0.174676 0.148596
0.298027 0.44646 0.318665 1 0.228074 1 0.298221 0.273742 0.466572 0.0247022 0.230613 1 0.229271 0.275131 0.283982 0.227627 0.227204 0.299812 0.57286 0.444281 0.446892 0.0319448 0.295672 0.228095 0.316691
0.155049 0.440167 0.149675 0 0.174659 0 0.155166 0.151643 0.456824 0.977791 0.176747 0 0.175642 0.152458 0.158401 0.174291 0.173944 0.156121 0.377718 0.437995 0.440598 0.970218 0.153639 0.174676 0.148596
0.298027 0.44646 0.318665 1 0.228074 1 0.298221 0.273742 0.466572 0.0247022 0.230613 1 0.229271 0.275131 0.283982 0.227627 0.227204 0.299812 0.57286 0.444281 0.446892 0.0319448 0.295672 0.228095 0.316691
0.155049 0.440167 0.149675 0 0.174659 0 0.155166 0.151643 0.456824 0.977791 0.176747 0 0.175642 0.152458 0.158401 0.174291 0.173944 0.156121 0.377718 0.437995 0.440598 0.970218 0.153639 0.174676 0.148596
0.298027 0.44646 0.318665 1 0.228074 1 0.298221 0.273742 0.466572 0.0247022 0.230613 1 0.229271 0.275131 0.283982 0.227627 0.227204 0.299812 0.57286 0.444281 0.446892 0.0319448 0.295672 0.228095 0.316691
0.155049 0.440167 0.149675 0 0.174659 0 0.155166 0.151643 0.456824 0.977791 0.176747 0 0.175642 0.152458 0.158401 0.174291 0.173944 0.156121 0.377718 0.437995 0.440598 0.970218 0.153639 0.174676 0.148596
0.298027 0.44646 0.318665 1 0.228074 1 0.298221 0.273742 0.466572 0.0247022 0.230613 1 0.229271 0.275131 0.283982 0.227627 0.227204 0.299812 0.57286 0.444281 0.446892 0.0319448 0.295672 0.228095 0.316691
0.155049 0.440167 0.149675 0 0.174659 0 0.155166 0.151643 0.456824 0.977791 0.176747 0 0.175642 0.152458 0.158401 0.174291 0.173944 0.156121 0.377718 0.437995 0.440598 0.970218 0.153639 0.174676 0.148596
0.298027 0.44646 0.318665 1 0.228074 1 0.298221 0.273742 0.466572 0.0247022 0.230613 1 0.229271 0.275131 0.283982 0.227627 0.227204 0.299812 0.57286 0.444281 0.446892 0.0319448 0.295672 0.228095 0.316691
0.155049 0.440167 0.149675 0 0.174659 0 0.155166 0.151643 0.456824 0.977791 0.176747 0 0.175642 0.152458 0.158401 0.174291 0.173944 0.156121 0.377718 0.437995 0.440598 0.970218 0.153639 0.174676 0.148596
0.298027 0.44646 0.318665 1 0.228074 1 0.298221 0.273742 0.466572 0.0247022 0.230613 1 0.229271 0.275131 0.283982 0.227627 0.227204 0.299812 0.57286 0.444281 0.446892 0.0319448 0.295672 0.228095 0.316691
0.155049 0.440167 0.149675 0 0.174659 0 0.155166 0.151643 0.456824 0.977791 0.176747 0 0.175642 0.152458 0.158401 0.174291 0.173944 0.156121 0.377718 0.437995 0.440598 0.970218 0.153639 0.174676 0.148596
0.298027 0.44646 0.318665 1 0.228074 1 0.298221 0.273742 0.466572 0.0247022 0.230613 1 0.229271 0.275131 0.283982 0.227627 0.227204 0.299812 0.57286 0.444281 0.446892 0.0319448 0.295672 0.228095 0.316691
0.155049 0.440167 0.149675 0 0.174659 0 0.155166 0.151643 0.456824 0.977791 0.176747 0 0.175642 0.152458 0.158401 0.174291 0.173944 0.156121 0.377718 0.437995 0.440598 0.970218 0.153639 0.174676 0.148596
0.298027 0.44646 0.318665 1 0.228074 1 0.298221 0.273742 0.466572 0.0247022 0.230613 1 0.229271 0.275131 0.283982 0.227627 0.227204 0.299812 0.57286 0.444281 0.446892 0.0319448 0.295672 0.228095 0.316691
0.155049 0.440167 0.149675 0 0.174659 0 0.155166 0.151643 0.456824 0.977791 0.176747 0 0.175642 0.152458 0.158401 0.174291 0.173944 0.156121 0.377718 0.437995 0.440598 0.970218 0.153639 0.174676 0.148596
0.298027 0.44646 0.318665 1 0.228074 1 0.298221 0.273742 0.466572 0.0247022 0.230613 1 0.229271 0.275131 0.283982 0.227627 0.227204 0.299812 0.57286 0.444281 0.446892 0.0319448 0.295672 0.228095 0.316691
0.155049 0.440167 0.149675 0 0.174659 0 0.155166 0.151643 0.456824 0.977791 0.176747 0 0.175642 0.152458 0.158401 0.174291 0.173944 0.156121 0.377718 0.437995 0.440598 0.970218 0.153639 0.174676 0.148596
0.298027 0.44646 0.318665 1 0.228074 1 0.298221 0.273742 0.466572 0.0247022 0.230613 1 0.229271 0.275131 0.283982 0.227627 0.227204 0.299812 0.57286 0.444281 0.446892 0.0319448 0.295672 0.228095 0.316691
0.155049 0.440167 0.149675 0 0.174659 0 0.155166 0.151643 0.456824 0.977791 0.176747 0 0.175642 0.152458 0.158401 0.174291 0.173944 0.156121 0.377718 0.437995 0.440598 0.970218 0.153639 0.174676 0.148596
0.298027 0.44646 0.318665 1 0.228074 1 0.298221 0.273742 0.466572 0.0247022 0.230613 1 0.229271 0.275131 0.283982 0.227627 0.227204 0.299812 0.57286 0.444281 0.446892 0.0319448 0.295672 0.228095 0.316691
0.155049 0.440167 0.149675 0 0.174659 0 0.155166 0.151643 0.456824 0.977791 0.176747 0 0.175642 0.152458 0.158401 0.174291 0.173944 0.156121 0.377718 0.437995 0.440598 0.970218 0.153639 0.174676 0.148596
0.298027 0.44646 0.318665 1 0.228074 1 0.298221 0.273742 0.466572 0.0247022 0.230613 1 0.229271 0.275131 0.283982 0.227627 0.227204 0.299812 0.57286 0.444281 0.446892 0.0319448 0.295672 0.228095 0.316691
0.155049 0.440167 0.149675 0 0.174659 0 0.155166 0.151643 0.456824 0.977791 0.176747 0 0.175642 0.152458 0.158401 0.174291 0.173944 0.156121 0.377718 0.437995 0.440598 0.970218 0.153639 0.174676 0.148596
0.298027 0.44646 0.318665 1 0.228074 1 0.298221 0.273742 0.466572 0.0247022 0.230613 1 0.229271 0.275131 0.283982 0.227627 0.227204 0.299812 0.57286 0.444281 0.446892 0.0319448 0.295672 0.228095 0.316691
0.155049 0.440167 0.149675 0 0.174659 0 0.155166 0.151643 0.456824 0.977791 0.176747 0 0.175642 0.152458 0.158401 0.174291 0.173944 0.156121 0.377718 0.437995 0.440598 0.970218 0.153639 0.174676 0.148596
0.298027 0.44646 0.318665 1 0.228074 1 0.298221 0.273742 0.466572 0.0247022 0.230613 1 0.229271 0.275131 0.283982 0.227627 0.227204 0.299812 0.57286 0.444281 0.446892 0.0319448 0.295672 0.228095 0.316691
0.155049 0.440167 0.149675 0 0.174659 0 0.155166 0.151643 0.456824 0.977791 0.176747 0 0.175642 0.152458 0.158401 0.174291 0.173944 0.156121 0.377718 0.437995 0.440598 0.970218 0.153639 0.174676 0.148596
0.298027 0.44646 0.318665 1 0.228074 1 0.298221 0.273742 0.466572 0.0247022 0.230613 1 0.229271 0.275131 0.283982 0.227627 0.227204 0.299812 0.57286 0.444281 0.446892 0.0319448 0.295672 0.228095 0.316691
0.155049 0.440167 0.149675 0 0.174659 0 0.155166 0.151643 0.456824 0.977791 0.176747 0 0.175642 0.152458 0.158401 0.174291 0.173944 0.156121 0.377718 0.437995 0.440598 0.970218 0.153639 0.174676 0.148596
0.298027 0.44646 0.318665 1 0.228074 1 0.298221 0.273742 0.466572 0.0247022 0.230613 1 0.229271 0.275131 0.283982 0.227627 0.227204 0.299812 0.57286 0.444281 0.446892 0.0319448 0.295672 0.228095 0.316691
0.155049 0.440167 0.149675 0 0.174659 0 0.155166 0.151643 0.456824 0.977791 0.176747 0 0.175642 0.152458 0.158401 0.174291 0.173944 0.156121 0.377718 0.437995 0.440598 0.970218 0.153639 0.174676 0.148596
0.298027 0.44646 0.318665 1 0.228074 1 0.298221 0.273742 0.466572 0.0247022 0.230613 1 0.229271 0.275131 0.283982 0.227627 0.227204 0.299812 0.57286 0.444281 0.446892 0.0319448 0.295672 0.228095 0.316691
0.155049 0.440167 0.149675 0 0.174659 0 0.155166 0.151643 0.456824 0.977791 0.176747 0 0.175642 0.152458 0.158401 0.174291 0.173944 0.156121 0.377718 0.437995 0.440598 0.970218 0.153639 0.174676 0.148596
0.298027 0.44646 0.318665 1 0.228074 1 0.298221 0.273742 0.466572 0.0247022 0.230613 1 0.229271 0.275131 0.283982 0.227627 0.227204 0.299812 0.57286 0.444281 0.446892 0.0319448 0.295672 0.228095 0.316691
0.155049 0.440167 0.149675 0 0.174659 0 0.155166 0.151643 0.456824 0.977791 0.176747 0 0.175642 0.152458 0.158401 0.174291 0.173944 0.156121 0.377718 0.437995 0.440598 0.970218 0.153639 0.174676 0.148596
0.298027 0.44646 0.318665 1 0.228074 1 0.298221 0.273742 0.466572 0.0247022 0.230613 1 0.229271 0.275131 0.283982 0.227627 0.227204 0.299812 0.57286 0.444281 0.446892 0.0319448 0.295672 0.228095 0.316691
0.155049 0.440167 0.149675 0 0.174659 0 0.155166 0.151643 0.456824 0.977791 0.176747 0 0.175642 0.152458 0.158401 0.174291 0.173944 0.156121 0.377718 0.437995 0.440598 0.970218 0.153639 0.174676 0.148596
0.298027 0.44646 0.318665 1 0.228074 1 0.298221 0.273742 0.466572 0.0247022 0.230613 1 0.229271 0.275131 0.283982 0.227627 0.227204 0.299812 0.57286 0.444281 0.446892 0.0319448 0.295672 0.228095 0.316691
0.155049 0.440167 0.149675 0 0.174659 0 0.155166 0.151643 0.456824 0.977791 0.176747 0 0.175642 0.152458 0.158401 0.174291 0.173944 0.156121 0.377718 0.437995 0.440598 0.970218 0.153639 0.174676 0.148596
0.298027 0.44646 0.318665 1 0.228074 1 0.298221 0.273742 0.466572 0.0247022 0.230613 1 0.229271 0.275131 0.283982 0.227627 0.227204 0.299812 0.57286 0.444281 0.446892 0.0319448 0.295672 0.228095 0.316691
0.155049 0.440167 0.149675 0 0.174659 0 0.155166 0.151643 0.456824 0.977791 0.176747 0 0.175642 0.152458 0.158401 0.174291 0.173944 0.156121 0.377718 0.437995 0.440598 0.970218 0.153639 0.174676 0.148596
0.298027 0.44646 0.318665 1 0.228074 1 0.298221 0.273742 0.466572 0.0247022 0.230613 1 0.229271 0.275131 0.283982 0.227627 0.227204 0.299812 0.57286 0.444281 0.446892 0.0319448 0.295672 0.228095 0.316691
0.155049 0.440167 0.149675 0 0.174659 0 0.155166 0.151643 0.456824 0.977791 0.176747 0 0.175642 0.152458 0.158401 0.174291 0.173944 0.156121 0.377718 0.437995 0.440598 0.970218 0.153639 0.174676 0.148596
0.298027 0.44646 0.318665 1 0.228074 1 0.298221 0.273742 0.466572 0.0247022 0.230613 1 0.229271 0.275131 0.283982 0.227627 0.227204 0.299812 0.57286 0.444281 0.446892 0.0319448 0.295672 0.228095 0.316691
0.155049 0.440167 0.149675 0 0.174659 0 0.155166 0.151643 0.456824 0.977791 0.176747 0 0.175642 0.152458 0.158401 0.174291 0.173944 0.156121 0.377718 0.437995 0.440598 0.970218 0.153639 0.174676 0.148596
0.298027 0.44646 0.318665 1 0.228074 1 0.298221 0.273742 0.466572 0.0247022 0.230613 1 0.229271 0.275131 0.283982 0.227627 0.227204 0.299812 0.57286 0.444281 0.446892 0.0319448 0.295672 0.228095 0.316691
0.155049 0.440167 0.149675 0 0.174659 0 0.155166 0.151643 0.456824 0.977791 0.176747 0 0.175642 0.152458 0.158401 0.174291 0.173944 0.156121 0.377718 0.437995 0.440598 0.970218 0.153639 0.174676 0.148596
0.298027 0.44646 0.318665 1 0.228074 1 0.298221 0.273742 0.466572 0.0247022 0.230613 1 0.229271 0.275131 0.283982 0.227627 0.227204 0.299812 0.57286 0.444281 0.446892 0.0319448 0.295672 0.228095 0.316691
0.155049 0.440167 0.149675 0 0.174659 0 0.155166 0.151643 0.456824 0.977791 0.176747 0 0.175642 0.152458 0.158401 0.174291 0.173944 0.156121 0.377718 0.437995 0.440598 0.970218 0.153639 0.174676 0.148596
0.298027 0.44646 0.318665 1 0.228074 1 0.298221 0.273742 0.466572 0.0247022 0.230613 1 0.229271 0.275131 0.283982 0.227627 0.227204 0.299812 0.57286 0.444281 0.446892 0.0319448 0.295672 0.228095 0.316691
0.155049 0.440167 0.149675 0 0.174659 0 0.155166 0.151643 0.456824 0.977791 0.176747 0 0.175642 0.152458 0.158401 0.174291 0.173944 0.156121 0.377718 0.437995 0.440598 0.970218 0.153639 0.174676 0.148596
0.298027 0.44646 0.318665 1 0.228074 1 0.298221 0.273742 0.466572 0.0247022 0.230613 1 0.229271 0.275131 0.283982 0.227627 0.227204 0.299812 0.57286 0.444281 0.446892 0.0319448 0.295672 0.228095 0.316691
0.155049 0.440167 0.149675 0 0.174659 0 0.155166 0.151643 0.456824 0.977791 0.176747 0 0.175642 0.152458 0.158401 0.174291 0.173944 0.156121 0.377718 0.437995 0.440598 0.970218 0.153639 0.174676 0.148596
0.298027 0.44646 0.318665 1 0.228074 1 0.298221 0.273742 0.466572 0.0247022 0.230613 1 0.229271 0.275131 0.283982 0.227627 0.227204 0.299812 0.57286 0.444281 0.446892 0.0319448 0.295672 0.228095 0.316691
0.155049 0.440167 0.149675 0 0.174659 0 0.155166 0.151643 0.456824 0.977791 0.176747 0 0.175642 0.152458 0.158401 0.174291 0.173944 0.156121 0.377718 0.437995 0.440598 0.970218 0.153639 0.174676 0.148596
0.298027 0.44646 0.318665 1 0.228074 1 0.298221 0.273742 0.466572 0.0247022 0.230613 1 0.229271 0.275131 0.283982 0.227627 0.227204 0.299812 0.57286 0.444281 0.446892 0.0319448 0.295672 0.228095 0.316691
0.155049 0.440167 0.149675 0 0.174659 0 0.155166 0.151643 0.456824 0.977791 0.176747 0 0.175642 0.152458 0.158401 0.174291 0.173944 0.156121 0.377718 0.437995 0.440598 0.970218 0.153639 0.174676 0.148596
0.298027 0.44646 0.318665 1 0.228074 1 0.298221 0.273742 0.466572 0.0247022 0.230613 1 0.229271 0.275131 0.283982 0.227627 0.227204 0.299812 0.57286 0.444281 0.446892 0.0319448 0.295672 0.228095 0.316691
0.155049 0.440167 0.149675 0 0.174659 0 0.155166 0.151643 0.456824 0.977791 0.176747 0 0.175642 0.152458 0.158401 0.174291 0.173944 0.156121 0.377718 0.437995 0.440598 0.970218 0.153639 0.174676 0.148596
0.298027 0.44646 0.318665 1 0.228074 1 0.298221 0.273742 0.466572 0.0247022 0.230613 1 0.229271 0.275131 0.283982 0.227627 0.227204 0.299812 0.57286 0.444281 0.446892 0.0319448 0.295672 0.228095 0.316691
0.155049 0.440167 0.149675 0 0.174659 0 0.155166 0.151643 0.456824 0.977791 0.176747 0 0.175642 0.152458 0.158401 0.174291 0.173944 0.156121 0.377718 0.437995 0.440598 0.970218 0.153639 0.174676 0.148596
0.298027 0.44646 0.318665 1 0.228074 1 0.298221 0.273742 0.466572 0.0247022 0.230613 1 0.229271 0.275131 0.283982 0.227627 0.227204 0.299812 0.57286 0.444281 0.446892 0.0319448 0.295672 0.228095 0.316691
0.155049 0.440167 0.149675 0 0.174659 0 0.155166 0.151643 0.456824 0.977791 0.176747 0 0.175642 0.152458 0.158401 0.174291 0.173944 0.156121 0.377718 0.437995 0.440598 0.970218 0.153639 0.174676 0.148596
0.298027 0.44646 0.318665 1 0.228074 1 0.298221 0.273742 0.466572 0.0247022 0.230613 1 0.229271 0.275131 0.283982 0.227627 0.227204 0.299812 0.57286 0.444281 0.446892 0.0319448 0.295672 0.228095 0.316691
0.155049 0.440167 0.149675 0 0.174659 0 0.155166 0.151643 0.456824 0.977791 0.176747 0 0.175642 0.152458 0.158401 0.174291 0.173944 0.156121 0.377718 0.437995 0.440598 0.970218 0.153639 0.174676 0.148596
0.298027 0.44646 0.318665 1 0.228074 1 0.298221 0.273742 0.466572 0.0247022 0.230613 1 0.229271 0.275131 0.283982 0.227627 0.227204 0.299812 0.57286 0.444281 0.446892 0.0319448 0.295672 0.228095 0.316691
0.155049 0.440167 0.149675 0 0.174659 0 0.155166 0.151643 0.456824 0.977791 0.176747 0 0.175642 0.152458 0.158401 0.174291 0.173944 0.156121 0.377718 0.437995 0.440598 0.970218 0.153639 0.174676 0.148596
0.298027 0.44646 0.318665 1 0.228074 1 0.298221 0.273742 0.466572 0.0247022 0.230613 1 0.229271 0.275131 0.283982 0.227627 0.227204 0.299812 0.57286 0.444281 0.446892 0.0319448 0.295672 0.228095 0.316691
0.155049 0.440167 0.149675 0 0.174659 0 0.155166 0.151643 0.456824 0.977791 0.176747 0 0.175642 0.152458 0.158401 0.174291 0.173944 0.156121 0.377718 0.437995 0.440598 0.970218 0.153639 0.174676 0.148596
0.298027 0.44646 0.318665 1 0.228074 1 0.298221 0.273742 0.466572 0.0247022 0.230613 1 0.229271 0.275131 0.283982 0.227627 0.227204 0.299812 0.57286 0.444281 0.446892 0.0319448 0.295672 0.228095 0.316691
0.155049 0.440167 0.149675 0 0.174659 0 0.155166 0.151643 0.456824 0.977791 0.176747 0 0.175642 0.152458 0.158401 0.174291 0.173944 0.156121 0.377718 0.437995 0.440598 0.970218 0.153639 0.174676 0.148596
0.298027 0.44646 0.318665 1 0.228074 1 0.298221 0.273742 0.466572 0.0247022 0.230613 1 0.229271 0.275131 0.283982 0.227627 0.227204 0.299812 0.57286 0.444281 0.446892 0.0319448 0.295672 0.228095 0.316691
0.155049 0.440167 0.149675 0 0.174659 0 0.155166 0.151643 0.456824 0.977791 0.176747 0 0.175642 0.152458 0.158401 0.174291 0.173944 0.156121 0.377718 0.437995 0.440598 0.970218 0.153639 0.174676 0.148596
0.298027 0.44646 0.318665 1 0.228074 1 0.298221 0.273742 0.466572 0.0247022 0.230613 1 0.229271 0.275131 0.283982 0.227627 0.227204 0.299812 0.57286 0.444281 0.446892 0.0319448 0.295672 0.228095 0.316691
0.155049 0.440167 0.149675 0 0.174659 0 0.155166 0.151643 0.456824 0.977791 0.176747 0 0.175642 0.152458 0.158401 0.174291 0.173944 0.156121 0.377718 0.437995 0.440598 0.970218 0.153639 0.174676 0.148596
0.298027 0.44646 0.318665 1 0.228074 1 0.298221 0.273742 0.466572 0.0247022 0.230613 1 0.229271 0.275131 0.283982 0.227627 0.227204 0.299812 0.57286 0.444281 0.446892 0.0319448 0.295672 0.228095 0.316691
0.155049 0.440167 0.149675 0 0.174659 0 0.155166 0.151643 0.456824 0.977791 0.176747 0 0.175642 0.152458 0.158401 0.174291 0.173944 0.156121 0.377718 0.437995 0.440598 0.970218 0.153639 0.174676 0.148596
0.298027 0.44646 0.318665 1 0.228074 1 0.298221 0.273742 0.466572 0.0247022 0.230613 1 0.229271 0.275131 0.283982 0.227627 0.227204 0.299812 0.57286 0.444281 0.446892 0.0319448 0.295672 0.228095 0.316691
0.155049 0.440167 0.149675 0 0.174659 0 0.155166 0.151643 0.456824 0.977791 0.176747 0 0.175642 0.152458 0.158401 0.174291 0.173944 0.156121 0.377718 0.437995 0.440598 0.970218 0.153639 0.174676 0.148596
0.298027 0.44646 0.318665 1 0.228074 1 0.298221 0.273742 0.466572 0.0247022 0.230613 1 0.229271 0.275131 0.283982 0.227627 0.227204 0.299812 0.57286 0.444281 0.446892 0.0319448 0.295672 0.228095 0.316691
0.155049 0.440167 0.149675 0 0.174659 0 0.155166 0.151643 0.456824 0.977791 0.176747 0 0.175642 0.152458 0.158401 0.174291 0.173944 0.156121 0.377718 0.437995 0.440598 0.970218 0.153639 0.174676 0.148596
0.298027 0.44646 0.318665 1 0.228074 1 0.298221 0.273742 0.466572 0.0247022 0.230613 1 0.229271 0.275131 0.283982 0.227627 0.227204 0.299812 0.57286 0.444281 0.446892 0.0319448 0.295672 0.228095 0.316691
0.155049 0.440167 0.149675 0 0.174659 0 0.155166 0.151643 0.456824 0.977791 0.176747 0 0.175642 0.152458 0.158401 0.174291 0.173944 0.156121 0.377718 0.437995 0.440598 0.970218 0.153639 0.174676 0.148596
0.298027 0.44646 0.318665 1 0.228074 1 0.298221 0.273742 0.466572 0.0247022 0.230613 1 0.229271 0.275131 0.283982 0.227627 0.227204 0.299812 0.57286 0.444281 0.446892 0.0319448 0.295672 0.228095 0.316691
0.155049 0.440167 0.149675 0 0.174659 0 0.155166 0.151643 0.456824 0.977791 0.176747 0 0.175642 0.152458 0.158401 0.174291 0.173944 0.156121 0.377718 0.437995 0.440598 0.970218 0.153639 0.174676 0.148596
0.298027 0.44646 0.318665 1 0.228074 1 0.298221 0.273742 0.466572 0.0247022 0.230613 1 0.229271 0.275131 0.283982 0.227627 0.227204 0.299812 0.57286 0.444281 0.446892 0.0319448 0.295672 0.228095 0.316691
0.155049 0.440167 0.149675 0 0.174659 0 0.155166 0.151643 0.456824 0.977791 0.176747 0 0.175642 0.152458 0.158401 0.174291 0.173944 0.156121 0.377718 0.437995 0.440598 0.970218 0.153639 0.174676 0.148596
0.298027 0.44646 0.318665 1 0.228074 1 0.298221 0.273742 0.466572 0.0247022 0.230613 1 0.229271 0.275131 0.283982 0.227627 0.227204 0.299812 0.57286 0.444281 0.446892 0.0319448 0.295672 0.228095 0.316691
0.155049 0.440167 0.149675 0 0.174659 0 0.155166 0.151643 0.456824 0.977791 0.176747 0 0.175642 0.152458 0.158401 0.174291 0.173944 0.156121 0.377718 0.437995 0.440598 0.970218 0.153639 0.174676 0.148596
0.298027 0.44646 0.318665 1 0.228074 1 0.298221 0.273742 0.466572 0.0247022 0.230613 1 0.229271 0.275131 0.283982 0.227627 0.227204 0.299812 0.57286 0.444281 0.446892 0.0319448 0.295672 0.228095 0.316691
0.155049 0.440167 0.149675 0 0.174659 0 0.155166 0.151643 0.456824 0.977791 0.176747 0 0.175642 0.152458 0.158401 0.174291 0.173944 0.156121 0.377718 0.437995 0.440598 0.970218 0.153639 0.174676 0.148596
0.298027 0.44646 0.318665 1 0.228074 1 0.298221 0.273742 0.466572 0.0247022 0.230613 1 0.229271 0.275131 0.283982 0.227627 0.227204 0.299812 0.57286 0.444281 0.446892 0.0319448 0.295672 0.228095 0.316691
0.155049 0.440167 0.149675 0 0.174659 0 0.155166 0.151643 0.456824 0.977791 0.176747 0 0.175642 0.152458 0.158401 0.174291 0.173944 0.156121 0.377718 0.437995 0.440598 0.970218 0.153639 0.174676 0.148596
0.298027 0.44646 0.318665 1 0.228074 1 0.298221 0.273742 0.466572 0.0247022 0.230613 1 0.229271 0.275131 0.283982 0.227627 0.227204 0.299812 0.57286 0.444281 0.446892 0.0319448 0.295672 0.228095 0.316691
0.155049 0.440167 0.149675 0 0.174659 0 0.155166 0.151643 0.456824 0.977791 0.176747 0 0.175642 0.152458 0.158401 0.174291 0.173944 0.156121 0.377718 0.437995 0.440598 0.970218 0.153639 0.174676 0.148596
0.298027 0.44646 0.318665 1 0.228074 1 0.298221 0.273742 0.466572 0.0247022 0.230613 1 0.229271 0.275131 0.283982 0.227627 0.227204 0.299812 0.57286 0.444281 0.446892 0.0319448 0.295672 0.228095 0.316691
0.155049 0.440167 0.149675 0 0.174659 0 0.155166 0.151643 0.456824 0.977791 0.176747 0 0.175642 0.152458 0.158401 0.174291 0.173944 0.156121 0.377718 0.437995 0.440598 0.970218 0.153639 0.174676 0.148596
0.298027 0.44646 0.318665 1 0.228074 1 0.298221 0.273742 0.466572 0.0247022 0.230613 1 0.229271 0.275131 0.283982 0.227627 0.227204 0.299812 0.57286 0.444281 0.446892 0.0319448 0.295672 0.228095 0.316691
0.155049 0.440167 0.149675 0 0.174659 0 0.155166 0.151643 0.456824 0.977791 0.176747 0 0.175642 0.152458 0.158401 0.174291 0.173944 0.156121 0.377718 0.437995 0.440598 0.970218 0.153639 0.174676 0.148596
0.298027 0.44646 0.318665 1 0.228074 1 0.298221 0.273742 0.466572 0.0247022 0.230613 1 0.229271 0.275131 0.283982 0.227627 0.227204 0.299812 0.57286 0.444281 0.446892 0.0319448 0.295672 0.228095 0.316691
0.155049 0.440167 0.149675 0 0.174659 0 0.155166 0.151643 0.456824 0.977791 0.176747 0 0.175642 0.152458 0.158401 0.174291 0.173944 0.156121 0.377718 0.437995 0.440598 0.970218 0.153639 0.174676 0.148596
0.298027 0.44646 0.318665 1 0.228074 1 0.298221 0.273742 0.466572 0.0247022 0.230613 1 0.229271 0.275131 0.283982 0.227627 0.227204 0.299812 0.57286 0.444281 0.446892 0.0319448 0.295672 0.228095 0.316691
0.155049 0.440167 0.149675 0 0.174659 0 0.155166 0.151643 0.456824 0.977791 0.176747 0 0.175642 0.152458 0.158401 0.174291 0.173944 0.156121 0.377718 0.437995 0.440598 0.970218 0.153639 0.174676 0.148596
0.298027 0.44646 0.318665 1 0.228074 1 0.298221 0.273742 0.466572 0.0247022 0.230613 1 0.229271 0.275131 0.283982 0.227627 0.227204 0.299812 0.57286 0.444281 0.446892 0.0319448 0.295672 0.228095 0.316691
0.155049 0.440167 0.149675 0 0.174659 0 0.155166 0.151643 0.456824 0.977791 0.176747 0 0.175642 0.152458 0.158401 0.174291 0.173944 0.156121 0.377718 0.437995 0.440598 0.970218 0.153639 0.174676 0.148596
0.298027 0.44646 0.318665 1 0.228074 1 0.298221 0.273742 0.466572 0.0247022 0.230613 1 0.229271 0.275131 0.283982 0.227627 0.227204 0.299812 0.57286 0.444281 0.446892 0.0319448 0.295672 0.228095 0.316691
0.155049 0.440167 0.149675 0 0.174659 0 0.155166 0.151643 0.456824 0.977791 0.176747 0 0.175642 0.152458 0.158401 0.174291 0.173944 0.156121 0.377718 0.437995 0.440598 0.970218 0.153639 0.174676 0.148596
0.298027 0.44646 0.318665 1 0.228074 1 0.298221 0.273742 0.466572 0.0247022 0.230613 1 0.229271 0.275131 0.283982 0.227627 0.227204 0.299812 0.57286 0.444281 0.446892 0.0319448 0.295672 0.228095 0.316691
0.155049 0.440167 0.149675 0 0.174659 0 0.155166 0.151643 0.456824 0.977791 0.176747 0 0.175642 0.152458 0.158401 0.174291 0.173944 0.156121 0.377718 0.437995 0.440598 0.970218 0.153639 0.174676 0.148596
0.298027 0.44646 0.318665 1 0.228074 1 0.298221 0.273742 0.466572 0.0247022 0.230613 1 0.229271 0.275131 0.283982 0.227627 0.227204 0.299812 0.57286 0.444281 0.446892 0.0319448 0.295672 0.228095 0.316691
0.155049 0.440167 0.149675 0 0.174659 0 0.155166 0.151643 0.456824 0.977791 0.176747 0 0.175642 0.152458 0.158401 0.174291 0.173944 0.156121 0.377718 0.437995 0.440598 0.970218 0.153639 0.174676 0.148596
0.298027 0.44646 0.318665 1 0.228074 1 0.298221 0.273742 0.466572 0.0247022 0.230613 1 0.229271 0.275131 0.283982 0.227627 0.227204 0.299812 0.57286 0.444281 0.446892 0.0319448 0.295672 0.228095 0.316691
0.155049 0.440167 0.149675 0 0.174659 0 0.155166 0.151643 0.456824 0.977791 0.176747 0 0.175642 0.152458 0.158401 0.174291 0.173944 0.156121 0.377718 0.437995 0.440598 0.970218 0.153639 0.174676 0.148596
0.298027 0.44646 0.318665 1 0.228074 1 0.298221 0.273742 0.466572 0.0247022 0.230613 1 0.229271 0.275131 0.283982 0.227627 0.227204 0.299812 0.57286 0.444281 0.446892 0.0319448 0.295672 0.228095 0.316691
0.155049 0.440167 0.149675 0 0.174659 0 0.155166 0.151643 0.456824 0.977791 0.176747 0 0.175642 0.152458 0.158401 0.174291 0.173944 0.156121 0.377718 0.437995 0.440598 0.970218 0.153639 0.174676 0.148596
0.298027 0.44646 0.318665 1 0.228074 1 0.298221 0.273742 0.466572 0.0247022 0.230613 1 0.229271 0.275131 0.283982 0.227627 0.227204 0.299812 0.57286 0.444281 0.446892 0.0319448 0.295672 0.228095 0.316691
0.155049 0.440167 0.149675 0 0.174659 0 0.155166 0.151643 0.456824 0.977791 0.176747 0 0.175642 0.152458 0.158401 0.174291 0.173944 0.156121 0.377718 0.437995 0.440598 0.970218 0.153639 0.174676 0.148596
0.298027 0.44646 0.318665 1 0.228074 1 0.298221 0.273742 0.466572 0.0247022 0.230613 1 0.229271 0.275131 0.283982 0.227627 0.227204 0.299812 0.57286 0.444281 0.446892 0.0319448 0.295672 0.228095 0.316691
0.155049 0.440167 0.149675 0 0.174659 0 0.155166 0.151643 0.456824 0.977791 0.176747 0 0.175642 0.152458 0.158401 0.174291 0.173944 0.156121 0.377718 0.437995 0.440598 0.970218 0.153639 0.174676 0.148596
0.298027 0.44646 0.318665 1 0.228074 1 0.298221 0.273742 0.466572 0.0247022 0.230613 1 0.229271 0.275131 0.283982 0.227627 0.227204 0.299812 0.57286 0.444281 0.446892 0.0319448 0.295672 0.228095 0.316691
0.155049 0.440167 0.149675 0 0.174659 0 0.155166 0.151643 0.456824 0.977791 0.176747 0 0.175642 0.152458 0.158401 0.174291 0.173944 0.156121 0.377718 0.437995 0.440598 0.970218 0.153639 0.174676 0.148596
0.298027 0.44646 0.318665 1 0.228074 1 0.298221 0.273742 0.466572 0.0247022 0.230613 1 0.229271 0.275131 0.283982 0.227627 0.227204 0.299812 0.57286 0.444281 0.446892 0.0319448 0.295672 0.228095 0.316691
0.155049 0.440167 0.149675 0 0.174659 0 0.155166 0.151643 0.456824 0.977791 0.176747 0 0.175642 0.152458 0.158401 0.174291 0.173944 0.156121 0.377718 0.437995 0.440598 0.970218 0.153639 0.174676 0.148596
0.298027 0.44646 0.318665 1 0.228074 1 0.298221 0.273742 0.466572 0.0247022 0.230613 1 0.229271 0.275131 0.283982 0.227627 0.227204 0.299812 0.57286 0.444281 0.446892 0.0319448 0.295672 0.228095 0.316691
0.155049 0.440167 0.149675 0 0.174659 0 0.155166 0.151643 0.456824 0.977791 0.176747 0 0.175642 0.152458 0.158401 0.174291 0.173944 0.156121 0.377718 0.437995 0.440598 0.970218 0.153639 0.174676 0.148596
0.298027 0.44646 0.318665 1 0.228074 1 0.298221 0.273742 0.466572 0.0247022 0.230613 1 0.229271 0.275131 0.283982 0.227627 0.227204 0.299812 0.57286 0.444281 0.446892 0.0319448 0.295672 0.228095 0.316691
0.155049 0.440167 0.149675 0 0.174659 0 0.155166 0.151643 0.456824 0.977791 0.176747 0 0.175642 0.152458 0.158401 0.174291 0.173944 0.156121 0.377718 0.437995 0.440598 0.970218 0.153639 0.174676 0.148596
0.298027 0.44646 0.318665 1 0.228074 1 0.298221 0.273742 0.466572 0.0247022 0.230613 1 0.229271 0.275131 0.283982 0.227627 0.227204 0.299812 0.57286 0.444281 0.446892 0.0319448 0.295672 0.228095 0.316691
0.155049 0.440167 0.149675 0 0.174659 0 0.155166 0.151643 0.456824 0.977791 0.176747 0 0.175642 0.152458 0.158401 0.174291 0.173944 0.156121 0.377718 0.437995 0.440598 0.970218 0.153639 0.174676 0.148596
0.298027 0.44646 0.318665 1 0.228074 1 0.298221 0.273742 0.466572 0.0247022 0.230613 1 0.229271 0.275131 0.283982 0.227627 0.227204 0.299812 0.57286 0.444281 0.446892 0.0319448 0.295672 0.228095 0.316691
0.155049 0.440167 0.149675 0 0.174659 0 0.155166 0.151643 0.456824 0.977791 0.176747 0 0.175642 0.152458 0.158401 0.174291 0.173944 0.156121 0.377718 0.437995 0.440598 0.970218 0.153639 0.174676 0.148596
0.298027 0.44646 0.318665 1 0.228074 1 0.298221 0.273742 0.466572 0.0247022 0.230613 1 0.229271 0.275131 0.283982 0.227627 0.227204 0.299812 0.57286 0.444281 0.446892 0.0319448 0.295672 0.228095 0.316691
0.155049 0.440167 0.149675 0 0.174659 0 0.155166 0.151643 0.456824 0.977791 0.176747 0 0.175642 0.152458 0.158401 0.174291 0.173944 0.156121 0.377718 0.437995 0.440598 0.970218 0.153639 0.174676 0.148596
0.298027 0.44646 0.318665 1 0.228074 1 0.298221 0.273742 0.466572 0.0247022 0.230613 1 0.229271 0.275131 0.283982 0.227627 0.227204 0.299812 0.57286 0.444281 0.446892 0.0319448 0.295672 0.228095 0.316691
0.155049 0.440167 0.149675 0 0.174659 0 0.155166 0.151643 0.456824 0.977791 0.176747 0 0.175642 0.152458 0.158401 0.174291 0.173944 0.156121 0.377718 0.437995 0.440598 0.970218 0.153639 0.174676 0.148596
0.298027 0.44646 0.318665 1 0.228074 1 0.298221 0.273742 0.466572 0.0247022 0.230613 1 0.229271 0.275131 0.283982 0.227627 0.227204 0.299812 0.57286 0.444281 0.446892 0.0319448 0.295672 0.228095 0.316691
0.155049 0.440167 0.149675 0 0.174659 0 0.155166 0.151643 0.456824 0.977791 0.176747 0 0.175642 0.152458 0.158401 0.174291 0.173944 0.156121 0.377718 0.437995 0.440598 0.970218 0.153639 0.174676 0.148596
0.298027 0.44646 0.318665 1 0.228074 1 0.298221 0.273742 0.466572 0.0247022 0.230613 1 0.229271 0.275131 0.283982 0.227627 0.227204 0.299812 0.57286 0.444281 0.446892 0.0319448 0.295672 0.228095 0.316691
0.155049 0.440167 0.149675 0 0.174659 0 0.155166 0.151643 0.456824 0.977791 0.176747 0 0.175642 0.152458 0.158401 0.174291 0.173944 0.156121 0.377718 0.437995 0.440598 0.970218 0.153639 0.174676 0.148596
0.298027 0.44646 0.318665 1 0.228074 1 0.298221 0.273742 0.466572 0.0247022 0.230613 1 0.229271 0.275131 0.283982 0.227627 0.227204 0.299812 0.57286 0.444281 0.446892 0.0319448 0.295672 0.228095 0.316691
0.155049 0.440167 0.149675 0 0.174659 0 0.155166 0.151643 0.456824 0.977791 0.176747 0 0.175642 0.152458 0.158401 0.174291 0.173944 0.156121 0.377718 0.437995 0.440598 0.970218 0.153639 0.174676 0.148596
0.298027 0.44646 0.318665 1 0.228074 1 0.298221 0.273742 0.466572 0.0247022 0.230613 1 0.229271 0.275131 0.283982 0.227627 0.227204 0.299812 0.57286 0.444281 0.446892 0.0319448 0.295672 0.228095 0.316691
0.155049 0.440167 0.149675 0 0.174659 0 0.155166 0.151643 0.456824 0.977791 0.176747 0 0.175642 0.152458 0.158401 0.174291 0.173944 0.156121 0.377718 0.437995 0.440598 0.970218 0.153639 0.174676 0.148596
0.298027 0.44646 0.318665 1 0.228074 1 0.298221 0.273742 0.466572 0.0247022 0.230613 1 0.229271 0.275131 0.283982 0.227627 0.227204 0.299812 0.57286 0.444281 0.446892 0.0319448 0.295672 0.228095 0.316691
0.155049 0.440167 0.149675 0 0.174659 0 0.155166 0.151643 0.456824 0.977791 0.176747 0 0.175642 0.152458 0.158401 0.174291 0.173944 0.156121 0.377718 0.437995 0.440598 0.970218 0.153639 0.174676 0.148596
0.298027 0.44646 0.318665 1 0.228074 1 0.298221 0.273742 0.466572 0.0247022 0.230613 1 0.229271 0.275131 0.283982 0.227627 0.227204 0.299812 0.57286 0.444281 0.446892 0.0319448 0.295672 0.228095 0.316691
0.155049 0.440167 0.149675 0 0.174659 0 0.155166 0.151643 0.456824 0.977791 0.176747 0 0.175642 0.152458 0.158401 0.174291 0.173944 0.156121 0.377718 0.437995 0.440598 0.970218 0.153639 0.174676 0.148596
0.298027 0.44646 0.318665 1 0.228074 1 0.298221 0.273742 0.466572 0.0247022 0.230613 1 0.229271 0.275131 0.283982 0.227627 0.227204 0.299812 0.57286 0.444281 0.446892 0.0319448 0.295672 0.228095 0.316691
0.155049 0.440167 0.149675 0 0.174659 0 0.155166 0.151643 0.456824 0.977791 0.176747 0 0.175642 0.152458 0.158401 0.174291 0.173944 0.156121 0.377718 0.437995 0.440598 0.970218 0.153639 0.174676 0.148596
0.298027 0.44646 0.318665 1 0.228074 1 0.298221 0.273742 0.466572 0.0247022 0.230613 1 0.229271 0.275131 0.283982 0.227627 0.227204 0.299812 0.57286 0.444281 0.446892 0.0319448 0.295672 0.228095 0.316691
0.155049 0.440167 0.149675 0 0.174659 0 0.155166 0.151643 0.456824 0.977791 0.176747 0 0.175642 0.152458 0.158401 0.174291 0.173944 0.156121 0.377718 0.437995 0.440598 0.970218 0.153639 0.174676 0.148596
0.298027 0.44646 0.318665 1 0.228074 1 0.298221 0.273742 0.466572 0.0247022 0.230613 1 0.229271 0.275131 0.283982 0.227627 0.227204 0.299812 0.57286 0.444281 0.446892 0.0319448 0.295672 0.228095 0.316691
0.155049 0.440167 0.149675 0 0.174659 0 0.155166 0.151643 0.456824 0.977791 0.176747 0 0.175642 0.152458 0.158401 0.174291 0.173944 0.156121 0.377718 0.437995 0.440598 0.970218 0.153639 0.174676 0.148596
0.298027 0.44646 0.318665 1 0.228074 1 0.298221 0.273742 0.466572 0.0247022 0.230613 1 0.229271 0.275131 0.283982 0.227627 0.227204 0.299812 0.57286 0.444281 0.446892 0.0319448 0.295672 0.228095 0.316691
0.155049 0.440167 0.149675 0 0.174659 0 0.155166 0.151643 0.456824 0.977791 0.176747 0 0.175642 0.152458 0.158401 0.174291 0.173944 0.156121 0.377718 0.437995 0.440598 0.970218 0.153639 0.174676 0.148596
0.298027 0.44646 0.318665 1 0.228074 1 0.298221 0.273742 0.466572 0.0247022 0.230613 1 0.229271 0.275131 0.283982 0.227627 0.227204 0.299812 0.57286 0.444281 0.446892 0.0319448 0.295672 0.228095 0.316691
0.155049 0.440167 0.149675 0 0.174659 0 0.155166 0.151643 0.456824 0.977791 0.176747 0 0.175642 0.152458 0.158401 0.174291 0.173944 0.156121 0.377718 0.437995 0.440598 0.970218 0.153639 0.174676 0.148596
0.298027 0.44646 0.318665 1 0.228074 1 0.298221 0.273742 0.466572 0.0247022 0.230613 1 0.229271 0.275131 0.283982 0.227627 0.227204 0.299812 0.57286 0.444281 0.446892 0.0319448 0.295672 0.228095 0.316691
0.155049 0.440167 0.149675 0 0.174659 0 0.155166 0.151643 0.456824 0.977791 0.176747 0 0.175642 0.152458 0.158401 0.174291 0.173944 0.156121 0.377718 0.437995 0.440598 0.970218 0.153639 0.174676 0.148596
0.298027 0.44646 0.318665 1 0.228074 1 0.298221 0.273742 0.466572 0.0247022 0.230613 1 0.229271 0.275131 0.283982 0.227627 0.227204 0.299812 0.57286 0.444281 0.446892 0.0319448 0.295672 0.228095 0.316691
0.155049 0.440167 0.149675 0 0.174659 0 0.155166 0.151643 0.456824 0.977791 0.176747 0 0.175642 0.152458 0.158401 0.174291 0.173944 0.156121 0.377718 0.437995 0.440598 0.970218 0.153639 0.174676 0.148596
0.298027 0.44646 0.318665 1 0.228074 1 0.298221 0.273742 0.466572 0.0247022 0.230613 1 0.229271 0.275131 0.283982 0.227627 0.227204 0.299812 0.57286 0.444281 0.446892 0.0319448 0.295672 0.228095 0.316691
0.155049 0.440167 0.149675 0 0.174659 0 0.155166 0.151643 0.456824 0.977791 0.176747 0 0.175642 0.152458 0.158401 0.174291 0.173944 0.156121 0.377718 0.437995 0.440598 0.970218 0.153639 0.174676 0.148596
0.298027 0.44646 0.318665 1 0.228074 1 0.298221 0.273742 0.466572 0.0247022 0.230613 1 0.229271 0.275131 0.283982 0.227627 0.227204 0.299812 0.57286 0.444281 0.446892 0.0319448 0.295672 0.228095 0.316691
0.155049 0.440167 0.149675 0 0.174659 0 0.155166 0.151643 0.456824 0.977791 0.176747 0 0.175642 0.152458 0.158401 0.174291 0.173944 0.156121 0.377718 0.437995 0.440598 0.970218 0.153639 0.174676 0.148596
0.298027 0.44646 0.318665 1 0.228074 1 0.298221 0.273742 0.466572 0.0247022 0.230613 1 0.229271 0.275131 0.283982 0.227627 0.227204 0.299812 0.57286 0.444281 0.446892 0.0319448 0.295672 0.228095 0.316691
0.155049 0.440167 0.149675 0 0.174659 0 0.155166 0.151643 0.456824 0.977791 0.176747 0 0.175642 0.152458 0.158401 0.174291 0.173944 0.156121 0.377718 0.437995 0.440598 0.970218 0.153639 0.174676 0.148596
0.298027 0.44646 0.318665 1 0.228074 1 0.298221 0.273742 0.466572 0.0247022 0.230613 1 0.229271 0.275131 0.283982 0.227627 0.227204 0.299812 0.57286 0.444281 0.446892 0.0319448 0.295672 0.228095 0.316691
0.155049 0.440167 0.149675 0 0.174659 0 0.155166 0.151643 0.456824 0.977791 0.176747 0 0.175642 0.152458 0.158401 0.174291 0.173944 0.156121 0.377718 0.437995 0.440598 0.970218 0.153639 0.174676 0.148596
0.298027 0.44646 0.318665 1 0.228074 1 0.298221 0.273742 0.466572 0.0247022 0.230613 1 0.229271 0.275131 0.283982 0.227627 0.227204 0.299812 0.57286 0.444281 0.446892 0.0319448 0.295672 0.228095 0.316691
0.155049 0.440167 0.149675 0 0.174659 0 0.155166 0.151643 0.456824 0.977791 0.176747 0 0.175642 0.152458 0.158401 0.174291 0.173944 0.156121 0.377718 0.437995 0.440598 0.970218 0.153639 0.174676 0.148596
0.298027 0.44646 0.318665 1 0.228074 1 0.298221 0.273742 0.466572 0.0247022 0.230613 1 0.229271 0.275131 0.283982 0.227627 0.227204 0.299812 0.57286 0.444281 0.446892 0.0319448 0.295672 0.228095 0.316691
0.155049 0.440167 0.149675 0 0.174659 0 0.155166 0.151643 0.456824 0.977791 0.176747 0 0.175642 0.152458 0.158401 0.174291 0.173944 0.156121 0.377718 0.437995 0.440598 0.970218 0.153639 0.174676 0.148596
0.298027 0.44646 0.318665 1 0.228074 1 0.298221 0.273742 0.466572 0.0247022 0.230613 1 0.229271 0.275131 0.283982 0.227627 0.227204 0.299812 0.57286 0.444281 0.446892 0.0319448 0.295672 0.228095 0.316691
0.155049 0.440167 0.149675 0 0.174659 0 0.155166 0.151643 0.456824 0.977791 0.176747 0 0.175642 0.152458 0.158401 0.174291 0.173944 0.156121 0.377718 0.437995 0.440598 0.970218 0.153639 0.174676 0.148596
0.298027 0.44646 0.318665 1 0.228074 1 0.298221 0.273742 0.466572 0.0247022 0.230613 1 0.229271 0.275131 0.283982 0.227627 0.227204 0.299812 0.57286 0.444281 0.446892 0.0319448 0.295672 0.228095 0.316691
0.155049 0.440167 0.149675 0 0.174659 0 0.155166 0.151643 0.456824 0.977791 0.176747 0 0.175642 0.152458 0.158401 0.174291 0.173944 0.156121 0.377718 0.437995 0.440598 0.970218 0.153639 0.174676 0.148596
0.298027 0.44646 0.318665 1 0.228074 1 0.298221 0.273742 0.466572 0.0247022 0.230613 1 0.229271 0.275131 0.283982 0.227627 0.227204 0.299812 0.57286 0.444281 0.446892 0.0319448 0.295672 0.228095 0.316691
0.155049 0.440167 0.149675 0 0.174659 0 0.155166 0.151643 0.456824 0.977791 0.176747 0 0.175642 0.152458 0.158401 0.174291 0.173944 0.156121 0.377718 0.437995 0.440598 0.970218 0.153639 0.174676 0.148596
0.298027 0.44646 0.318665 1 0.228074 1 0.298221 0.273742 0.466572 0.0247022 0.230613 1 0.229271 0.275131 0.283982 0.227627 0.227204 0.299812 0.57286 0.444281 0.446892 0.0319448 0.295672 0.228095 0.316691
0.155049 0.440167 0.149675 0 0.174659 0 0.155166 0.151643 0.456824 0.977791 0.176747 0 0.175642 0.152458 0.158401 0.174291 0.173944 0.156121 0.377718 0.437995 0.440598 0.970218 0.153639 0.174676 0.148596
0.298027 0.44646 0.318665 1 0.228074 1 0.298221 0.273742 0.466572 0.0247022 0.230613 1 0.229271 0.275131 0.283982 0.227627 0.227204 0.299812 0.57286 0.444281 0.446892 0.0319448 0.295672 0.228095 0.316691
0.155049 0.440167 0.149675 0 0.174659 0 0.155166 0.151643 0.456824 0.977791 0.176747 0 0.175642 0.152458 0.158401 0.174291 0.173944 0.156121 0.377718 0.437995 0.440598 0.970218 0.153639 0.174676 0.148596
0.298027 0.44646 0.318665 1 0.228074 1 0.298221 0.273742 0.466572 0.0247022 0.230613 1 0.229271 0.275131 0.283982 0.227627 0.227204 0.299812 0.57286 0.444281 0.446892 0.0319448 0.295672 0.228095 0.316691
0.155049 0.440167 0.149675 0 0.174659 0 0.155166 0.151643 0.456824 0.977791 0.176747 0 0.175642 0.152458 0.158401 0.174291 0.173944 0.156121 0.377718 0.437995 0.440598 0.970218 0.153639 0.174676 0.148596
0.298027 0.44646 0.318665 1 0.228074 1 0.298221 0.273742 0.466572 0.0247022 0.230613 1 0.229271 0.275131 0.283982 0.227627 0.227204 0.299812 0.57286 0.444281 0.446892 0.0319448 0.295672 0.228095 0.316691
0.155049 0.440167 0.149675 0 0.174659 0 0.155166 0.151643 0.456824 0.977791 0.176747 0 0.175642 0.152458 0.158401 0.174291 0.173944 0.156121 0.377718 0.437995 0.440598 0.970218 0.153639 0.174676 0.148596
0.298027 0.44646 0.318665 1 0.228074 1 0.298221 0.273742 0.466572 0.0247022 0.230613 1 0.229271 0.275131 0.283982 0.227627 0.227204 0.299812 0.57286 0.444281 0.446892 0.0319448 0.295672 0.228095 0.316691
0.155049 0.440167 0.149675 0 0.174659 0 0.155166 0.151643 0.456824 0.977791 0.176747 0 0.175642 0.152458 0.158401 0.174291 0.173944 0.156121 0.377718 0.437995 0.440598 0.970218 0.153639 0.174676 0.148596
0.298027 0.44646 0.318665 1 0.228074 1 0.298221 0.273742 0.466572 0.0247022 0.230613 1 0.229271 0.275131 0.283982 0.227627 0.227204 0.299812 0.57286 0.444281 0.446892 0.0319448 0.295672 0.228095 0.316691
0.155049 0.440167 0.149675 0 0.174659 0 0.155166 0.151643 0.456824 0.977791 0.176747 0 0.175642 0.152458 0.158401 0.174291 0.173944 0.156121 0.377718 0.437995 0.440598 0.970218 0.153639 0.174676 0.148596
0.298027 0.44646 0.318665 1 0.228074 1 0.298221 0.273742 0.466572 0.0247022 0.230613 1 0.229271 0.275131 0.283982 0.227627 0.227204 0.299812 0.57286 0.444281 0.446892 0.0319448 0.295672 0.228095 0.316691
0.155049 0.440167 0.149675 0 0.174659 0 0.155166 0.151643 0.456824 0.977791 0.176747 0 0.175642 0.152458 0.158401 0.174291 0.173944 0.156121 0.377718 0.437995 0.440598 0.970218 0.153639 0.174676 0.148596
0.298027 0.44646 0.318665 1 0.228074 1 0.298221 0.273742 0.466572 0.0247022 0.230613 1 0.229271 0.275131 0.283982 0.227627 0.227204 0.299812 0.57286 0.444281 0.446892 0.0319448 0.295672 0.228095 0.316691
0.155049 0.440167 0.149675 0 0.174659 0 0.155166 0.151643 0.456824 0.977791 0.176747 0 0.175642 0.152458 0.158401 0.174291 0.173944 0.156121 0.377718 0.437995 0.440598 0.970218 0.153639 0.174676 0.148596
0.298027 0.44646 0.318665 1 0.228074 1 0.298221 0.273742 0.466572 0.0247022 0.230613 1 0.229271 0.275131 0.283982 0.227627 0.227204 0.299812 0.57286 0.444281 0.446892 0.0319448 0.295672 0.228095 0.316691
0.155049 0.440167 0.149675 0 0.174659 0 0.155166 0.151643 0.456824 0.977791 0.176747 0 0.175642 0.152458 0.158401 0.174291 0.173944 0.156121 0.377718 0.437995 0.440598 0.970218 0.153639 0.174676 0.148596
0.298027 0.44646 0.318665 1 0.228074 1 0.298221 0.273742 0.466572 0.0247022 0.230613 1 0.229271 0.275131 0.283982 0.227627 0.227204 0.299812 0.57286 0.444281 0.446892 0.0319448 0.295672 0.228095 0.316691
0.155049 0.440167 0.149675 0 0.174659 0 0.155166 0.151643 0.456824 0.977791 0.176747 0 0.175642 0.152458 0.158401 0.174291 0.173944 0.156121 0.377718 0.437995 0.440598 0.970218 0.153639 0.174676 0.148596
0.298027 0.44646 0.318665 1 0.228074 1 0.298221 0.273742 0.466572 0.0247022 0.230613 1 0.229271 0.275131 0.283982 0.227627 0.227204 0.299812 0.57286 0.444281 0.446892 0.0319448 0.295672 0.228095 0.316691
0.155049 0.440167 0.149675 0 0.174659 0 0.155166 0.151643 0.456824 0.977791 0.176747 0 0.175642 0.152458 0.158401 0.174291 0.173944 0.156121 0.377718 0.437995 0.440598 0.970218 0.153639 0.174676 0.148596
0.298027 0.44646 0.318665 1 0.228074 1 0.298221 0.273742 0.466572 0.0247022 0.230613 1 0.229271 0.275131 0.283982 0.227627 0.227204 0.299812 0.57286 0.444281 0.446892 0.0319448 0.295672 0.228095 0.316691
0.155049 0.440167 0.149675 0 0.174659 0 0.155166 0.151643 0.456824 0.977791 0.176747 0 0.175642 0.152458 0.158401 0.174291 0.173944 0.156121 0.377718 0.437995 0.440598 0.970218 0.153639 0.174676 0.148596
0.298027 0.44646 0.318665 1 0.228074 1 0.298221 0.273742 0.466572 0.0247022 0.230613 1 0.229271 0.275131 0.283982 0.227627 0.227204 0.299812 0.57286 0.444281 0.446892 0.0319448 0.295672 0.228095 0.316691
0.155049 0.440167 0.149675 0 0.174659 0 0.155166 0.151643 0.456824 0.977791 0.176747 0 0.175642 0.152458 0.158401 0.174291 0.173944 0.156121 0.377718 0.437995 0.440598 0.970218 0.153639 0.174676 0.148596
0.298027 0.44646 0.318665 1 0.228074 1 0.298221 0.273742 0.466572 0.0247022 0.230613 1 0.229271 0.275131 0.283982 0.227627 0.227204 0.299812 0.57286 0.444281 0.446892 0.0319448 0.295672 0.228095 0.316691
0.155049 0.440167 0.149675 0 0.174659 0 0.155166 0.151643 0.456824 0.977791 0.176747 0 0.175642 0.152458 0.158401 0.174291 0.173944 0.156121 0.377718 0.437995 0.440598 0.970218 0.153639 0.174676 0.148596
0.298027 0.44646 0.318665 1 0.228074 1 0.298221 0.273742 0.466572 0.0247022 0.230613 1 0.229271 0.275131 0.283982 0.227627 0.227204 0.299812 0.57286 0.444281 0.446892 0.0319448 0.295672 0.228095 0.316691
0.155049 0.440167 0.149675 0 0.174659 0 0.155166 0.151643 0.456824 0.977791 0.176747 0 0.175642 0.152458 0.158401 0.174291 0.173944 0.156121 0.377718 0.437995 0.440598 0.970218 0.153639 0.174676 0.148596
0.298027 0.44646 0.318665 1 0.228074 1 0.298221 0.273742 0.466572 0.0247022 0.230613 1 0.229271 0.275131 0.283982 0.227627 0.227204 0.299812 0.57286 0.444281 0.446892 0.0319448 0.295672 0.228095 0.316691
0.155049 0.440167 0.149675 0 0.174659 0 0.155166 0.151643 0.456824 0.977791 0.176747 0 0.175642 0.152458 0.158401 0.174291 0.173944 0.156121 0.377718 0.437995 0.440598 0.970218 0.153639 0.174676 0.148596
0.298027 0.44646 0.318665 1 0.228074 1 0.298221 0.273742 0.466572 0.0247022 0.230613 1 0.229271 0.275131 0.283982 0.227627 0.227204 0.299812 0.57286 0.444281 0.446892 0.0319448 0.295672 0.228095 0.316691
0.155049 0.440167 0.149675 0 0.174659 0 0.155166 0.151643 0.456824 0.977791 0.176747 0 0.175642 0.152458 0.158401 0.174291 0.173944 0.156121 0.377718 0.437995 0.440598 0.970218 0.153639 0.174676 0.148596
0.298027 0.44646 0.318665 1 0.228074 1 0.298221 0.273742 0.466572 0.0247022 0.230613 1 0.229271 0.275131 0.283982 0.227627 0.227204 0.299812 0.57286 0.444281 0.446892 0.0319448 0.295672 0.228095 0.316691
0.155049 0.440167 0.149675 0 0.174659 0 0.155166 0.151643 0.456824 0.977791 0.176747 0 0.175642 0.152458 0.158401 0.174291 0.173944 0.156121 0.377718 0.437995 0.440598 0.970218 0.153639 0.174676 0.148596
0.298027 0.44646 0.318665 1 0.228074 1 0.298221 0.273742 0.466572 0.0247022 0.230613 1 0.229271 0.275131 0.283982 0.227627 0.227204 0.299812 0.57286 0.444281 0.446892 0.0319448 0.295672 0.228095 0.316691
0.155049 0.440167 0.149675 0 0.174659 0 0.155166 0.151643 0.456824 0.977791 0.176747 0 0.175642 0.152458 0.158401 0.174291 0.173944 0.156121 0.377718 0.437995 0.440598 0.970218 0.153639 0.174676 0.148596
0.298027 0.44646 0.318665 1 0.228074 1 0.298221 0.273742 0.466572 0.0247022 0.230613 1 0.229271 0.275131 0.283982 0.227627 0.227204 0.299812 0.57286 0.444281 0.446892 0.0319448 0.295672 0.228095 0.316691
0.155049 0.440167 0.149675 0 0.174659 0 0.155166 0.151643 0.456824 0.977791 0.176747 0 0.175642 0.152458 0.158401 0.174291 0.173944 0.156121 0.377718 0.437995 0.440598 0.970218 0.153639 0.174676 0.148596
0.298027 0.44646 0.318665 1 0.228074 1 0.298221 0.273742 0.466572 0.0247022 0.230613 1 0.229271 0.275131 0.283982 0.227627 0.227204 0.299812 0.57286 0.444281 0.446892 0.0319448 0.295672 0.228095 0.316691
0.155049 0.440167 0.149675 0 0.174659 0 0.155166 0.151643 0.456824 0.977791 0.176747 0 0.175642 0.152458 0.158401 0.174291 0.173944 0.156121 0.377718 0.437995 0.440598 0.970218 0.153639 0.174676 0.148596
0.298027 0.44646 0.318665 1 0.228074 1 0.298221 0.273742 0.466572 0.0247022 0.230613 1 0.229271 0.275131 0.283982 0.227627 0.227204 0.299812 0.57286 0.444281 0.446892 0.0319448 0.295672 0.228095 0.316691
0.155049 0.440167 0.149675 0 0.174659 0 0.155166 0.151643 0.456824 0.977791 0.176747 0 0.175642 0.152458 0.158401 0.174291 0.173944 0.156121 0.377718 0.437995 0.440598 0.970218 0.153639 0.174676 0.148596
0.298027 0.44646 0.318665 1 0.228074 1 0.298221 0.273742 0.466572 0.0247022 0.230613 1 0.229271 0.275131 0.283982 0.227627 0.227204 0.299812 0.57286 0.444281 0.446892 0.0319448 0.295672 0.228095 0.316691
0.155049 0.440167 0.149675 0 0.174659 0 0.155166 0.151643 0.456824 0.977791 0.176747 0 0.175642 0.152458 0.158401 0.174291 0.173944 0.156121 0.377718 0.437995 0.440598 0.970218 0.153639 0.174676 0.148596
0.298027 0.44646 0.318665 1 0.228074 1 0.298221 0.273742 0.466572 0.0247022 0.230613 1 0.229271 0.275131 0.283982 0.227627 0.227204 0.299812 0.57286 0.444281 0.446892 0.0319448 0.295672 0.228095 0.316691
0.155049 0.440167 0.149675 0 0.174659 0 0.155166 0.151643 0.456824 0.977791 0.176747 0 0.175642 0.152458 0.158401 0.174291 0.173944 0.156121 0.377718 0.437995 0.440598 0.970218 0.153639 0.174676 0.148596
0.298027 0.44646 0.318665 1 0.228074 1 0.298221 0.273742 0.466572 0.0247022 0.230613 1 0.229271 0.275131 0.283982 0.227627 0.227204 0.299812 0.57286 0.444281 0.446892 0.0319448 0.295672 0.228095 0.316691
