0.281412 0.292636 0.300438 0.228435 0.165402 0.230042 0.281569 0.250736 0.294242 0.472821 0.166851 0.229712 0.166085 0.251968 0.154311 0.165147 0.164906 0.28286 0.381086 0.290998 0.292961 0.438701 0.279502 0.165414 0.298781
0.344602 0.353309 0.368892 0.352498 0.22277 0.354534 0.344799 0.31709 0.355303 0.475492 0.225078 0.354117 0.223858 0.318486 0.268106 0.222363 0.221979 0.346418 0.396418 0.351273 0.353712 0.459311 0.342204 0.222789 0.366923
0.32352 0.334293 0.34621 0.3402 0.202123 0.342129 0.323711 0.295474 0.336237 0.503728 0.204409 0.341733 0.2032 0.296762 0.237074 0.201721 0.20134 0.325277 0.391046 0.332308 0.334686 0.47928 0.3212 0.202142 0.344323
0.323187 0.333667 0.347282 0.364154 0.20564 0.366153 0.323378 0.295945 0.335617 0.511045 0.207989 0.365743 0.206747 0.297253 0.2467 0.205226 0.204835 0.324951 0.386149 0.331677 0.334062 0.488653 0.320858 0.205659 0.345384
0.316804 0.327262 0.341156 0.376004 0.204055 0.378018 0.316994 0.290097 0.329193 0.523049 0.206401 0.377605 0.20516 0.291388 0.244241 0.203642 0.203252 0.318551 0.380712 0.32529 0.327653 0.49924 0.314499 0.204074 0.339274
0.312293 0.322355 0.337193 0.390371 0.204399 0.39241 0.312481 0.286313 0.324274 0.532518 0.20675 0.391991 0.205507 0.287599 0.245077 0.203985 0.203594 0.314029 0.375262 0.320396 0.322743 0.508439 0.310002 0.204418 0.335318
0.30756 0.317106 0.332865 0.403321 0.204354 0.405378 0.307747 0.282306 0.319011 0.542083 0.206706 0.404956 0.205462 0.283583 0.24487 0.20394 0.203549 0.309283 0.369795 0.315162 0.317492 0.517441 0.305286 0.204373 0.331001
0.303211 0.312093 0.328901 0.416107 0.204454 0.41818 0.303397 0.278728 0.313984 0.551118 0.206806 0.417754 0.205562 0.279999 0.244839 0.20404 0.203648 0.304923 0.364358 0.310163 0.312476 0.526069 0.300953 0.204473 0.327046
0.299063 0.307177 0.325066 0.428437 0.204509 0.430523 0.299247 0.275374 0.309054 0.559869 0.206862 0.430095 0.205617 0.276638 0.244629 0.204094 0.203703 0.300763 0.35894 0.305262 0.307557 0.534455 0.296819 0.204528 0.323219
0.295144 0.302411 0.321388 0.440433 0.204561 0.442529 0.295328 0.272277 0.304274 0.568289 0.206915 0.4421 0.20567 0.273534 0.24433 0.204147 0.203755 0.296834 0.353547 0.30051 0.302788 0.542601 0.292915 0.20458 0.31955
0.291426 0.29779 0.317826 0.452082 0.204598 0.454187 0.291608 0.2694 0.299639 0.576402 0.206952 0.453755 0.205707 0.270652 0.24391 0.204183 0.203792 0.293105 0.348181 0.295903 0.298164 0.550528 0.289211 0.204617 0.315997
0.287898 0.293327 0.314364 0.463398 0.204624 0.465509 0.288079 0.266729 0.295162 0.584201 0.206978 0.465076 0.205733 0.267976 0.243377 0.204209 0.203818 0.289567 0.342853 0.291454 0.293698 0.55824 0.285696 0.204643 0.312544
0.284548 0.289028 0.310985 0.474378 0.20464 0.476493 0.284728 0.264247 0.290851 0.591686 0.206994 0.476059 0.205749 0.265487 0.242731 0.204225 0.203833 0.286207 0.337576 0.28717 0.289397 0.565738 0.282359 0.204659 0.309173
0.281366 0.284904 0.307677 0.485018 0.204647 0.487135 0.281545 0.261936 0.286713 0.598851 0.207001 0.486701 0.205756 0.263172 0.241978 0.204233 0.203841 0.283016 0.332365 0.283059 0.285271 0.573018 0.279191 0.204666 0.305874
0.278346 0.280963 0.304435 0.49531 0.204648 0.497428 0.278524 0.259783 0.282759 0.60569 0.207002 0.496994 0.205757 0.261014 0.241124 0.204234 0.203842 0.279986 0.32724 0.279131 0.281326 0.580074 0.276182 0.204667 0.30264
0.275479 0.277211 0.301253 0.505242 0.204643 0.507359 0.275657 0.257776 0.278994 0.612201 0.206997 0.506925 0.205753 0.259003 0.240179 0.204229 0.203837 0.277111 0.32222 0.275392 0.277572 0.586896 0.273328 0.204663 0.299467
0.272763 0.273654 0.298134 0.514802 0.204635 0.516918 0.272939 0.255903 0.275425 0.618378 0.206989 0.516484 0.205744 0.257125 0.239156 0.20422 0.203828 0.274386 0.317324 0.271848 0.274013 0.593474 0.270622 0.204654 0.296356
0.27019 0.270297 0.295079 0.523977 0.204623 0.52609 0.270366 0.254154 0.272056 0.62422 0.206976 0.525657 0.205732 0.255372 0.238065 0.204208 0.203816 0.271805 0.312571 0.268502 0.270653 0.599799 0.268061 0.204642 0.29331
0.267759 0.267141 0.292093 0.532755 0.204608 0.534865 0.267934 0.252519 0.26889 0.629725 0.206962 0.534433 0.205717 0.253734 0.236922 0.204194 0.203802 0.269366 0.307979 0.265359 0.267495 0.605859 0.26564 0.204627 0.290332
0.265466 0.264189 0.289182 0.541126 0.204593 0.543231 0.265639 0.250992 0.265926 0.634896 0.206946 0.542799 0.205702 0.252203 0.235739 0.204178 0.203787 0.267065 0.303565 0.262417 0.26454 0.611646 0.263356 0.204612 0.28743
0.263306 0.261437 0.286355 0.549079 0.204576 0.551178 0.263479 0.249564 0.263165 0.639734 0.20693 0.550748 0.205685 0.250772 0.234532 0.204162 0.20377 0.264899 0.299341 0.259675 0.261787 0.617151 0.261206 0.204595 0.284611
0.261278 0.258883 0.283618 0.556608 0.204559 0.558702 0.26145 0.248231 0.260602 0.644247 0.206913 0.558273 0.205668 0.249436 0.233312 0.204145 0.203753 0.262864 0.295321 0.257131 0.259231 0.622369 0.259187 0.204578 0.281883
0.259377 0.256523 0.28098 0.563711 0.204543 0.565798 0.259549 0.246986 0.258233 0.648441 0.206896 0.565371 0.205652 0.248188 0.232094 0.204128 0.203737 0.260957 0.291511 0.25478 0.256869 0.627296 0.257295 0.204562 0.279253
0.257601 0.254351 0.278447 0.570386 0.204527 0.572467 0.257771 0.245824 0.256052 0.652325 0.20688 0.57204 0.205635 0.247024 0.230888 0.204112 0.203721 0.259174 0.287919 0.252616 0.254695 0.63193 0.255526 0.204546 0.276728
0.255944 0.252358 0.276027 0.576636 0.204512 0.57871 0.256115 0.244742 0.254052 0.655911 0.206864 0.578285 0.20562 0.245939 0.229706 0.204097 0.203706 0.257512 0.284547 0.250631 0.252701 0.636273 0.253877 0.204531 0.274315
0.254404 0.250537 0.273723 0.582467 0.204497 0.584534 0.254574 0.243735 0.252225 0.659211 0.20685 0.584111 0.205606 0.244929 0.228557 0.204083 0.203692 0.255967 0.281395 0.248817 0.250879 0.640327 0.252345 0.204516 0.272019
0.252977 0.248879 0.271541 0.587888 0.204484 0.589949 0.253146 0.242799 0.25056 0.662238 0.206837 0.589527 0.205593 0.24399 0.227448 0.20407 0.203679 0.254534 0.278462 0.247166 0.249219 0.644097 0.250923 0.204503 0.269843
0.251656 0.247374 0.269482 0.592912 0.204472 0.594966 0.251824 0.24193 0.249049 0.665007 0.206825 0.594545 0.205581 0.24312 0.226386 0.204058 0.203667 0.253209 0.275743 0.245666 0.247713 0.647592 0.249608 0.204491 0.267791
0.250437 0.246011 0.267548 0.597551 0.204462 0.599599 0.250606 0.241126 0.247681 0.667533 0.206814 0.599179 0.20557 0.242314 0.225375 0.204047 0.203656 0.251986 0.273233 0.244309 0.246349 0.650821 0.248396 0.204481 0.265863
0.249316 0.244782 0.265738 0.601823 0.204452 0.603865 0.249484 0.240382 0.246447 0.669831 0.206804 0.603446 0.20556 0.241568 0.224418 0.204038 0.203646 0.250861 0.270923 0.243085 0.245119 0.653794 0.24728 0.204471 0.264059
0.248287 0.243676 0.264051 0.605744 0.204443 0.60778 0.248455 0.239696 0.245336 0.671917 0.206796 0.607363 0.205552 0.24088 0.223519 0.204029 0.203638 0.249829 0.268805 0.241983 0.244012 0.656524 0.246256 0.204462 0.262378
0.247345 0.242682 0.262485 0.609334 0.204436 0.611365 0.247512 0.239064 0.244339 0.673806 0.206788 0.610949 0.205544 0.240247 0.222677 0.204022 0.20363 0.248883 0.266869 0.240994 0.243018 0.659023 0.245318 0.204455 0.260816
0.246483 0.241793 0.261035 0.612612 0.204429 0.614638 0.24665 0.238483 0.243446 0.675513 0.206781 0.614223 0.205537 0.239664 0.221894 0.204015 0.203624 0.248018 0.265105 0.240108 0.242127 0.661304 0.24446 0.204448 0.259371
0.245698 0.240997 0.259697 0.615598 0.204423 0.617619 0.245864 0.23795 0.242647 0.677053 0.206776 0.617205 0.205532 0.23913 0.221167 0.204009 0.203618 0.24723 0.263501 0.239316 0.241331 0.663382 0.243679 0.204443 0.258038
0.244983 0.240288 0.258467 0.618313 0.204418 0.620329 0.245149 0.237461 0.241935 0.678439 0.206771 0.619916 0.205527 0.23864 0.220496 0.204004 0.203613 0.246513 0.262048 0.238609 0.240621 0.66527 0.242967 0.204438 0.256812
0.244334 0.239656 0.257338 0.620774 0.204414 0.622786 0.244499 0.237015 0.241301 0.679685 0.206766 0.622374 0.205522 0.238193 0.219878 0.204 0.203609 0.245861 0.260733 0.23798 0.239989 0.666981 0.242321 0.204433 0.255687
0.243745 0.239094 0.256306 0.623003 0.20441 0.625011 0.24391 0.236607 0.240736 0.680803 0.206762 0.6246 0.205519 0.237784 0.219312 0.203996 0.203605 0.24527 0.259546 0.23742 0.239426 0.66853 0.241734 0.204429 0.254658
0.243211 0.238595 0.255363 0.625018 0.204407 0.627022 0.243377 0.236236 0.240235 0.681806 0.206759 0.626612 0.205515 0.237411 0.218794 0.203993 0.203602 0.244734 0.258477 0.236923 0.238927 0.66993 0.241204 0.204426 0.253719
0.242729 0.238152 0.254505 0.626835 0.204404 0.628837 0.242894 0.235897 0.239791 0.682703 0.206756 0.628427 0.205512 0.237072 0.218321 0.20399 0.203599 0.24425 0.257515 0.236482 0.238484 0.671191 0.240723 0.204423 0.252863
0.242293 0.237761 0.253725 0.628473 0.204402 0.630471 0.242458 0.23559 0.239398 0.683505 0.206754 0.630062 0.20551 0.236764 0.217891 0.203988 0.203596 0.243813 0.256652 0.236092 0.238092 0.672328 0.24029 0.204421 0.252086
0.2419 0.237414 0.253016 0.629947 0.2044 0.631943 0.242065 0.235311 0.23905 0.684222 0.206752 0.631534 0.205508 0.236484 0.217501 0.203986 0.203594 0.243419 0.255878 0.235747 0.237745 0.67335 0.239899 0.204419 0.25138
0.241546 0.237107 0.252375 0.631272 0.204398 0.633265 0.241711 0.235058 0.238742 0.684862 0.20675 0.632857 0.205506 0.236231 0.217148 0.203984 0.203593 0.243063 0.255185 0.235442 0.237438 0.674267 0.239546 0.204417 0.250741
0.241227 0.236837 0.251795 0.632461 0.204396 0.634452 0.241392 0.234828 0.23847 0.685432 0.206748 0.634044 0.205505 0.236001 0.216828 0.203982 0.203591 0.242743 0.254566 0.235172 0.237167 0.675091 0.239229 0.204416 0.250163
0.240941 0.236598 0.251271 0.633528 0.204395 0.635517 0.241105 0.234621 0.23823 0.68594 0.206747 0.635109 0.205503 0.235793 0.21654 0.203981 0.20359 0.242456 0.254012 0.234934 0.236928 0.675829 0.238944 0.204414 0.249641
0.240683 0.236387 0.250798 0.634484 0.204394 0.636471 0.240848 0.234434 0.238019 0.686393 0.206746 0.636064 0.205502 0.235605 0.21628 0.20398 0.203589 0.242197 0.253518 0.234725 0.236717 0.676489 0.238688 0.204413 0.24917
0.240452 0.236202 0.250372 0.63534 0.204393 0.637325 0.240616 0.234264 0.237832 0.686796 0.206745 0.636919 0.205501 0.235435 0.216046 0.203979 0.203588 0.241965 0.253077 0.23454 0.236532 0.677081 0.238458 0.204412 0.248745
0.240245 0.236038 0.249988 0.636106 0.204392 0.63809 0.240409 0.234112 0.237668 0.687155 0.206744 0.637684 0.2055 0.235282 0.215835 0.203978 0.203587 0.241757 0.252685 0.234377 0.236368 0.677609 0.238251 0.204411 0.248363
0.240059 0.235894 0.249643 0.636791 0.204391 0.638774 0.240223 0.233974 0.237524 0.687473 0.206743 0.638368 0.2055 0.235144 0.215646 0.203977 0.203586 0.241571 0.252335 0.234233 0.236224 0.678082 0.238066 0.204411 0.248019
0.239892 0.235767 0.249333 0.637404 0.204391 0.639385 0.240056 0.23385 0.237396 0.687757 0.206743 0.638979 0.205499 0.23502 0.215477 0.203977 0.203585 0.241403 0.252024 0.234107 0.236097 0.678503 0.2379 0.20441 0.24771
0.239743 0.235656 0.249055 0.637951 0.20439 0.639931 0.239907 0.233738 0.237285 0.688009 0.206742 0.639525 0.205498 0.234908 0.215325 0.203976 0.203585 0.241253 0.251748 0.233996 0.235986 0.67888 0.237752 0.204409 0.247432
0.239609 0.235558 0.248805 0.638439 0.20439 0.640418 0.239773 0.233637 0.237186 0.688232 0.206742 0.640013 0.205498 0.234807 0.215188 0.203976 0.203584 0.241119 0.251502 0.233899 0.235887 0.679215 0.237619 0.204409 0.247183
0.239489 0.235472 0.248581 0.638875 0.204389 0.640853 0.239653 0.233547 0.2371 0.688431 0.206741 0.640448 0.205497 0.234716 0.215066 0.203975 0.203584 0.240999 0.251284 0.233813 0.235801 0.679515 0.2375 0.204408 0.24696
0.239382 0.235396 0.24838 0.639264 0.204389 0.641242 0.239546 0.233465 0.237023 0.688607 0.206741 0.640837 0.205497 0.234634 0.214957 0.203975 0.203583 0.240892 0.251089 0.233737 0.235725 0.679782 0.237393 0.204408 0.24676
0.239287 0.235329 0.2482 0.639611 0.204389 0.641588 0.23945 0.233392 0.236957 0.688764 0.20674 0.641183 0.205497 0.234561 0.21486 0.203974 0.203583 0.240796 0.250917 0.233671 0.235659 0.68002 0.237298 0.204408 0.246581
0.239201 0.235271 0.248039 0.63992 0.204388 0.641897 0.239365 0.233326 0.236898 0.688903 0.20674 0.641492 0.205496 0.234495 0.214773 0.203974 0.203583 0.24071 0.250764 0.233613 0.2356 0.680231 0.237213 0.204407 0.24642
0.239125 0.235219 0.247895 0.640196 0.204388 0.642172 0.239288 0.233267 0.236846 0.689026 0.20674 0.641767 0.205496 0.234436 0.214695 0.203974 0.203583 0.240633 0.250629 0.233562 0.235549 0.68042 0.237137 0.204407 0.246276
0.239056 0.235174 0.247765 0.640442 0.204388 0.642417 0.23922 0.233214 0.236801 0.689136 0.20674 0.642013 0.205496 0.234383 0.214625 0.203974 0.203582 0.240564 0.250508 0.233517 0.235503 0.680588 0.237069 0.204407 0.246148
0.238995 0.235135 0.24765 0.640661 0.204388 0.642636 0.239159 0.233167 0.236761 0.689233 0.206739 0.642231 0.205496 0.234335 0.214563 0.203974 0.203582 0.240503 0.250401 0.233477 0.235464 0.680738 0.237008 0.204407 0.246032
0.238941 0.2351 0.247547 0.640856 0.204387 0.642831 0.239104 0.233124 0.236726 0.689319 0.206739 0.642426 0.205496 0.234292 0.214508 0.203973 0.203582 0.240448 0.250307 0.233442 0.235429 0.680871 0.236954 0.204407 0.245929
0.238892 0.235069 0.247454 0.64103 0.204387 0.643004 0.239056 0.233086 0.236695 0.689395 0.206739 0.6426 0.205495 0.234254 0.214458 0.203973 0.203582 0.240399 0.250223 0.233412 0.235398 0.680989 0.236905 0.204406 0.245837
0.238848 0.235042 0.247372 0.641185 0.204387 0.643159 0.239012 0.233052 0.236669 0.689463 0.206739 0.642754 0.205495 0.23422 0.214414 0.203973 0.203582 0.240356 0.250148 0.233385 0.235372 0.681095 0.236862 0.204406 0.245755
0.23881 0.235019 0.247298 0.641323 0.204387 0.643296 0.238973 0.233021 0.236645 0.689523 0.206739 0.642892 0.205495 0.234189 0.214375 0.203973 0.203582 0.240317 0.250082 0.233362 0.235348 0.681188 0.236823 0.204406 0.245682
0.238775 0.234998 0.247232 0.641445 0.204387 0.643419 0.238938 0.232993 0.236624 0.689577 0.206739 0.643015 0.205495 0.234161 0.21434 0.203973 0.203582 0.240282 0.250024 0.233341 0.235327 0.681272 0.236789 0.204406 0.245616
0.238744 0.23498 0.247173 0.641555 0.204387 0.643528 0.238908 0.232969 0.236606 0.689624 0.206739 0.643124 0.205495 0.234136 0.214309 0.203973 0.203581 0.240251 0.249972 0.233323 0.235309 0.681346 0.236758 0.204406 0.245557
0.238716 0.234964 0.247121 0.641652 0.204387 0.643625 0.23888 0.232946 0.23659 0.689666 0.206739 0.643221 0.205495 0.234114 0.214281 0.203973 0.203581 0.240223 0.249926 0.233307 0.235293 0.681412 0.23673 0.204406 0.245505
0.238692 0.23495 0.247074 0.641739 0.204387 0.643711 0.238855 0.232927 0.236576 0.689703 0.206738 0.643307 0.205495 0.234094 0.214256 0.203973 0.203581 0.240198 0.249885 0.233293 0.235279 0.681471 0.236706 0.204406 0.245458
0.23867 0.234938 0.247032 0.641816 0.204387 0.643788 0.238833 0.232909 0.236563 0.689736 0.206738 0.643384 0.205495 0.234077 0.214234 0.203973 0.203581 0.240176 0.249849 0.233281 0.235267 0.681523 0.236684 0.204406 0.245416
0.23865 0.234927 0.246994 0.641885 0.204387 0.643857 0.238814 0.232893 0.236553 0.689766 0.206738 0.643453 0.205495 0.234061 0.214215 0.203972 0.203581 0.240157 0.249817 0.23327 0.235256 0.681569 0.236664 0.204406 0.245379
0.238633 0.234918 0.246961 0.641946 0.204386 0.643918 0.238796 0.232879 0.236543 0.689792 0.206738 0.643514 0.205495 0.234046 0.214197 0.203972 0.203581 0.240139 0.249789 0.233261 0.235247 0.681611 0.236647 0.204406 0.245346
0.238617 0.234909 0.246931 0.642 0.204386 0.643972 0.238781 0.232866 0.236535 0.689815 0.206738 0.643568 0.205495 0.234033 0.214182 0.203972 0.203581 0.240123 0.249764 0.233253 0.235238 0.681647 0.236632 0.204406 0.245316
0.238603 0.234902 0.246905 0.642048 0.204386 0.64402 0.238767 0.232855 0.236527 0.689835 0.206738 0.643617 0.205495 0.234022 0.214168 0.203972 0.203581 0.240109 0.249741 0.233245 0.235231 0.68168 0.236618 0.204406 0.24529
0.238591 0.234896 0.246881 0.642091 0.204386 0.644063 0.238754 0.232844 0.236521 0.689853 0.206738 0.64366 0.205494 0.234012 0.214155 0.203972 0.203581 0.240097 0.249722 0.233239 0.235224 0.681709 0.236605 0.204405 0.245266
0.238579 0.23489 0.24686 0.64213 0.204386 0.644102 0.238743 0.232835 0.236515 0.689869 0.206738 0.643698 0.205494 0.234003 0.214144 0.203972 0.203581 0.240086 0.249704 0.233233 0.235219 0.681735 0.236594 0.204405 0.245245
0.23857 0.234885 0.246841 0.642164 0.204386 0.644136 0.238733 0.232827 0.23651 0.689884 0.206738 0.643732 0.205494 0.233994 0.214135 0.203972 0.203581 0.240076 0.249689 0.233229 0.235214 0.681758 0.236584 0.204405 0.245226
0.238561 0.234881 0.246824 0.642194 0.204386 0.644166 0.238724 0.23282 0.236506 0.689896 0.206738 0.643762 0.205494 0.233987 0.214126 0.203972 0.203581 0.240067 0.249675 0.233224 0.23521 0.681778 0.236576 0.204405 0.245209
0.238553 0.234877 0.246809 0.642221 0.204386 0.644193 0.238716 0.232813 0.236502 0.689907 0.206738 0.643789 0.205494 0.233981 0.214118 0.203972 0.203581 0.240059 0.249663 0.23322 0.235206 0.681796 0.236568 0.204405 0.245194
0.238546 0.234874 0.246795 0.642245 0.204386 0.644217 0.238709 0.232807 0.236499 0.689917 0.206738 0.643813 0.205494 0.233975 0.214111 0.203972 0.203581 0.240052 0.249652 0.233217 0.235202 0.681812 0.236561 0.204405 0.245181
0.23854 0.234871 0.246783 0.642267 0.204386 0.644238 0.238703 0.232802 0.236496 0.689926 0.206738 0.643834 0.205494 0.233969 0.214105 0.203972 0.203581 0.240046 0.249643 0.233214 0.2352 0.681827 0.236555 0.204405 0.245169
0.238534 0.234868 0.246773 0.642286 0.204386 0.644257 0.238698 0.232797 0.236493 0.689934 0.206738 0.643853 0.205494 0.233965 0.2141 0.203972 0.203581 0.24004 0.249634 0.233212 0.235197 0.681839 0.236549 0.204405 0.245158
0.238529 0.234866 0.246763 0.642303 0.204386 0.644274 0.238693 0.232793 0.236491 0.689941 0.206738 0.64387 0.205494 0.23396 0.214095 0.203972 0.203581 0.240035 0.249627 0.233209 0.235195 0.681851 0.236544 0.204405 0.245149
0.238525 0.234864 0.246755 0.642318 0.204386 0.644289 0.238688 0.232789 0.236489 0.689947 0.206738 0.643885 0.205494 0.233957 0.214091 0.203972 0.203581 0.240031 0.24962 0.233207 0.235193 0.681861 0.23654 0.204405 0.24514
0.238521 0.234862 0.246747 0.642331 0.204386 0.644303 0.238684 0.232786 0.236487 0.689953 0.206738 0.643899 0.205494 0.233953 0.214087 0.203972 0.203581 0.240027 0.249614 0.233206 0.235191 0.68187 0.236536 0.204405 0.245133
0.238517 0.23486 0.24674 0.642343 0.204386 0.644315 0.238681 0.232783 0.236486 0.689958 0.206738 0.643911 0.205494 0.23395 0.214083 0.203972 0.203581 0.240023 0.249609 0.233204 0.235189 0.681878 0.236532 0.204405 0.245126
0.238514 0.234859 0.246734 0.642354 0.204386 0.644325 0.238678 0.23278 0.236485 0.689962 0.206738 0.643921 0.205494 0.233948 0.21408 0.203972 0.203581 0.24002 0.249604 0.233203 0.235188 0.681885 0.236529 0.204405 0.24512
0.238511 0.234858 0.246729 0.642363 0.204386 0.644335 0.238675 0.232778 0.236483 0.689966 0.206738 0.643931 0.205494 0.233945 0.214078 0.203972 0.203581 0.240017 0.2496 0.233202 0.235187 0.681891 0.236526 0.204405 0.245115
0.238509 0.234857 0.246724 0.642372 0.204386 0.644343 0.238672 0.232776 0.236482 0.689969 0.206738 0.643939 0.205494 0.233943 0.214075 0.203972 0.203581 0.240015 0.249597 0.233201 0.235186 0.681897 0.236524 0.204405 0.24511
0.238507 0.234856 0.24672 0.642379 0.204386 0.64435 0.23867 0.232774 0.236481 0.689972 0.206738 0.643947 0.205494 0.233941 0.214073 0.203972 0.203581 0.240013 0.249593 0.2332 0.235185 0.681902 0.236522 0.204405 0.245106
0.238505 0.234855 0.246716 0.642386 0.204386 0.644357 0.238668 0.232772 0.236481 0.689975 0.206738 0.643953 0.205494 0.23394 0.214071 0.203972 0.203581 0.240011 0.249591 0.233199 0.235184 0.681906 0.23652 0.204405 0.245102
0.238503 0.234855 0.246713 0.642392 0.204386 0.644363 0.238666 0.232771 0.23648 0.689977 0.206738 0.643959 0.205494 0.233938 0.214069 0.203972 0.203581 0.240009 0.249588 0.233198 0.235183 0.68191 0.236518 0.204405 0.245099
0.238501 0.234854 0.24671 0.642397 0.204386 0.644368 0.238665 0.232769 0.236479 0.689979 0.206738 0.643964 0.205494 0.233937 0.214068 0.203972 0.203581 0.240007 0.249586 0.233198 0.235183 0.681913 0.236516 0.204405 0.245096
0.2385 0.234853 0.246707 0.642402 0.204386 0.644373 0.238663 0.232768 0.236479 0.689981 0.206738 0.643969 0.205494 0.233935 0.214067 0.203972 0.203581 0.240006 0.249584 0.233197 0.235182 0.681917 0.236515 0.204405 0.245093
0.238499 0.234853 0.246705 0.642406 0.204386 0.644377 0.238662 0.232767 0.236478 0.689983 0.206738 0.643973 0.205494 0.233934 0.214065 0.203972 0.203581 0.240005 0.249582 0.233197 0.235182 0.681919 0.236514 0.204405 0.245091
0.238497 0.234852 0.246703 0.64241 0.204386 0.644381 0.238661 0.232766 0.236478 0.689984 0.206738 0.643977 0.205494 0.233933 0.214064 0.203972 0.203581 0.240004 0.24958 0.233196 0.235181 0.681922 0.236513 0.204405 0.245088
0.238496 0.234852 0.246701 0.642413 0.204386 0.644384 0.23866 0.232765 0.236477 0.689986 0.206738 0.64398 0.205494 0.233932 0.214063 0.203972 0.203581 0.240003 0.249579 0.233196 0.235181 0.681924 0.236512 0.204405 0.245087
0.238496 0.234852 0.246699 0.642416 0.204386 0.644387 0.238659 0.232764 0.236477 0.689987 0.206738 0.643983 0.205494 0.233932 0.214063 0.203972 0.203581 0.240002 0.249578 0.233196 0.235181 0.681926 0.236511 0.204405 0.245085
0.238495 0.234852 0.246697 0.642418 0.204386 0.64439 0.238658 0.232764 0.236477 0.689988 0.206738 0.643986 0.205494 0.233931 0.214062 0.203972 0.203581 0.240001 0.249577 0.233195 0.23518 0.681928 0.23651 0.204405 0.245083
0.238494 0.234851 0.246696 0.642421 0.204386 0.644392 0.238658 0.232763 0.236477 0.689989 0.206738 0.643988 0.205494 0.23393 0.214061 0.203972 0.203581 0.24 0.249576 0.233195 0.23518 0.681929 0.236509 0.204405 0.245082
0.238493 0.234851 0.246695 0.642423 0.204386 0.644394 0.238657 0.232762 0.236476 0.68999 0.206738 0.64399 0.205494 0.23393 0.214061 0.203972 0.203581 0.24 0.249575 0.233195 0.23518 0.681931 0.236509 0.204405 0.245081
0.238493 0.234851 0.246694 0.642425 0.204386 0.644396 0.238656 0.232762 0.236476 0.68999 0.206738 0.643992 0.205494 0.233929 0.21406 0.203972 0.203581 0.239999 0.249574 0.233195 0.23518 0.681932 0.236508 0.204405 0.24508
0.238492 0.234851 0.246693 0.642426 0.204386 0.644398 0.238656 0.232762 0.236476 0.689991 0.206738 0.643994 0.205494 0.233929 0.21406 0.203972 0.203581 0.239998 0.249574 0.233194 0.23518 0.681933 0.236508 0.204405 0.245079
0.238492 0.234851 0.246692 0.642428 0.204386 0.644399 0.238655 0.232761 0.236476 0.689991 0.206738 0.643995 0.205494 0.233928 0.214059 0.203972 0.203581 0.239998 0.249573 0.233194 0.235179 0.681934 0.236507 0.204405 0.245078
0.238492 0.23485 0.246691 0.642429 0.204386 0.6444 0.238655 0.232761 0.236476 0.689992 0.206738 0.643996 0.205494 0.233928 0.214059 0.203972 0.203581 0.239998 0.249572 0.233194 0.235179 0.681935 0.236507 0.204405 0.245077
0.238491 0.23485 0.246691 0.64243 0.204386 0.644401 0.238655 0.23276 0.236476 0.689992 0.206738 0.643998 0.205494 0.233928 0.214059 0.203972 0.203581 0.239997 0.249572 0.233194 0.235179 0.681935 0.236506 0.204405 0.245076
0.238491 0.23485 0.24669 0.642431 0.204386 0.644402 0.238654 0.23276 0.236476 0.689993 0.206738 0.643999 0.205494 0.233927 0.214058 0.203972 0.203581 0.239997 0.249572 0.233194 0.235179 0.681936 0.236506 0.204405 0.245076
0.238491 0.23485 0.246689 0.642432 0.204386 0.644403 0.238654 0.23276 0.236475 0.689993 0.206738 0.644 0.205494 0.233927 0.214058 0.203972 0.203581 0.239997 0.249571 0.233194 0.235179 0.681937 0.236506 0.204405 0.245075
0.23849 0.23485 0.246689 0.642433 0.204386 0.644404 0.238654 0.23276 0.236475 0.689993 0.206738 0.644 0.205494 0.233927 0.214058 0.203972 0.203581 0.239996 0.249571 0.233194 0.235179 0.681937 0.236506 0.204405 0.245075
0.23849 0.23485 0.246689 0.642434 0.204386 0.644405 0.238654 0.23276 0.236475 0.689994 0.206738 0.644001 0.205494 0.233927 0.214058 0.203972 0.203581 0.239996 0.249571 0.233194 0.235179 0.681938 0.236505 0.204405 0.245074
0.23849 0.23485 0.246688 0.642434 0.204386 0.644406 0.238653 0.232759 0.236475 0.689994 0.206738 0.644002 0.205494 0.233927 0.214057 0.203972 0.203581 0.239996 0.24957 0.233194 0.235179 0.681938 0.236505 0.204405 0.245074
0.23849 0.23485 0.246688 0.642435 0.204386 0.644406 0.238653 0.232759 0.236475 0.689994 0.206738 0.644002 0.205494 0.233926 0.214057 0.203972 0.203581 0.239996 0.24957 0.233194 0.235179 0.681938 0.236505 0.204405 0.245074
0.23849 0.23485 0.246688 0.642435 0.204386 0.644407 0.238653 0.232759 0.236475 0.689994 0.206738 0.644003 0.205494 0.233926 0.214057 0.203972 0.203581 0.239996 0.24957 0.233194 0.235179 0.681939 0.236505 0.204405 0.245073
0.238489 0.23485 0.246687 0.642436 0.204386 0.644407 0.238653 0.232759 0.236475 0.689995 0.206738 0.644003 0.205494 0.233926 0.214057 0.203972 0.203581 0.239996 0.24957 0.233193 0.235179 0.681939 0.236505 0.204405 0.245073
0.238489 0.23485 0.246687 0.642436 0.204386 0.644407 0.238653 0.232759 0.236475 0.689995 0.206738 0.644004 0.205494 0.233926 0.214057 0.203972 0.203581 0.239995 0.24957 0.233193 0.235179 0.681939 0.236505 0.204405 0.245073
0.238489 0.23485 0.246687 0.642437 0.204386 0.644408 0.238653 0.232759 0.236475 0.689995 0.206738 0.644004 0.205494 0.233926 0.214057 0.203972 0.203581 0.239995 0.249569 0.233193 0.235179 0.68194 0.236504 0.204405 0.245073
0.238489 0.23485 0.246687 0.642437 0.204386 0.644408 0.238653 0.232759 0.236475 0.689995 0.206738 0.644004 0.205494 0.233926 0.214057 0.203972 0.203581 0.239995 0.249569 0.233193 0.235179 0.68194 0.236504 0.204405 0.245073
0.238489 0.23485 0.246686 0.642437 0.204386 0.644408 0.238653 0.232759 0.236475 0.689995 0.206738 0.644005 0.205494 0.233926 0.214057 0.203972 0.203581 0.239995 0.249569 0.233193 0.235179 0.68194 0.236504 0.204405 0.245072
0.238489 0.23485 0.246686 0.642437 0.204386 0.644409 0.238652 0.232758 0.236475 0.689995 0.206738 0.644005 0.205494 0.233926 0.214056 0.203972 0.203581 0.239995 0.249569 0.233193 0.235179 0.68194 0.236504 0.204405 0.245072
0.238489 0.23485 0.246686 0.642438 0.204386 0.644409 0.238652 0.232758 0.236475 0.689995 0.206738 0.644005 0.205494 0.233926 0.214056 0.203972 0.203581 0.239995 0.249569 0.233193 0.235179 0.68194 0.236504 0.204405 0.245072
0.238489 0.23485 0.246686 0.642438 0.204386 0.644409 0.238652 0.232758 0.236475 0.689995 0.206738 0.644005 0.205494 0.233926 0.214056 0.203972 0.203581 0.239995 0.249569 0.233193 0.235179 0.68194 0.236504 0.204405 0.245072
0.238489 0.23485 0.246686 0.642438 0.204386 0.644409 0.238652 0.232758 0.236475 0.689995 0.206738 0.644006 0.205494 0.233926 0.214056 0.203972 0.203581 0.239995 0.249569 0.233193 0.235179 0.681941 0.236504 0.204405 0.245072
0.238489 0.23485 0.246686 0.642438 0.204386 0.644409 0.238652 0.232758 0.236475 0.689996 0.206738 0.644006 0.205494 0.233926 0.214056 0.203972 0.203581 0.239995 0.249569 0.233193 0.235179 0.681941 0.236504 0.204405 0.245072
0.238489 0.23485 0.246686 0.642438 0.204386 0.64441 0.238652 0.232758 0.236475 0.689996 0.206738 0.644006 0.205494 0.233925 0.214056 0.203972 0.203581 0.239995 0.249569 0.233193 0.235179 0.681941 0.236504 0.204405 0.245072
0.238489 0.23485 0.246686 0.642438 0.204386 0.64441 0.238652 0.232758 0.236475 0.689996 0.206738 0.644006 0.205494 0.233925 0.214056 0.203972 0.203581 0.239995 0.249569 0.233193 0.235178 0.681941 0.236504 0.204405 0.245072
0.238489 0.23485 0.246686 0.642439 0.204386 0.64441 0.238652 0.232758 0.236475 0.689996 0.206738 0.644006 0.205494 0.233925 0.214056 0.203972 0.203581 0.239995 0.249569 0.233193 0.235178 0.681941 0.236504 0.204405 0.245072
0.238489 0.23485 0.246686 0.642439 0.204386 0.64441 0.238652 0.232758 0.236475 0.689996 0.206738 0.644006 0.205494 0.233925 0.214056 0.203972 0.203581 0.239995 0.249569 0.233193 0.235178 0.681941 0.236504 0.204405 0.245071
0.238489 0.23485 0.246686 0.642439 0.204386 0.64441 0.238652 0.232758 0.236475 0.689996 0.206738 0.644006 0.205494 0.233925 0.214056 0.203972 0.203581 0.239995 0.249569 0.233193 0.235178 0.681941 0.236504 0.204405 0.245071
0.238489 0.23485 0.246685 0.642439 0.204386 0.64441 0.238652 0.232758 0.236475 0.689996 0.206738 0.644006 0.205494 0.233925 0.214056 0.203972 0.203581 0.239995 0.249569 0.233193 0.235178 0.681941 0.236504 0.204405 0.245071
0.238489 0.23485 0.246685 0.642439 0.204386 0.64441 0.238652 0.232758 0.236475 0.689996 0.206738 0.644006 0.205494 0.233925 0.214056 0.203972 0.203581 0.239995 0.249568 0.233193 0.235178 0.681941 0.236504 0.204405 0.245071
0.238488 0.23485 0.246685 0.642439 0.204386 0.64441 0.238652 0.232758 0.236475 0.689996 0.206738 0.644006 0.205494 0.233925 0.214056 0.203972 0.203581 0.239995 0.249568 0.233193 0.235178 0.681941 0.236504 0.204405 0.245071
0.238488 0.23485 0.246685 0.642439 0.204386 0.64441 0.238652 0.232758 0.236475 0.689996 0.206738 0.644007 0.205494 0.233925 0.214056 0.203972 0.203581 0.239995 0.249568 0.233193 0.235178 0.681941 0.236504 0.204405 0.245071
0.238488 0.23485 0.246685 0.642439 0.204386 0.64441 0.238652 0.232758 0.236475 0.689996 0.206738 0.644007 0.205494 0.233925 0.214056 0.203972 0.203581 0.239994 0.249568 0.233193 0.235178 0.681941 0.236504 0.204405 0.245071
0.238488 0.23485 0.246685 0.642439 0.204386 0.64441 0.238652 0.232758 0.236475 0.689996 0.206738 0.644007 0.205494 0.233925 0.214056 0.203972 0.203581 0.239994 0.249568 0.233193 0.235178 0.681941 0.236504 0.204405 0.245071
0.238488 0.23485 0.246685 0.642439 0.204386 0.64441 0.238652 0.232758 0.236475 0.689996 0.206738 0.644007 0.205494 0.233925 0.214056 0.203972 0.203581 0.239994 0.249568 0.233193 0.235178 0.681941 0.236504 0.204405 0.245071
0.238488 0.23485 0.246685 0.642439 0.204386 0.64441 0.238652 0.232758 0.236475 0.689996 0.206738 0.644007 0.205494 0.233925 0.214056 0.203972 0.203581 0.239994 0.249568 0.233193 0.235178 0.681941 0.236504 0.204405 0.245071
0.238488 0.23485 0.246685 0.642439 0.204386 0.64441 0.238652 0.232758 0.236475 0.689996 0.206738 0.644007 0.205494 0.233925 0.214056 0.203972 0.203581 0.239994 0.249568 0.233193 0.235178 0.681941 0.236504 0.204405 0.245071
0.238488 0.234849 0.246685 0.642439 0.204386 0.644411 0.238652 0.232758 0.236475 0.689996 0.206738 0.644007 0.205494 0.233925 0.214056 0.203972 0.203581 0.239994 0.249568 0.233193 0.235178 0.681941 0.236504 0.204405 0.245071
0.238488 0.234849 0.246685 0.642439 0.204386 0.644411 0.238652 0.232758 0.236475 0.689996 0.206738 0.644007 0.205494 0.233925 0.214056 0.203972 0.203581 0.239994 0.249568 0.233193 0.235178 0.681941 0.236504 0.204405 0.245071
0.238488 0.234849 0.246685 0.642439 0.204386 0.644411 0.238652 0.232758 0.236475 0.689996 0.206738 0.644007 0.205494 0.233925 0.214056 0.203972 0.203581 0.239994 0.249568 0.233193 0.235178 0.681941 0.236504 0.204405 0.245071
0.238488 0.234849 0.246685 0.642439 0.204386 0.644411 0.238652 0.232758 0.236475 0.689996 0.206738 0.644007 0.205494 0.233925 0.214056 0.203972 0.203581 0.239994 0.249568 0.233193 0.235178 0.681941 0.236504 0.204405 0.245071
0.238488 0.234849 0.246685 0.642439 0.204386 0.644411 0.238652 0.232758 0.236475 0.689996 0.206738 0.644007 0.205494 0.233925 0.214056 0.203972 0.203581 0.239994 0.249568 0.233193 0.235178 0.681941 0.236504 0.204405 0.245071
0.238488 0.234849 0.246685 0.642439 0.204386 0.644411 0.238652 0.232758 0.236475 0.689996 0.206738 0.644007 0.205494 0.233925 0.214056 0.203972 0.203581 0.239994 0.249568 0.233193 0.235178 0.681941 0.236504 0.204405 0.245071
0.238488 0.234849 0.246685 0.642439 0.204386 0.644411 0.238652 0.232758 0.236475 0.689996 0.206738 0.644007 0.205494 0.233925 0.214056 0.203972 0.203581 0.239994 0.249568 0.233193 0.235178 0.681941 0.236504 0.204405 0.245071
0.238488 0.234849 0.246685 0.642439 0.204386 0.644411 0.238652 0.232758 0.236475 0.689996 0.206738 0.644007 0.205494 0.233925 0.214056 0.203972 0.203581 0.239994 0.249568 0.233193 0.235178 0.681941 0.236504 0.204405 0.245071
0.238488 0.234849 0.246685 0.642439 0.204386 0.644411 0.238652 0.232758 0.236475 0.689996 0.206738 0.644007 0.205494 0.233925 0.214056 0.203972 0.203581 0.239994 0.249568 0.233193 0.235178 0.681941 0.236504 0.204405 0.245071
0.238488 0.234849 0.246685 0.642439 0.204386 0.644411 0.238652 0.232758 0.236475 0.689996 0.206738 0.644007 0.205494 0.233925 0.214056 0.203972 0.203581 0.239994 0.249568 0.233193 0.235178 0.681941 0.236504 0.204405 0.245071
0.238488 0.234849 0.246685 0.642439 0.204386 0.644411 0.238652 0.232758 0.236475 0.689996 0.206738 0.644007 0.205494 0.233925 0.214056 0.203972 0.203581 0.239994 0.249568 0.233193 0.235178 0.681941 0.236504 0.204405 0.245071
0.238488 0.234849 0.246685 0.642439 0.204386 0.644411 0.238652 0.232758 0.236475 0.689996 0.206738 0.644007 0.205494 0.233925 0.214056 0.203972 0.203581 0.239994 0.249568 0.233193 0.235178 0.681941 0.236504 0.204405 0.245071
0.238488 0.234849 0.246685 0.642439 0.204386 0.644411 0.238652 0.232758 0.236475 0.689996 0.206738 0.644007 0.205494 0.233925 0.214056 0.203972 0.203581 0.239994 0.249568 0.233193 0.235178 0.681941 0.236504 0.204405 0.245071
0.238488 0.234849 0.246685 0.642439 0.204386 0.644411 0.238652 0.232758 0.236475 0.689996 0.206738 0.644007 0.205494 0.233925 0.214056 0.203972 0.203581 0.239994 0.249568 0.233193 0.235178 0.681941 0.236504 0.204405 0.245071
0.238488 0.234849 0.246685 0.642439 0.204386 0.644411 0.238652 0.232758 0.236475 0.689996 0.206738 0.644007 0.205494 0.233925 0.214056 0.203972 0.203581 0.239994 0.249568 0.233193 0.235178 0.681941 0.236504 0.204405 0.245071
0.238488 0.234849 0.246685 0.642439 0.204386 0.644411 0.238652 0.232758 0.236475 0.689996 0.206738 0.644007 0.205494 0.233925 0.214056 0.203972 0.203581 0.239994 0.249568 0.233193 0.235178 0.681941 0.236504 0.204405 0.245071
0.238488 0.234849 0.246685 0.642439 0.204386 0.644411 0.238652 0.232758 0.236475 0.689996 0.206738 0.644007 0.205494 0.233925 0.214056 0.203972 0.203581 0.239994 0.249568 0.233193 0.235178 0.681941 0.236504 0.204405 0.245071
0.238488 0.234849 0.246685 0.642439 0.204386 0.644411 0.238652 0.232758 0.236475 0.689996 0.206738 0.644007 0.205494 0.233925 0.214056 0.203972 0.203581 0.239994 0.249568 0.233193 0.235178 0.681941 0.236504 0.204405 0.245071
0.238488 0.234849 0.246685 0.642439 0.204386 0.644411 0.238652 0.232758 0.236475 0.689996 0.206738 0.644007 0.205494 0.233925 0.214056 0.203972 0.203581 0.239994 0.249568 0.233193 0.235178 0.681941 0.236504 0.204405 0.245071
0.238488 0.234849 0.246685 0.642439 0.204386 0.644411 0.238652 0.232758 0.236475 0.689996 0.206738 0.644007 0.205494 0.233925 0.214056 0.203972 0.203581 0.239994 0.249568 0.233193 0.235178 0.681941 0.236504 0.204405 0.245071
0.238488 0.234849 0.246685 0.642439 0.204386 0.644411 0.238652 0.232758 0.236475 0.689996 0.206738 0.644007 0.205494 0.233925 0.214056 0.203972 0.203581 0.239994 0.249568 0.233193 0.235178 0.681941 0.236504 0.204405 0.245071
0.238488 0.234849 0.246685 0.642439 0.204386 0.644411 0.238652 0.232758 0.236475 0.689996 0.206738 0.644007 0.205494 0.233925 0.214056 0.203972 0.203581 0.239994 0.249568 0.233193 0.235178 0.681941 0.236504 0.204405 0.245071
0.238488 0.234849 0.246685 0.642439 0.204386 0.644411 0.238652 0.232758 0.236475 0.689996 0.206738 0.644007 0.205494 0.233925 0.214056 0.203972 0.203581 0.239994 0.249568 0.233193 0.235178 0.681941 0.236504 0.204405 0.245071
0.238488 0.234849 0.246685 0.642439 0.204386 0.644411 0.238652 0.232758 0.236475 0.689996 0.206738 0.644007 0.205494 0.233925 0.214056 0.203972 0.203581 0.239994 0.249568 0.233193 0.235178 0.681941 0.236504 0.204405 0.245071
0.238488 0.234849 0.246685 0.642439 0.204386 0.644411 0.238652 0.232758 0.236475 0.689996 0.206738 0.644007 0.205494 0.233925 0.214056 0.203972 0.203581 0.239994 0.249568 0.233193 0.235178 0.681941 0.236504 0.204405 0.245071
0.238488 0.234849 0.246685 0.642439 0.204386 0.644411 0.238652 0.232758 0.236475 0.689996 0.206738 0.644007 0.205494 0.233925 0.214056 0.203972 0.203581 0.239994 0.249568 0.233193 0.235178 0.681941 0.236504 0.204405 0.245071
0.238488 0.234849 0.246685 0.642439 0.204386 0.644411 0.238652 0.232758 0.236475 0.689996 0.206738 0.644007 0.205494 0.233925 0.214056 0.203972 0.203581 0.239994 0.249568 0.233193 0.235178 0.681941 0.236504 0.204405 0.245071
0.238488 0.234849 0.246685 0.642439 0.204386 0.644411 0.238652 0.232758 0.236475 0.689996 0.206738 0.644007 0.205494 0.233925 0.214056 0.203972 0.203581 0.239994 0.249568 0.233193 0.235178 0.681941 0.236504 0.204405 0.245071
0.238488 0.234849 0.246685 0.642439 0.204386 0.644411 0.238652 0.232758 0.236475 0.689996 0.206738 0.644007 0.205494 0.233925 0.214056 0.203972 0.203581 0.239994 0.249568 0.233193 0.235178 0.681941 0.236504 0.204405 0.245071
0.238488 0.234849 0.246685 0.642439 0.204386 0.644411 0.238652 0.232758 0.236475 0.689996 0.206738 0.644007 0.205494 0.233925 0.214056 0.203972 0.203581 0.239994 0.249568 0.233193 0.235178 0.681942 0.236504 0.204405 0.245071
0.238488 0.234849 0.246685 0.642439 0.204386 0.644411 0.238652 0.232758 0.236475 0.689996 0.206738 0.644007 0.205494 0.233925 0.214056 0.203972 0.203581 0.239994 0.249568 0.233193 0.235178 0.681942 0.236504 0.204405 0.245071
0.238488 0.234849 0.246685 0.642439 0.204386 0.644411 0.238652 0.232758 0.236475 0.689996 0.206738 0.644007 0.205494 0.233925 0.214056 0.203972 0.203581 0.239994 0.249568 0.233193 0.235178 0.681942 0.236504 0.204405 0.245071
0.238488 0.234849 0.246685 0.642439 0.204386 0.644411 0.238652 0.232758 0.236475 0.689996 0.206738 0.644007 0.205494 0.233925 0.214056 0.203972 0.203581 0.239994 0.249568 0.233193 0.235178 0.681942 0.236504 0.204405 0.245071
0.238488 0.234849 0.246685 0.642439 0.204386 0.644411 0.238652 0.232758 0.236475 0.689996 0.206738 0.644007 0.205494 0.233925 0.214056 0.203972 0.203581 0.239994 0.249568 0.233193 0.235178 0.681942 0.236504 0.204405 0.245071
0.238488 0.234849 0.246685 0.642439 0.204386 0.644411 0.238652 0.232758 0.236475 0.689996 0.206738 0.644007 0.205494 0.233925 0.214056 0.203972 0.203581 0.239994 0.249568 0.233193 0.235178 0.681942 0.236504 0.204405 0.245071
0.238488 0.234849 0.246685 0.642439 0.204386 0.644411 0.238652 0.232758 0.236475 0.689996 0.206738 0.644007 0.205494 0.233925 0.214056 0.203972 0.203581 0.239994 0.249568 0.233193 0.235178 0.681942 0.236504 0.204405 0.245071
0.238488 0.234849 0.246685 0.642439 0.204386 0.644411 0.238652 0.232758 0.236475 0.689996 0.206738 0.644007 0.205494 0.233925 0.214056 0.203972 0.203581 0.239994 0.249568 0.233193 0.235178 0.681942 0.236504 0.204405 0.245071
0.238488 0.234849 0.246685 0.642439 0.204386 0.644411 0.238652 0.232758 0.236475 0.689996 0.206738 0.644007 0.205494 0.233925 0.214056 0.203972 0.203581 0.239994 0.249568 0.233193 0.235178 0.681942 0.236504 0.204405 0.245071
0.238488 0.234849 0.246685 0.642439 0.204386 0.644411 0.238652 0.232758 0.236475 0.689996 0.206738 0.644007 0.205494 0.233925 0.214056 0.203972 0.203581 0.239994 0.249568 0.233193 0.235178 0.681942 0.236504 0.204405 0.245071
0.238488 0.234849 0.246685 0.642439 0.204386 0.644411 0.238652 0.232758 0.236475 0.689996 0.206738 0.644007 0.205494 0.233925 0.214056 0.203972 0.203581 0.239994 0.249568 0.233193 0.235178 0.681942 0.236504 0.204405 0.245071
0.238488 0.234849 0.246685 0.642439 0.204386 0.644411 0.238652 0.232758 0.236475 0.689996 0.206738 0.644007 0.205494 0.233925 0.214056 0.203972 0.203581 0.239994 0.249568 0.233193 0.235178 0.681942 0.236504 0.204405 0.245071
0.238488 0.234849 0.246685 0.642439 0.204386 0.644411 0.238652 0.232758 0.236475 0.689996 0.206738 0.644007 0.205494 0.233925 0.214056 0.203972 0.203581 0.239994 0.249568 0.233193 0.235178 0.681942 0.236504 0.204405 0.245071
0.238488 0.234849 0.246685 0.642439 0.204386 0.644411 0.238652 0.232758 0.236475 0.689996 0.206738 0.644007 0.205494 0.233925 0.214056 0.203972 0.203581 0.239994 0.249568 0.233193 0.235178 0.681942 0.236504 0.204405 0.245071
0.238488 0.234849 0.246685 0.642439 0.204386 0.644411 0.238652 0.232758 0.236475 0.689996 0.206738 0.644007 0.205494 0.233925 0.214056 0.203972 0.203581 0.239994 0.249568 0.233193 0.235178 0.681942 0.236504 0.204405 0.245071
0.238488 0.234849 0.246685 0.642439 0.204386 0.644411 0.238652 0.232758 0.236475 0.689996 0.206738 0.644007 0.205494 0.233925 0.214056 0.203972 0.203581 0.239994 0.249568 0.233193 0.235178 0.681942 0.236504 0.204405 0.245071
0.238488 0.234849 0.246685 0.642439 0.204386 0.644411 0.238652 0.232758 0.236475 0.689996 0.206738 0.644007 0.205494 0.233925 0.214056 0.203972 0.203581 0.239994 0.249568 0.233193 0.235178 0.681942 0.236504 0.204405 0.245071
0.238488 0.234849 0.246685 0.642439 0.204386 0.644411 0.238652 0.232758 0.236475 0.689996 0.206738 0.644007 0.205494 0.233925 0.214056 0.203972 0.203581 0.239994 0.249568 0.233193 0.235178 0.681942 0.236504 0.204405 0.245071
0.238488 0.234849 0.246685 0.642439 0.204386 0.644411 0.238652 0.232758 0.236475 0.689996 0.206738 0.644007 0.205494 0.233925 0.214056 0.203972 0.203581 0.239994 0.249568 0.233193 0.235178 0.681942 0.236504 0.204405 0.245071
0.238488 0.234849 0.246685 0.642439 0.204386 0.644411 0.238652 0.232758 0.236475 0.689996 0.206738 0.644007 0.205494 0.233925 0.214056 0.203972 0.203581 0.239994 0.249568 0.233193 0.235178 0.681942 0.236504 0.204405 0.245071
0.238488 0.234849 0.246685 0.642439 0.204386 0.644411 0.238652 0.232758 0.236475 0.689996 0.206738 0.644007 0.205494 0.233925 0.214056 0.203972 0.203581 0.239994 0.249568 0.233193 0.235178 0.681942 0.236504 0.204405 0.245071
0.238488 0.234849 0.246685 0.642439 0.204386 0.644411 0.238652 0.232758 0.236475 0.689996 0.206738 0.644007 0.205494 0.233925 0.214056 0.203972 0.203581 0.239994 0.249568 0.233193 0.235178 0.681942 0.236504 0.204405 0.245071
0.238488 0.234849 0.246685 0.642439 0.204386 0.644411 0.238652 0.232758 0.236475 0.689996 0.206738 0.644007 0.205494 0.233925 0.214056 0.203972 0.203581 0.239994 0.249568 0.233193 0.235178 0.681942 0.236504 0.204405 0.245071
0.238488 0.234849 0.246685 0.642439 0.204386 0.644411 0.238652 0.232758 0.236475 0.689996 0.206738 0.644007 0.205494 0.233925 0.214056 0.203972 0.203581 0.239994 0.249568 0.233193 0.235178 0.681942 0.236504 0.204405 0.245071
0.238488 0.234849 0.246685 0.642439 0.204386 0.644411 0.238652 0.232758 0.236475 0.689996 0.206738 0.644007 0.205494 0.233925 0.214056 0.203972 0.203581 0.239994 0.249568 0.233193 0.235178 0.681942 0.236504 0.204405 0.245071
0.238488 0.234849 0.246685 0.642439 0.204386 0.644411 0.238652 0.232758 0.236475 0.689996 0.206738 0.644007 0.205494 0.233925 0.214056 0.203972 0.203581 0.239994 0.249568 0.233193 0.235178 0.681942 0.236504 0.204405 0.245071
0.238488 0.234849 0.246685 0.642439 0.204386 0.644411 0.238652 0.232758 0.236475 0.689996 0.206738 0.644007 0.205494 0.233925 0.214056 0.203972 0.203581 0.239994 0.249568 0.233193 0.235178 0.681942 0.236504 0.204405 0.245071
0.238488 0.234849 0.246685 0.642439 0.204386 0.644411 0.238652 0.232758 0.236475 0.689996 0.206738 0.644007 0.205494 0.233925 0.214056 0.203972 0.203581 0.239994 0.249568 0.233193 0.235178 0.681942 0.236504 0.204405 0.245071
0.238488 0.234849 0.246685 0.642439 0.204386 0.644411 0.238652 0.232758 0.236475 0.689996 0.206738 0.644007 0.205494 0.233925 0.214056 0.203972 0.203581 0.239994 0.249568 0.233193 0.235178 0.681942 0.236504 0.204405 0.245071
0.238488 0.234849 0.246685 0.642439 0.204386 0.644411 0.238652 0.232758 0.236475 0.689996 0.206738 0.644007 0.205494 0.233925 0.214056 0.203972 0.203581 0.239994 0.249568 0.233193 0.235178 0.681942 0.236504 0.204405 0.245071
0.238488 0.234849 0.246685 0.642439 0.204386 0.644411 0.238652 0.232758 0.236475 0.689996 0.206738 0.644007 0.205494 0.233925 0.214056 0.203972 0.203581 0.239994 0.249568 0.233193 0.235178 0.681942 0.236504 0.204405 0.245071
0.238488 0.234849 0.246685 0.642439 0.204386 0.644411 0.238652 0.232758 0.236475 0.689996 0.206738 0.644007 0.205494 0.233925 0.214056 0.203972 0.203581 0.239994 0.249568 0.233193 0.235178 0.681942 0.236504 0.204405 0.245071
0.238488 0.234849 0.246685 0.642439 0.204386 0.644411 0.238652 0.232758 0.236475 0.689996 0.206738 0.644007 0.205494 0.233925 0.214056 0.203972 0.203581 0.239994 0.249568 0.233193 0.235178 0.681942 0.236504 0.204405 0.245071
0.238488 0.234849 0.246685 0.642439 0.204386 0.644411 0.238652 0.232758 0.236475 0.689996 0.206738 0.644007 0.205494 0.233925 0.214056 0.203972 0.203581 0.239994 0.249568 0.233193 0.235178 0.681942 0.236504 0.204405 0.245071
0.238488 0.234849 0.246685 0.642439 0.204386 0.644411 0.238652 0.232758 0.236475 0.689996 0.206738 0.644007 0.205494 0.233925 0.214056 0.203972 0.203581 0.239994 0.249568 0.233193 0.235178 0.681942 0.236504 0.204405 0.245071
0.238488 0.234849 0.246685 0.642439 0.204386 0.644411 0.238652 0.232758 0.236475 0.689996 0.206738 0.644007 0.205494 0.233925 0.214056 0.203972 0.203581 0.239994 0.249568 0.233193 0.235178 0.681942 0.236504 0.204405 0.245071
0.238488 0.234849 0.246685 0.642439 0.204386 0.644411 0.238652 0.232758 0.236475 0.689996 0.206738 0.644007 0.205494 0.233925 0.214056 0.203972 0.203581 0.239994 0.249568 0.233193 0.235178 0.681942 0.236504 0.204405 0.245071
0.238488 0.234849 0.246685 0.642439 0.204386 0.644411 0.238652 0.232758 0.236475 0.689996 0.206738 0.644007 0.205494 0.233925 0.214056 0.203972 0.203581 0.239994 0.249568 0.233193 0.235178 0.681942 0.236504 0.204405 0.245071
0.238488 0.234849 0.246685 0.642439 0.204386 0.644411 0.238652 0.232758 0.236475 0.689996 0.206738 0.644007 0.205494 0.233925 0.214056 0.203972 0.203581 0.239994 0.249568 0.233193 0.235178 0.681942 0.236504 0.204405 0.245071
0.238488 0.234849 0.246685 0.642439 0.204386 0.644411 0.238652 0.232758 0.236475 0.689996 0.206738 0.644007 0.205494 0.233925 0.214056 0.203972 0.203581 0.239994 0.249568 0.233193 0.235178 0.681942 0.236504 0.204405 0.245071
0.238488 0.234849 0.246685 0.642439 0.204386 0.644411 0.238652 0.232758 0.236475 0.689996 0.206738 0.644007 0.205494 0.233925 0.214056 0.203972 0.203581 0.239994 0.249568 0.233193 0.235178 0.681942 0.236504 0.204405 0.245071
0.238488 0.234849 0.246685 0.642439 0.204386 0.644411 0.238652 0.232758 0.236475 0.689996 0.206738 0.644007 0.205494 0.233925 0.214056 0.203972 0.203581 0.239994 0.249568 0.233193 0.235178 0.681942 0.236504 0.204405 0.245071
0.238488 0.234849 0.246685 0.642439 0.204386 0.644411 0.238652 0.232758 0.236475 0.689996 0.206738 0.644007 0.205494 0.233925 0.214056 0.203972 0.203581 0.239994 0.249568 0.233193 0.235178 0.681942 0.236504 0.204405 0.245071
0.238488 0.234849 0.246685 0.642439 0.204386 0.644411 0.238652 0.232758 0.236475 0.689996 0.206738 0.644007 0.205494 0.233925 0.214056 0.203972 0.203581 0.239994 0.249568 0.233193 0.235178 0.681942 0.236504 0.204405 0.245071
0.238488 0.234849 0.246685 0.642439 0.204386 0.644411 0.238652 0.232758 0.236475 0.689996 0.206738 0.644007 0.205494 0.233925 0.214056 0.203972 0.203581 0.239994 0.249568 0.233193 0.235178 0.681942 0.236504 0.204405 0.245071
0.238488 0.234849 0.246685 0.642439 0.204386 0.644411 0.238652 0.232758 0.236475 0.689996 0.206738 0.644007 0.205494 0.233925 0.214056 0.203972 0.203581 0.239994 0.249568 0.233193 0.235178 0.681942 0.236504 0.204405 0.245071
0.238488 0.234849 0.246685 0.642439 0.204386 0.644411 0.238652 0.232758 0.236475 0.689996 0.206738 0.644007 0.205494 0.233925 0.214056 0.203972 0.203581 0.239994 0.249568 0.233193 0.235178 0.681942 0.236504 0.204405 0.245071
0.238488 0.234849 0.246685 0.642439 0.204386 0.644411 0.238652 0.232758 0.236475 0.689996 0.206738 0.644007 0.205494 0.233925 0.214056 0.203972 0.203581 0.239994 0.249568 0.233193 0.235178 0.681942 0.236504 0.204405 0.245071
0.238488 0.234849 0.246685 0.642439 0.204386 0.644411 0.238652 0.232758 0.236475 0.689996 0.206738 0.644007 0.205494 0.233925 0.214056 0.203972 0.203581 0.239994 0.249568 0.233193 0.235178 0.681942 0.236504 0.204405 0.245071
0.238488 0.234849 0.246685 0.642439 0.204386 0.644411 0.238652 0.232758 0.236475 0.689996 0.206738 0.644007 0.205494 0.233925 0.214056 0.203972 0.203581 0.239994 0.249568 0.233193 0.235178 0.681942 0.236504 0.204405 0.245071
0.238488 0.234849 0.246685 0.642439 0.204386 0.644411 0.238652 0.232758 0.236475 0.689996 0.206738 0.644007 0.205494 0.233925 0.214056 0.203972 0.203581 0.239994 0.249568 0.233193 0.235178 0.681942 0.236504 0.204405 0.245071
0.238488 0.234849 0.246685 0.642439 0.204386 0.644411 0.238652 0.232758 0.236475 0.689996 0.206738 0.644007 0.205494 0.233925 0.214056 0.203972 0.203581 0.239994 0.249568 0.233193 0.235178 0.681942 0.236504 0.204405 0.245071
0.238488 0.234849 0.246685 0.642439 0.204386 0.644411 0.238652 0.232758 0.236475 0.689996 0.206738 0.644007 0.205494 0.233925 0.214056 0.203972 0.203581 0.239994 0.249568 0.233193 0.235178 0.681942 0.236504 0.204405 0.245071
0.238488 0.234849 0.246685 0.642439 0.204386 0.644411 0.238652 0.232758 0.236475 0.689996 0.206738 0.644007 0.205494 0.233925 0.214056 0.203972 0.203581 0.239994 0.249568 0.233193 0.235178 0.681942 0.236504 0.204405 0.245071
0.238488 0.234849 0.246685 0.642439 0.204386 0.644411 0.238652 0.232758 0.236475 0.689996 0.206738 0.644007 0.205494 0.233925 0.214056 0.203972 0.203581 0.239994 0.249568 0.233193 0.235178 0.681942 0.236504 0.204405 0.245071
0.238488 0.234849 0.246685 0.642439 0.204386 0.644411 0.238652 0.232758 0.236475 0.689996 0.206738 0.644007 0.205494 0.233925 0.214056 0.203972 0.203581 0.239994 0.249568 0.233193 0.235178 0.681942 0.236504 0.204405 0.245071
0.238488 0.234849 0.246685 0.642439 0.204386 0.644411 0.238652 0.232758 0.236475 0.689996 0.206738 0.644007 0.205494 0.233925 0.214056 0.203972 0.203581 0.239994 0.249568 0.233193 0.235178 0.681942 0.236504 0.204405 0.245071
0.238488 0.234849 0.246685 0.642439 0.204386 0.644411 0.238652 0.232758 0.236475 0.689996 0.206738 0.644007 0.205494 0.233925 0.214056 0.203972 0.203581 0.239994 0.249568 0.233193 0.235178 0.681942 0.236504 0.204405 0.245071
0.238488 0.234849 0.246685 0.642439 0.204386 0.644411 0.238652 0.232758 0.236475 0.689996 0.206738 0.644007 0.205494 0.233925 0.214056 0.203972 0.203581 0.239994 0.249568 0.233193 0.235178 0.681942 0.236504 0.204405 0.245071
0.238488 0.234849 0.246685 0.642439 0.204386 0.644411 0.238652 0.232758 0.236475 0.689996 0.206738 0.644007 0.205494 0.233925 0.214056 0.203972 0.203581 0.239994 0.249568 0.233193 0.235178 0.681942 0.236504 0.204405 0.245071
0.238488 0.234849 0.246685 0.642439 0.204386 0.644411 0.238652 0.232758 0.236475 0.689996 0.206738 0.644007 0.205494 0.233925 0.214056 0.203972 0.203581 0.239994 0.249568 0.233193 0.235178 0.681942 0.236504 0.204405 0.245071
0.238488 0.234849 0.246685 0.642439 0.204386 0.644411 0.238652 0.232758 0.236475 0.689996 0.206738 0.644007 0.205494 0.233925 0.214056 0.203972 0.203581 0.239994 0.249568 0.233193 0.235178 0.681942 0.236504 0.204405 0.245071
0.238488 0.234849 0.246685 0.642439 0.204386 0.644411 0.238652 0.232758 0.236475 0.689996 0.206738 0.644007 0.205494 0.233925 0.214056 0.203972 0.203581 0.239994 0.249568 0.233193 0.235178 0.681942 0.236504 0.204405 0.245071
0.238488 0.234849 0.246685 0.642439 0.204386 0.644411 0.238652 0.232758 0.236475 0.689996 0.206738 0.644007 0.205494 0.233925 0.214056 0.203972 0.203581 0.239994 0.249568 0.233193 0.235178 0.681942 0.236504 0.204405 0.245071
0.238488 0.234849 0.246685 0.642439 0.204386 0.644411 0.238652 0.232758 0.236475 0.689996 0.206738 0.644007 0.205494 0.233925 0.214056 0.203972 0.203581 0.239994 0.249568 0.233193 0.235178 0.681942 0.236504 0.204405 0.245071
0.238488 0.234849 0.246685 0.642439 0.204386 0.644411 0.238652 0.232758 0.236475 0.689996 0.206738 0.644007 0.205494 0.233925 0.214056 0.203972 0.203581 0.239994 0.249568 0.233193 0.235178 0.681942 0.236504 0.204405 0.245071
0.238488 0.234849 0.246685 0.642439 0.204386 0.644411 0.238652 0.232758 0.236475 0.689996 0.206738 0.644007 0.205494 0.233925 0.214056 0.203972 0.203581 0.239994 0.249568 0.233193 0.235178 0.681942 0.236504 0.204405 0.245071
0.238488 0.234849 0.246685 0.642439 0.204386 0.644411 0.238652 0.232758 0.236475 0.689996 0.206738 0.644007 0.205494 0.233925 0.214056 0.203972 0.203581 0.239994 0.249568 0.233193 0.235178 0.681942 0.236504 0.204405 0.245071
0.238488 0.234849 0.246685 0.642439 0.204386 0.644411 0.238652 0.232758 0.236475 0.689996 0.206738 0.644007 0.205494 0.233925 0.214056 0.203972 0.203581 0.239994 0.249568 0.233193 0.235178 0.681942 0.236504 0.204405 0.245071
0.238488 0.234849 0.246685 0.642439 0.204386 0.644411 0.238652 0.232758 0.236475 0.689996 0.206738 0.644007 0.205494 0.233925 0.214056 0.203972 0.203581 0.239994 0.249568 0.233193 0.235178 0.681942 0.236504 0.204405 0.245071
0.238488 0.234849 0.246685 0.642439 0.204386 0.644411 0.238652 0.232758 0.236475 0.689996 0.206738 0.644007 0.205494 0.233925 0.214056 0.203972 0.203581 0.239994 0.249568 0.233193 0.235178 0.681942 0.236504 0.204405 0.245071
0.238488 0.234849 0.246685 0.642439 0.204386 0.644411 0.238652 0.232758 0.236475 0.689996 0.206738 0.644007 0.205494 0.233925 0.214056 0.203972 0.203581 0.239994 0.249568 0.233193 0.235178 0.681942 0.236504 0.204405 0.245071
0.238488 0.234849 0.246685 0.642439 0.204386 0.644411 0.238652 0.232758 0.236475 0.689996 0.206738 0.644007 0.205494 0.233925 0.214056 0.203972 0.203581 0.239994 0.249568 0.233193 0.235178 0.681942 0.236504 0.204405 0.245071
0.238488 0.234849 0.246685 0.642439 0.204386 0.644411 0.238652 0.232758 0.236475 0.689996 0.206738 0.644007 0.205494 0.233925 0.214056 0.203972 0.203581 0.239994 0.249568 0.233193 0.235178 0.681942 0.236504 0.204405 0.245071
0.238488 0.234849 0.246685 0.642439 0.204386 0.644411 0.238652 0.232758 0.236475 0.689996 0.206738 0.644007 0.205494 0.233925 0.214056 0.203972 0.203581 0.239994 0.249568 0.233193 0.235178 0.681942 0.236504 0.204405 0.245071
0.238488 0.234849 0.246685 0.642439 0.204386 0.644411 0.238652 0.232758 0.236475 0.689996 0.206738 0.644007 0.205494 0.233925 0.214056 0.203972 0.203581 0.239994 0.249568 0.233193 0.235178 0.681942 0.236504 0.204405 0.245071
0.238488 0.234849 0.246685 0.642439 0.204386 0.644411 0.238652 0.232758 0.236475 0.689996 0.206738 0.644007 0.205494 0.233925 0.214056 0.203972 0.203581 0.239994 0.249568 0.233193 0.235178 0.681942 0.236504 0.204405 0.245071
0.238488 0.234849 0.246685 0.642439 0.204386 0.644411 0.238652 0.232758 0.236475 0.689996 0.206738 0.644007 0.205494 0.233925 0.214056 0.203972 0.203581 0.239994 0.249568 0.233193 0.235178 0.681942 0.236504 0.204405 0.245071
0.238488 0.234849 0.246685 0.642439 0.204386 0.644411 0.238652 0.232758 0.236475 0.689996 0.206738 0.644007 0.205494 0.233925 0.214056 0.203972 0.203581 0.239994 0.249568 0.233193 0.235178 0.681942 0.236504 0.204405 0.245071
0.238488 0.234849 0.246685 0.642439 0.204386 0.644411 0.238652 0.232758 0.236475 0.689996 0.206738 0.644007 0.205494 0.233925 0.214056 0.203972 0.203581 0.239994 0.249568 0.233193 0.235178 0.681942 0.236504 0.204405 0.245071
0.238488 0.234849 0.246685 0.642439 0.204386 0.644411 0.238652 0.232758 0.236475 0.689996 0.206738 0.644007 0.205494 0.233925 0.214056 0.203972 0.203581 0.239994 0.249568 0.233193 0.235178 0.681942 0.236504 0.204405 0.245071
0.238488 0.234849 0.246685 0.642439 0.204386 0.644411 0.238652 0.232758 0.236475 0.689996 0.206738 0.644007 0.205494 0.233925 0.214056 0.203972 0.203581 0.239994 0.249568 0.233193 0.235178 0.681942 0.236504 0.204405 0.245071
0.238488 0.234849 0.246685 0.642439 0.204386 0.644411 0.238652 0.232758 0.236475 0.689996 0.206738 0.644007 0.205494 0.233925 0.214056 0.203972 0.203581 0.239994 0.249568 0.233193 0.235178 0.681942 0.236504 0.204405 0.245071
0.238488 0.234849 0.246685 0.642439 0.204386 0.644411 0.238652 0.232758 0.236475 0.689996 0.206738 0.644007 0.205494 0.233925 0.214056 0.203972 0.203581 0.239994 0.249568 0.233193 0.235178 0.681942 0.236504 0.204405 0.245071
0.238488 0.234849 0.246685 0.642439 0.204386 0.644411 0.238652 0.232758 0.236475 0.689996 0.206738 0.644007 0.205494 0.233925 0.214056 0.203972 0.203581 0.239994 0.249568 0.233193 0.235178 0.681942 0.236504 0.204405 0.245071
0.238488 0.234849 0.246685 0.642439 0.204386 0.644411 0.238652 0.232758 0.236475 0.689996 0.206738 0.644007 0.205494 0.233925 0.214056 0.203972 0.203581 0.239994 0.249568 0.233193 0.235178 0.681942 0.236504 0.204405 0.245071
0.238488 0.234849 0.246685 0.642439 0.204386 0.644411 0.238652 0.232758 0.236475 0.689996 0.206738 0.644007 0.205494 0.233925 0.214056 0.203972 0.203581 0.239994 0.249568 0.233193 0.235178 0.681942 0.236504 0.204405 0.245071
0.238488 0.234849 0.246685 0.642439 0.204386 0.644411 0.238652 0.232758 0.236475 0.689996 0.206738 0.644007 0.205494 0.233925 0.214056 0.203972 0.203581 0.239994 0.249568 0.233193 0.235178 0.681942 0.236504 0.204405 0.245071
0.238488 0.234849 0.246685 0.642439 0.204386 0.644411 0.238652 0.232758 0.236475 0.689996 0.206738 0.644007 0.205494 0.233925 0.214056 0.203972 0.203581 0.239994 0.249568 0.233193 0.235178 0.681942 0.236504 0.204405 0.245071
0.238488 0.234849 0.246685 0.642439 0.204386 0.644411 0.238652 0.232758 0.236475 0.689996 0.206738 0.644007 0.205494 0.233925 0.214056 0.203972 0.203581 0.239994 0.249568 0.233193 0.235178 0.681942 0.236504 0.204405 0.245071
0.238488 0.234849 0.246685 0.642439 0.204386 0.644411 0.238652 0.232758 0.236475 0.689996 0.206738 0.644007 0.205494 0.233925 0.214056 0.203972 0.203581 0.239994 0.249568 0.233193 0.235178 0.681942 0.236504 0.204405 0.245071
0.238488 0.234849 0.246685 0.642439 0.204386 0.644411 0.238652 0.232758 0.236475 0.689996 0.206738 0.644007 0.205494 0.233925 0.214056 0.203972 0.203581 0.239994 0.249568 0.233193 0.235178 0.681942 0.236504 0.204405 0.245071
0.238488 0.234849 0.246685 0.642439 0.204386 0.644411 0.238652 0.232758 0.236475 0.689996 0.206738 0.644007 0.205494 0.233925 0.214056 0.203972 0.203581 0.239994 0.249568 0.233193 0.235178 0.681942 0.236504 0.204405 0.245071
0.238488 0.234849 0.246685 0.642439 0.204386 0.644411 0.238652 0.232758 0.236475 0.689996 0.206738 0.644007 0.205494 0.233925 0.214056 0.203972 0.203581 0.239994 0.249568 0.233193 0.235178 0.681942 0.236504 0.204405 0.245071
0.238488 0.234849 0.246685 0.642439 0.204386 0.644411 0.238652 0.232758 0.236475 0.689996 0.206738 0.644007 0.205494 0.233925 0.214056 0.203972 0.203581 0.239994 0.249568 0.233193 0.235178 0.681942 0.236504 0.204405 0.245071
0.238488 0.234849 0.246685 0.642439 0.204386 0.644411 0.238652 0.232758 0.236475 0.689996 0.206738 0.644007 0.205494 0.233925 0.214056 0.203972 0.203581 0.239994 0.249568 0.233193 0.235178 0.681942 0.236504 0.204405 0.245071
0.238488 0.234849 0.246685 0.642439 0.204386 0.644411 0.238652 0.232758 0.236475 0.689996 0.206738 0.644007 0.205494 0.233925 0.214056 0.203972 0.203581 0.239994 0.249568 0.233193 0.235178 0.681942 0.236504 0.204405 0.245071
0.238488 0.234849 0.246685 0.642439 0.204386 0.644411 0.238652 0.232758 0.236475 0.689996 0.206738 0.644007 0.205494 0.233925 0.214056 0.203972 0.203581 0.239994 0.249568 0.233193 0.235178 0.681942 0.236504 0.204405 0.245071
0.238488 0.234849 0.246685 0.642439 0.204386 0.644411 0.238652 0.232758 0.236475 0.689996 0.206738 0.644007 0.205494 0.233925 0.214056 0.203972 0.203581 0.239994 0.249568 0.233193 0.235178 0.681942 0.236504 0.204405 0.245071
0.238488 0.234849 0.246685 0.642439 0.204386 0.644411 0.238652 0.232758 0.236475 0.689996 0.206738 0.644007 0.205494 0.233925 0.214056 0.203972 0.203581 0.239994 0.249568 0.233193 0.235178 0.681942 0.236504 0.204405 0.245071
0.238488 0.234849 0.246685 0.642439 0.204386 0.644411 0.238652 0.232758 0.236475 0.689996 0.206738 0.644007 0.205494 0.233925 0.214056 0.203972 0.203581 0.239994 0.249568 0.233193 0.235178 0.681942 0.236504 0.204405 0.245071
0.238488 0.234849 0.246685 0.642439 0.204386 0.644411 0.238652 0.232758 0.236475 0.689996 0.206738 0.644007 0.205494 0.233925 0.214056 0.203972 0.203581 0.239994 0.249568 0.233193 0.235178 0.681942 0.236504 0.204405 0.245071
0.238488 0.234849 0.246685 0.642439 0.204386 0.644411 0.238652 0.232758 0.236475 0.689996 0.206738 0.644007 0.205494 0.233925 0.214056 0.203972 0.203581 0.239994 0.249568 0.233193 0.235178 0.681942 0.236504 0.204405 0.245071
0.238488 0.234849 0.246685 0.642439 0.204386 0.644411 0.238652 0.232758 0.236475 0.689996 0.206738 0.644007 0.205494 0.233925 0.214056 0.203972 0.203581 0.239994 0.249568 0.233193 0.235178 0.681942 0.236504 0.204405 0.245071
0.238488 0.234849 0.246685 0.642439 0.204386 0.644411 0.238652 0.232758 0.236475 0.689996 0.206738 0.644007 0.205494 0.233925 0.214056 0.203972 0.203581 0.239994 0.249568 0.233193 0.235178 0.681942 0.236504 0.204405 0.245071
0.238488 0.234849 0.246685 0.642439 0.204386 0.644411 0.238652 0.232758 0.236475 0.689996 0.206738 0.644007 0.205494 0.233925 0.214056 0.203972 0.203581 0.239994 0.249568 0.233193 0.235178 0.681942 0.236504 0.204405 0.245071
0.238488 0.234849 0.246685 0.642439 0.204386 0.644411 0.238652 0.232758 0.236475 0.689996 0.206738 0.644007 0.205494 0.233925 0.214056 0.203972 0.203581 0.239994 0.249568 0.233193 0.235178 0.681942 0.236504 0.204405 0.245071
0.238488 0.234849 0.246685 0.642439 0.204386 0.644411 0.238652 0.232758 0.236475 0.689996 0.206738 0.644007 0.205494 0.233925 0.214056 0.203972 0.203581 0.239994 0.249568 0.233193 0.235178 0.681942 0.236504 0.204405 0.245071
0.238488 0.234849 0.246685 0.642439 0.204386 0.644411 0.238652 0.232758 0.236475 0.689996 0.206738 0.644007 0.205494 0.233925 0.214056 0.203972 0.203581 0.239994 0.249568 0.233193 0.235178 0.681942 0.236504 0.204405 0.245071
0.238488 0.234849 0.246685 0.642439 0.204386 0.644411 0.238652 0.232758 0.236475 0.689996 0.206738 0.644007 0.205494 0.233925 0.214056 0.203972 0.203581 0.239994 0.249568 0.233193 0.235178 0.681942 0.236504 0.204405 0.245071
0.238488 0.234849 0.246685 0.642439 0.204386 0.644411 0.238652 0.232758 0.236475 0.689996 0.206738 0.644007 0.205494 0.233925 0.214056 0.203972 0.203581 0.239994 0.249568 0.233193 0.235178 0.681942 0.236504 0.204405 0.245071
0.238488 0.234849 0.246685 0.642439 0.204386 0.644411 0.238652 0.232758 0.236475 0.689996 0.206738 0.644007 0.205494 0.233925 0.214056 0.203972 0.203581 0.239994 0.249568 0.233193 0.235178 0.681942 0.236504 0.204405 0.245071
0.238488 0.234849 0.246685 0.642439 0.204386 0.644411 0.238652 0.232758 0.236475 0.689996 0.206738 0.644007 0.205494 0.233925 0.214056 0.203972 0.203581 0.239994 0.249568 0.233193 0.235178 0.681942 0.236504 0.204405 0.245071
0.238488 0.234849 0.246685 0.642439 0.204386 0.644411 0.238652 0.232758 0.236475 0.689996 0.206738 0.644007 0.205494 0.233925 0.214056 0.203972 0.203581 0.239994 0.249568 0.233193 0.235178 0.681942 0.236504 0.204405 0.245071
0.238488 0.234849 0.246685 0.642439 0.204386 0.644411 0.238652 0.232758 0.236475 0.689996 0.206738 0.644007 0.205494 0.233925 0.214056 0.203972 0.203581 0.239994 0.249568 0.233193 0.235178 0.681942 0.236504 0.204405 0.245071
0.238488 0.234849 0.246685 0.642439 0.204386 0.644411 0.238652 0.232758 0.236475 0.689996 0.206738 0.644007 0.205494 0.233925 0.214056 0.203972 0.203581 0.239994 0.249568 0.233193 0.235178 0.681942 0.236504 0.204405 0.245071
0.238488 0.234849 0.246685 0.642439 0.204386 0.644411 0.238652 0.232758 0.236475 0.689996 0.206738 0.644007 0.205494 0.233925 0.214056 0.203972 0.203581 0.239994 0.249568 0.233193 0.235178 0.681942 0.236504 0.204405 0.245071
0.238488 0.234849 0.246685 0.642439 0.204386 0.644411 0.238652 0.232758 0.236475 0.689996 0.206738 0.644007 0.205494 0.233925 0.214056 0.203972 0.203581 0.239994 0.249568 0.233193 0.235178 0.681942 0.236504 0.204405 0.245071
0.238488 0.234849 0.246685 0.642439 0.204386 0.644411 0.238652 0.232758 0.236475 0.689996 0.206738 0.644007 0.205494 0.233925 0.214056 0.203972 0.203581 0.239994 0.249568 0.233193 0.235178 0.681942 0.236504 0.204405 0.245071
0.238488 0.234849 0.246685 0.642439 0.204386 0.644411 0.238652 0.232758 0.236475 0.689996 0.206738 0.644007 0.205494 0.233925 0.214056 0.203972 0.203581 0.239994 0.249568 0.233193 0.235178 0.681942 0.236504 0.204405 0.245071
0.238488 0.234849 0.246685 0.642439 0.204386 0.644411 0.238652 0.232758 0.236475 0.689996 0.206738 0.644007 0.205494 0.233925 0.214056 0.203972 0.203581 0.239994 0.249568 0.233193 0.235178 0.681942 0.236504 0.204405 0.245071
0.238488 0.234849 0.246685 0.642439 0.204386 0.644411 0.238652 0.232758 0.236475 0.689996 0.206738 0.644007 0.205494 0.233925 0.214056 0.203972 0.203581 0.239994 0.249568 0.233193 0.235178 0.681942 0.236504 0.204405 0.245071
0.238488 0.234849 0.246685 0.642439 0.204386 0.644411 0.238652 0.232758 0.236475 0.689996 0.206738 0.644007 0.205494 0.233925 0.214056 0.203972 0.203581 0.239994 0.249568 0.233193 0.235178 0.681942 0.236504 0.204405 0.245071
0.238488 0.234849 0.246685 0.642439 0.204386 0.644411 0.238652 0.232758 0.236475 0.689996 0.206738 0.644007 0.205494 0.233925 0.214056 0.203972 0.203581 0.239994 0.249568 0.233193 0.235178 0.681942 0.236504 0.204405 0.245071
0.238488 0.234849 0.246685 0.642439 0.204386 0.644411 0.238652 0.232758 0.236475 0.689996 0.206738 0.644007 0.205494 0.233925 0.214056 0.203972 0.203581 0.239994 0.249568 0.233193 0.235178 0.681942 0.236504 0.204405 0.245071
0.238488 0.234849 0.246685 0.642439 0.204386 0.644411 0.238652 0.232758 0.236475 0.689996 0.206738 0.644007 0.205494 0.233925 0.214056 0.203972 0.203581 0.239994 0.249568 0.233193 0.235178 0.681942 0.236504 0.204405 0.245071
0.238488 0.234849 0.246685 0.642439 0.204386 0.644411 0.238652 0.232758 0.236475 0.689996 0.206738 0.644007 0.205494 0.233925 0.214056 0.203972 0.203581 0.239994 0.249568 0.233193 0.235178 0.681942 0.236504 0.204405 0.245071
0.238488 0.234849 0.246685 0.642439 0.204386 0.644411 0.238652 0.232758 0.236475 0.689996 0.206738 0.644007 0.205494 0.233925 0.214056 0.203972 0.203581 0.239994 0.249568 0.233193 0.235178 0.681942 0.236504 0.204405 0.245071
0.238488 0.234849 0.246685 0.642439 0.204386 0.644411 0.238652 0.232758 0.236475 0.689996 0.206738 0.644007 0.205494 0.233925 0.214056 0.203972 0.203581 0.239994 0.249568 0.233193 0.235178 0.681942 0.236504 0.204405 0.245071
0.238488 0.234849 0.246685 0.642439 0.204386 0.644411 0.238652 0.232758 0.236475 0.689996 0.206738 0.644007 0.205494 0.233925 0.214056 0.203972 0.203581 0.239994 0.249568 0.233193 0.235178 0.681942 0.236504 0.204405 0.245071
0.238488 0.234849 0.246685 0.642439 0.204386 0.644411 0.238652 0.232758 0.236475 0.689996 0.206738 0.644007 0.205494 0.233925 0.214056 0.203972 0.203581 0.239994 0.249568 0.233193 0.235178 0.681942 0.236504 0.204405 0.245071
0.238488 0.234849 0.246685 0.642439 0.204386 0.644411 0.238652 0.232758 0.236475 0.689996 0.206738 0.644007 0.205494 0.233925 0.214056 0.203972 0.203581 0.239994 0.249568 0.233193 0.235178 0.681942 0.236504 0.204405 0.245071
0.238488 0.234849 0.246685 0.642439 0.204386 0.644411 0.238652 0.232758 0.236475 0.689996 0.206738 0.644007 0.205494 0.233925 0.214056 0.203972 0.203581 0.239994 0.249568 0.233193 0.235178 0.681942 0.236504 0.204405 0.245071
0.238488 0.234849 0.246685 0.642439 0.204386 0.644411 0.238652 0.232758 0.236475 0.689996 0.206738 0.644007 0.205494 0.233925 0.214056 0.203972 0.203581 0.239994 0.249568 0.233193 0.235178 0.681942 0.236504 0.204405 0.245071
0.238488 0.234849 0.246685 0.642439 0.204386 0.644411 0.238652 0.232758 0.236475 0.689996 0.206738 0.644007 0.205494 0.233925 0.214056 0.203972 0.203581 0.239994 0.249568 0.233193 0.235178 0.681942 0.236504 0.204405 0.245071
0.238488 0.234849 0.246685 0.642439 0.204386 0.644411 0.238652 0.232758 0.236475 0.689996 0.206738 0.644007 0.205494 0.233925 0.214056 0.203972 0.203581 0.239994 0.249568 0.233193 0.235178 0.681942 0.236504 0.204405 0.245071
0.238488 0.234849 0.246685 0.642439 0.204386 0.644411 0.238652 0.232758 0.236475 0.689996 0.206738 0.644007 0.205494 0.233925 0.214056 0.203972 0.203581 0.239994 0.249568 0.233193 0.235178 0.681942 0.236504 0.204405 0.245071
0.238488 0.234849 0.246685 0.642439 0.204386 0.644411 0.238652 0.232758 0.236475 0.689996 0.206738 0.644007 0.205494 0.233925 0.214056 0.203972 0.203581 0.239994 0.249568 0.233193 0.235178 0.681942 0.236504 0.204405 0.245071
0.238488 0.234849 0.246685 0.642439 0.204386 0.644411 0.238652 0.232758 0.236475 0.689996 0.206738 0.644007 0.205494 0.233925 0.214056 0.203972 0.203581 0.239994 0.249568 0.233193 0.235178 0.681942 0.236504 0.204405 0.245071
0.238488 0.234849 0.246685 0.642439 0.204386 0.644411 0.238652 0.232758 0.236475 0.689996 0.206738 0.644007 0.205494 0.233925 0.214056 0.203972 0.203581 0.239994 0.249568 0.233193 0.235178 0.681942 0.236504 0.204405 0.245071
0.238488 0.234849 0.246685 0.642439 0.204386 0.644411 0.238652 0.232758 0.236475 0.689996 0.206738 0.644007 0.205494 0.233925 0.214056 0.203972 0.203581 0.239994 0.249568 0.233193 0.235178 0.681942 0.236504 0.204405 0.245071
0.238488 0.234849 0.246685 0.642439 0.204386 0.644411 0.238652 0.232758 0.236475 0.689996 0.206738 0.644007 0.205494 0.233925 0.214056 0.203972 0.203581 0.239994 0.249568 0.233193 0.235178 0.681942 0.236504 0.204405 0.245071
0.238488 0.234849 0.246685 0.642439 0.204386 0.644411 0.238652 0.232758 0.236475 0.689996 0.206738 0.644007 0.205494 0.233925 0.214056 0.203972 0.203581 0.239994 0.249568 0.233193 0.235178 0.681942 0.236504 0.204405 0.245071
0.238488 0.234849 0.246685 0.642439 0.204386 0.644411 0.238652 0.232758 0.236475 0.689996 0.206738 0.644007 0.205494 0.233925 0.214056 0.203972 0.203581 0.239994 0.249568 0.233193 0.235178 0.681942 0.236504 0.204405 0.245071
0.238488 0.234849 0.246685 0.642439 0.204386 0.644411 0.238652 0.232758 0.236475 0.689996 0.206738 0.644007 0.205494 0.233925 0.214056 0.203972 0.203581 0.239994 0.249568 0.233193 0.235178 0.681942 0.236504 0.204405 0.245071
0.238488 0.234849 0.246685 0.642439 0.204386 0.644411 0.238652 0.232758 0.236475 0.689996 0.206738 0.644007 0.205494 0.233925 0.214056 0.203972 0.203581 0.239994 0.249568 0.233193 0.235178 0.681942 0.236504 0.204405 0.245071
0.238488 0.234849 0.246685 0.642439 0.204386 0.644411 0.238652 0.232758 0.236475 0.689996 0.206738 0.644007 0.205494 0.233925 0.214056 0.203972 0.203581 0.239994 0.249568 0.233193 0.235178 0.681942 0.236504 0.204405 0.245071
0.238488 0.234849 0.246685 0.642439 0.204386 0.644411 0.238652 0.232758 0.236475 0.689996 0.206738 0.644007 0.205494 0.233925 0.214056 0.203972 0.203581 0.239994 0.249568 0.233193 0.235178 0.681942 0.236504 0.204405 0.245071
0.238488 0.234849 0.246685 0.642439 0.204386 0.644411 0.238652 0.232758 0.236475 0.689996 0.206738 0.644007 0.205494 0.233925 0.214056 0.203972 0.203581 0.239994 0.249568 0.233193 0.235178 0.681942 0.236504 0.204405 0.245071
0.238488 0.234849 0.246685 0.642439 0.204386 0.644411 0.238652 0.232758 0.236475 0.689996 0.206738 0.644007 0.205494 0.233925 0.214056 0.203972 0.203581 0.239994 0.249568 0.233193 0.235178 0.681942 0.236504 0.204405 0.245071
0.238488 0.234849 0.246685 0.642439 0.204386 0.644411 0.238652 0.232758 0.236475 0.689996 0.206738 0.644007 0.205494 0.233925 0.214056 0.203972 0.203581 0.239994 0.249568 0.233193 0.235178 0.681942 0.236504 0.204405 0.245071
0.238488 0.234849 0.246685 0.642439 0.204386 0.644411 0.238652 0.232758 0.236475 0.689996 0.206738 0.644007 0.205494 0.233925 0.214056 0.203972 0.203581 0.239994 0.249568 0.233193 0.235178 0.681942 0.236504 0.204405 0.245071
0.238488 0.234849 0.246685 0.642439 0.204386 0.644411 0.238652 0.232758 0.236475 0.689996 0.206738 0.644007 0.205494 0.233925 0.214056 0.203972 0.203581 0.239994 0.249568 0.233193 0.235178 0.681942 0.236504 0.204405 0.245071
0.238488 0.234849 0.246685 0.642439 0.204386 0.644411 0.238652 0.232758 0.236475 0.689996 0.206738 0.644007 0.205494 0.233925 0.214056 0.203972 0.203581 0.239994 0.249568 0.233193 0.235178 0.681942 0.236504 0.204405 0.245071
0.238488 0.234849 0.246685 0.642439 0.204386 0.644411 0.238652 0.232758 0.236475 0.689996 0.206738 0.644007 0.205494 0.233925 0.214056 0.203972 0.203581 0.239994 0.249568 0.233193 0.235178 0.681942 0.236504 0.204405 0.245071
0.238488 0.234849 0.246685 0.642439 0.204386 0.644411 0.238652 0.232758 0.236475 0.689996 0.206738 0.644007 0.205494 0.233925 0.214056 0.203972 0.203581 0.239994 0.249568 0.233193 0.235178 0.681942 0.236504 0.204405 0.245071
0.238488 0.234849 0.246685 0.642439 0.204386 0.644411 0.238652 0.232758 0.236475 0.689996 0.206738 0.644007 0.205494 0.233925 0.214056 0.203972 0.203581 0.239994 0.249568 0.233193 0.235178 0.681942 0.236504 0.204405 0.245071
0.238488 0.234849 0.246685 0.642439 0.204386 0.644411 0.238652 0.232758 0.236475 0.689996 0.206738 0.644007 0.205494 0.233925 0.214056 0.203972 0.203581 0.239994 0.249568 0.233193 0.235178 0.681942 0.236504 0.204405 0.245071
0.238488 0.234849 0.246685 0.642439 0.204386 0.644411 0.238652 0.232758 0.236475 0.689996 0.206738 0.644007 0.205494 0.233925 0.214056 0.203972 0.203581 0.239994 0.249568 0.233193 0.235178 0.681942 0.236504 0.204405 0.245071
0.238488 0.234849 0.246685 0.642439 0.204386 0.644411 0.238652 0.232758 0.236475 0.689996 0.206738 0.644007 0.205494 0.233925 0.214056 0.203972 0.203581 0.239994 0.249568 0.233193 0.235178 0.681942 0.236504 0.204405 0.245071
0.238488 0.234849 0.246685 0.642439 0.204386 0.644411 0.238652 0.232758 0.236475 0.689996 0.206738 0.644007 0.205494 0.233925 0.214056 0.203972 0.203581 0.239994 0.249568 0.233193 0.235178 0.681942 0.236504 0.204405 0.245071
0.238488 0.234849 0.246685 0.642439 0.204386 0.644411 0.238652 0.232758 0.236475 0.689996 0.206738 0.644007 0.205494 0.233925 0.214056 0.203972 0.203581 0.239994 0.249568 0.233193 0.235178 0.681942 0.236504 0.204405 0.245071
0.238488 0.234849 0.246685 0.642439 0.204386 0.644411 0.238652 0.232758 0.236475 0.689996 0.206738 0.644007 0.205494 0.233925 0.214056 0.203972 0.203581 0.239994 0.249568 0.233193 0.235178 0.681942 0.236504 0.204405 0.245071
0.238488 0.234849 0.246685 0.642439 0.204386 0.644411 0.238652 0.232758 0.236475 0.689996 0.206738 0.644007 0.205494 0.233925 0.214056 0.203972 0.203581 0.239994 0.249568 0.233193 0.235178 0.681942 0.236504 0.204405 0.245071
0.238488 0.234849 0.246685 0.642439 0.204386 0.644411 0.238652 0.232758 0.236475 0.689996 0.206738 0.644007 0.205494 0.233925 0.214056 0.203972 0.203581 0.239994 0.249568 0.233193 0.235178 0.681942 0.236504 0.204405 0.245071
0.238488 0.234849 0.246685 0.642439 0.204386 0.644411 0.238652 0.232758 0.236475 0.689996 0.206738 0.644007 0.205494 0.233925 0.214056 0.203972 0.203581 0.239994 0.249568 0.233193 0.235178 0.681942 0.236504 0.204405 0.245071
0.238488 0.234849 0.246685 0.642439 0.204386 0.644411 0.238652 0.232758 0.236475 0.689996 0.206738 0.644007 0.205494 0.233925 0.214056 0.203972 0.203581 0.239994 0.249568 0.233193 0.235178 0.681942 0.236504 0.204405 0.245071
0.238488 0.234849 0.246685 0.642439 0.204386 0.644411 0.238652 0.232758 0.236475 0.689996 0.206738 0.644007 0.205494 0.233925 0.214056 0.203972 0.203581 0.239994 0.249568 0.233193 0.235178 0.681942 0.236504 0.204405 0.245071
0.238488 0.234849 0.246685 0.642439 0.204386 0.644411 0.238652 0.232758 0.236475 0.689996 0.206738 0.644007 0.205494 0.233925 0.214056 0.203972 0.203581 0.239994 0.249568 0.233193 0.235178 0.681942 0.236504 0.204405 0.245071
0.238488 0.234849 0.246685 0.642439 0.204386 0.644411 0.238652 0.232758 0.236475 0.689996 0.206738 0.644007 0.205494 0.233925 0.214056 0.203972 0.203581 0.239994 0.249568 0.233193 0.235178 0.681942 0.236504 0.204405 0.245071
0.238488 0.234849 0.246685 0.642439 0.204386 0.644411 0.238652 0.232758 0.236475 0.689996 0.206738 0.644007 0.205494 0.233925 0.214056 0.203972 0.203581 0.239994 0.249568 0.233193 0.235178 0.681942 0.236504 0.204405 0.245071
0.238488 0.234849 0.246685 0.642439 0.204386 0.644411 0.238652 0.232758 0.236475 0.689996 0.206738 0.644007 0.205494 0.233925 0.214056 0.203972 0.203581 0.239994 0.249568 0.233193 0.235178 0.681942 0.236504 0.204405 0.245071
0.238488 0.234849 0.246685 0.642439 0.204386 0.644411 0.238652 0.232758 0.236475 0.689996 0.206738 0.644007 0.205494 0.233925 0.214056 0.203972 0.203581 0.239994 0.249568 0.233193 0.235178 0.681942 0.236504 0.204405 0.245071
0.238488 0.234849 0.246685 0.642439 0.204386 0.644411 0.238652 0.232758 0.236475 0.689996 0.206738 0.644007 0.205494 0.233925 0.214056 0.203972 0.203581 0.239994 0.249568 0.233193 0.235178 0.681942 0.236504 0.204405 0.245071
0.238488 0.234849 0.246685 0.642439 0.204386 0.644411 0.238652 0.232758 0.236475 0.689996 0.206738 0.644007 0.205494 0.233925 0.214056 0.203972 0.203581 0.239994 0.249568 0.233193 0.235178 0.681942 0.236504 0.204405 0.245071
0.238488 0.234849 0.246685 0.642439 0.204386 0.644411 0.238652 0.232758 0.236475 0.689996 0.206738 0.644007 0.205494 0.233925 0.214056 0.203972 0.203581 0.239994 0.249568 0.233193 0.235178 0.681942 0.236504 0.204405 0.245071
0.238488 0.234849 0.246685 0.642439 0.204386 0.644411 0.238652 0.232758 0.236475 0.689996 0.206738 0.644007 0.205494 0.233925 0.214056 0.203972 0.203581 0.239994 0.249568 0.233193 0.235178 0.681942 0.236504 0.204405 0.245071
0.238488 0.234849 0.246685 0.642439 0.204386 0.644411 0.238652 0.232758 0.236475 0.689996 0.206738 0.644007 0.205494 0.233925 0.214056 0.203972 0.203581 0.239994 0.249568 0.233193 0.235178 0.681942 0.236504 0.204405 0.245071
0.238488 0.234849 0.246685 0.642439 0.204386 0.644411 0.238652 0.232758 0.236475 0.689996 0.206738 0.644007 0.205494 0.233925 0.214056 0.203972 0.203581 0.239994 0.249568 0.233193 0.235178 0.681942 0.236504 0.204405 0.245071
0.238488 0.234849 0.246685 0.642439 0.204386 0.644411 0.238652 0.232758 0.236475 0.689996 0.206738 0.644007 0.205494 0.233925 0.214056 0.203972 0.203581 0.239994 0.249568 0.233193 0.235178 0.681942 0.236504 0.204405 0.245071
0.238488 0.234849 0.246685 0.642439 0.204386 0.644411 0.238652 0.232758 0.236475 0.689996 0.206738 0.644007 0.205494 0.233925 0.214056 0.203972 0.203581 0.239994 0.249568 0.233193 0.235178 0.681942 0.236504 0.204405 0.245071
0.238488 0.234849 0.246685 0.642439 0.204386 0.644411 0.238652 0.232758 0.236475 0.689996 0.206738 0.644007 0.205494 0.233925 0.214056 0.203972 0.203581 0.239994 0.249568 0.233193 0.235178 0.681942 0.236504 0.204405 0.245071
0.238488 0.234849 0.246685 0.642439 0.204386 0.644411 0.238652 0.232758 0.236475 0.689996 0.206738 0.644007 0.205494 0.233925 0.214056 0.203972 0.203581 0.239994 0.249568 0.233193 0.235178 0.681942 0.236504 0.204405 0.245071
0.238488 0.234849 0.246685 0.642439 0.204386 0.644411 0.238652 0.232758 0.236475 0.689996 0.206738 0.644007 0.205494 0.233925 0.214056 0.203972 0.203581 0.239994 0.249568 0.233193 0.235178 0.681942 0.236504 0.204405 0.245071
0.238488 0.234849 0.246685 0.642439 0.204386 0.644411 0.238652 0.232758 0.236475 0.689996 0.206738 0.644007 0.205494 0.233925 0.214056 0.203972 0.203581 0.239994 0.249568 0.233193 0.235178 0.681942 0.236504 0.204405 0.245071
0.238488 0.234849 0.246685 0.642439 0.204386 0.644411 0.238652 0.232758 0.236475 0.689996 0.206738 0.644007 0.205494 0.233925 0.214056 0.203972 0.203581 0.239994 0.249568 0.233193 0.235178 0.681942 0.236504 0.204405 0.245071
0.238488 0.234849 0.246685 0.642439 0.204386 0.644411 0.238652 0.232758 0.236475 0.689996 0.206738 0.644007 0.205494 0.233925 0.214056 0.203972 0.203581 0.239994 0.249568 0.233193 0.235178 0.681942 0.236504 0.204405 0.245071
0.238488 0.234849 0.246685 0.642439 0.204386 0.644411 0.238652 0.232758 0.236475 0.689996 0.206738 0.644007 0.205494 0.233925 0.214056 0.203972 0.203581 0.239994 0.249568 0.233193 0.235178 0.681942 0.236504 0.204405 0.245071
0.238488 0.234849 0.246685 0.642439 0.204386 0.644411 0.238652 0.232758 0.236475 0.689996 0.206738 0.644007 0.205494 0.233925 0.214056 0.203972 0.203581 0.239994 0.249568 0.233193 0.235178 0.681942 0.236504 0.204405 0.245071
0.238488 0.234849 0.246685 0.642439 0.204386 0.644411 0.238652 0.232758 0.236475 0.689996 0.206738 0.644007 0.205494 0.233925 0.214056 0.203972 0.203581 0.239994 0.249568 0.233193 0.235178 0.681942 0.236504 0.204405 0.245071
0.238488 0.234849 0.246685 0.642439 0.204386 0.644411 0.238652 0.232758 0.236475 0.689996 0.206738 0.644007 0.205494 0.233925 0.214056 0.203972 0.203581 0.239994 0.249568 0.233193 0.235178 0.681942 0.236504 0.204405 0.245071
0.238488 0.234849 0.246685 0.642439 0.204386 0.644411 0.238652 0.232758 0.236475 0.689996 0.206738 0.644007 0.205494 0.233925 0.214056 0.203972 0.203581 0.239994 0.249568 0.233193 0.235178 0.681942 0.236504 0.204405 0.245071
0.238488 0.234849 0.246685 0.642439 0.204386 0.644411 0.238652 0.232758 0.236475 0.689996 0.206738 0.644007 0.205494 0.233925 0.214056 0.203972 0.203581 0.239994 0.249568 0.233193 0.235178 0.681942 0.236504 0.204405 0.245071
0.238488 0.234849 0.246685 0.642439 0.204386 0.644411 0.238652 0.232758 0.236475 0.689996 0.206738 0.644007 0.205494 0.233925 0.214056 0.203972 0.203581 0.239994 0.249568 0.233193 0.235178 0.681942 0.236504 0.204405 0.245071
0.238488 0.234849 0.246685 0.642439 0.204386 0.644411 0.238652 0.232758 0.236475 0.689996 0.206738 0.644007 0.205494 0.233925 0.214056 0.203972 0.203581 0.239994 0.249568 0.233193 0.235178 0.681942 0.236504 0.204405 0.245071
0.238488 0.234849 0.246685 0.642439 0.204386 0.644411 0.238652 0.232758 0.236475 0.689996 0.206738 0.644007 0.205494 0.233925 0.214056 0.203972 0.203581 0.239994 0.249568 0.233193 0.235178 0.681942 0.236504 0.204405 0.245071
0.238488 0.234849 0.246685 0.642439 0.204386 0.644411 0.238652 0.232758 0.236475 0.689996 0.206738 0.644007 0.205494 0.233925 0.214056 0.203972 0.203581 0.239994 0.249568 0.233193 0.235178 0.681942 0.236504 0.204405 0.245071
0.238488 0.234849 0.246685 0.642439 0.204386 0.644411 0.238652 0.232758 0.236475 0.689996 0.206738 0.644007 0.205494 0.233925 0.214056 0.203972 0.203581 0.239994 0.249568 0.233193 0.235178 0.681942 0.236504 0.204405 0.245071
0.238488 0.234849 0.246685 0.642439 0.204386 0.644411 0.238652 0.232758 0.236475 0.689996 0.206738 0.644007 0.205494 0.233925 0.214056 0.203972 0.203581 0.239994 0.249568 0.233193 0.235178 0.681942 0.236504 0.204405 0.245071
0.238488 0.234849 0.246685 0.642439 0.204386 0.644411 0.238652 0.232758 0.236475 0.689996 0.206738 0.644007 0.205494 0.233925 0.214056 0.203972 0.203581 0.239994 0.249568 0.233193 0.235178 0.681942 0.236504 0.204405 0.245071
0.238488 0.234849 0.246685 0.642439 0.204386 0.644411 0.238652 0.232758 0.236475 0.689996 0.206738 0.644007 0.205494 0.233925 0.214056 0.203972 0.203581 0.239994 0.249568 0.233193 0.235178 0.681942 0.236504 0.204405 0.245071
0.238488 0.234849 0.246685 0.642439 0.204386 0.644411 0.238652 0.232758 0.236475 0.689996 0.206738 0.644007 0.205494 0.233925 0.214056 0.203972 0.203581 0.239994 0.249568 0.233193 0.235178 0.681942 0.236504 0.204405 0.245071
0.238488 0.234849 0.246685 0.642439 0.204386 0.644411 0.238652 0.232758 0.236475 0.689996 0.206738 0.644007 0.205494 0.233925 0.214056 0.203972 0.203581 0.239994 0.249568 0.233193 0.235178 0.681942 0.236504 0.204405 0.245071
0.238488 0.234849 0.246685 0.642439 0.204386 0.644411 0.238652 0.232758 0.236475 0.689996 0.206738 0.644007 0.205494 0.233925 0.214056 0.203972 0.203581 0.239994 0.249568 0.233193 0.235178 0.681942 0.236504 0.204405 0.245071
0.238488 0.234849 0.246685 0.642439 0.204386 0.644411 0.238652 0.232758 0.236475 0.689996 0.206738 0.644007 0.205494 0.233925 0.214056 0.203972 0.203581 0.239994 0.249568 0.233193 0.235178 0.681942 0.236504 0.204405 0.245071
0.238488 0.234849 0.246685 0.642439 0.204386 0.644411 0.238652 0.232758 0.236475 0.689996 0.206738 0.644007 0.205494 0.233925 0.214056 0.203972 0.203581 0.239994 0.249568 0.233193 0.235178 0.681942 0.236504 0.204405 0.245071
0.238488 0.234849 0.246685 0.642439 0.204386 0.644411 0.238652 0.232758 0.236475 0.689996 0.206738 0.644007 0.205494 0.233925 0.214056 0.203972 0.203581 0.239994 0.249568 0.233193 0.235178 0.681942 0.236504 0.204405 0.245071
0.238488 0.234849 0.246685 0.642439 0.204386 0.644411 0.238652 0.232758 0.236475 0.689996 0.206738 0.644007 0.205494 0.233925 0.214056 0.203972 0.203581 0.239994 0.249568 0.233193 0.235178 0.681942 0.236504 0.204405 0.245071
0.238488 0.234849 0.246685 0.642439 0.204386 0.644411 0.238652 0.232758 0.236475 0.689996 0.206738 0.644007 0.205494 0.233925 0.214056 0.203972 0.203581 0.239994 0.249568 0.233193 0.235178 0.681942 0.236504 0.204405 0.245071
0.238488 0.234849 0.246685 0.642439 0.204386 0.644411 0.238652 0.232758 0.236475 0.689996 0.206738 0.644007 0.205494 0.233925 0.214056 0.203972 0.203581 0.239994 0.249568 0.233193 0.235178 0.681942 0.236504 0.204405 0.245071
0.238488 0.234849 0.246685 0.642439 0.204386 0.644411 0.238652 0.232758 0.236475 0.689996 0.206738 0.644007 0.205494 0.233925 0.214056 0.203972 0.203581 0.239994 0.249568 0.233193 0.235178 0.681942 0.236504 0.204405 0.245071
0.238488 0.234849 0.246685 0.642439 0.204386 0.644411 0.238652 0.232758 0.236475 0.689996 0.206738 0.644007 0.205494 0.233925 0.214056 0.203972 0.203581 0.239994 0.249568 0.233193 0.235178 0.681942 0.236504 0.204405 0.245071
0.238488 0.234849 0.246685 0.642439 0.204386 0.644411 0.238652 0.232758 0.236475 0.689996 0.206738 0.644007 0.205494 0.233925 0.214056 0.203972 0.203581 0.239994 0.249568 0.233193 0.235178 0.681942 0.236504 0.204405 0.245071
0.238488 0.234849 0.246685 0.642439 0.204386 0.644411 0.238652 0.232758 0.236475 0.689996 0.206738 0.644007 0.205494 0.233925 0.214056 0.203972 0.203581 0.239994 0.249568 0.233193 0.235178 0.681942 0.236504 0.204405 0.245071
0.238488 0.234849 0.246685 0.642439 0.204386 0.644411 0.238652 0.232758 0.236475 0.689996 0.206738 0.644007 0.205494 0.233925 0.214056 0.203972 0.203581 0.239994 0.249568 0.233193 0.235178 0.681942 0.236504 0.204405 0.245071
0.238488 0.234849 0.246685 0.642439 0.204386 0.644411 0.238652 0.232758 0.236475 0.689996 0.206738 0.644007 0.205494 0.233925 0.214056 0.203972 0.203581 0.239994 0.249568 0.233193 0.235178 0.681942 0.236504 0.204405 0.245071
0.238488 0.234849 0.246685 0.642439 0.204386 0.644411 0.238652 0.232758 0.236475 0.689996 0.206738 0.644007 0.205494 0.233925 0.214056 0.203972 0.203581 0.239994 0.249568 0.233193 0.235178 0.681942 0.236504 0.204405 0.245071
0.238488 0.234849 0.246685 0.642439 0.204386 0.644411 0.238652 0.232758 0.236475 0.689996 0.206738 0.644007 0.205494 0.233925 0.214056 0.203972 0.203581 0.239994 0.249568 0.233193 0.235178 0.681942 0.236504 0.204405 0.245071
0.238488 0.234849 0.246685 0.642439 0.204386 0.644411 0.238652 0.232758 0.236475 0.689996 0.206738 0.644007 0.205494 0.233925 0.214056 0.203972 0.203581 0.239994 0.249568 0.233193 0.235178 0.681942 0.236504 0.204405 0.245071
0.238488 0.234849 0.246685 0.642439 0.204386 0.644411 0.238652 0.232758 0.236475 0.689996 0.206738 0.644007 0.205494 0.233925 0.214056 0.203972 0.203581 0.239994 0.249568 0.233193 0.235178 0.681942 0.236504 0.204405 0.245071
0.238488 0.234849 0.246685 0.642439 0.204386 0.644411 0.238652 0.232758 0.236475 0.689996 0.206738 0.644007 0.205494 0.233925 0.214056 0.203972 0.203581 0.239994 0.249568 0.233193 0.235178 0.681942 0.236504 0.204405 0.245071
0.238488 0.234849 0.246685 0.642439 0.204386 0.644411 0.238652 0.232758 0.236475 0.689996 0.206738 0.644007 0.205494 0.233925 0.214056 0.203972 0.203581 0.239994 0.249568 0.233193 0.235178 0.681942 0.236504 0.204405 0.245071
0.238488 0.234849 0.246685 0.642439 0.204386 0.644411 0.238652 0.232758 0.236475 0.689996 0.206738 0.644007 0.205494 0.233925 0.214056 0.203972 0.203581 0.239994 0.249568 0.233193 0.235178 0.681942 0.236504 0.204405 0.245071
0.238488 0.234849 0.246685 0.642439 0.204386 0.644411 0.238652 0.232758 0.236475 0.689996 0.206738 0.644007 0.205494 0.233925 0.214056 0.203972 0.203581 0.239994 0.249568 0.233193 0.235178 0.681942 0.236504 0.204405 0.245071
0.238488 0.234849 0.246685 0.642439 0.204386 0.644411 0.238652 0.232758 0.236475 0.689996 0.206738 0.644007 0.205494 0.233925 0.214056 0.203972 0.203581 0.239994 0.249568 0.233193 0.235178 0.681942 0.236504 0.204405 0.245071
0.238488 0.234849 0.246685 0.642439 0.204386 0.644411 0.238652 0.232758 0.236475 0.689996 0.206738 0.644007 0.205494 0.233925 0.214056 0.203972 0.203581 0.239994 0.249568 0.233193 0.235178 0.681942 0.236504 0.204405 0.245071
0.238488 0.234849 0.246685 0.642439 0.204386 0.644411 0.238652 0.232758 0.236475 0.689996 0.206738 0.644007 0.205494 0.233925 0.214056 0.203972 0.203581 0.239994 0.249568 0.233193 0.235178 0.681942 0.236504 0.204405 0.245071
0.238488 0.234849 0.246685 0.642439 0.204386 0.644411 0.238652 0.232758 0.236475 0.689996 0.206738 0.644007 0.205494 0.233925 0.214056 0.203972 0.203581 0.239994 0.249568 0.233193 0.235178 0.681942 0.236504 0.204405 0.245071
0.238488 0.234849 0.246685 0.642439 0.204386 0.644411 0.238652 0.232758 0.236475 0.689996 0.206738 0.644007 0.205494 0.233925 0.214056 0.203972 0.203581 0.239994 0.249568 0.233193 0.235178 0.681942 0.236504 0.204405 0.245071
0.238488 0.234849 0.246685 0.642439 0.204386 0.644411 0.238652 0.232758 0.236475 0.689996 0.206738 0.644007 0.205494 0.233925 0.214056 0.203972 0.203581 0.239994 0.249568 0.233193 0.235178 0.681942 0.236504 0.204405 0.245071
0.238488 0.234849 0.246685 0.642439 0.204386 0.644411 0.238652 0.232758 0.236475 0.689996 0.206738 0.644007 0.205494 0.233925 0.214056 0.203972 0.203581 0.239994 0.249568 0.233193 0.235178 0.681942 0.236504 0.204405 0.245071
0.238488 0.234849 0.246685 0.642439 0.204386 0.644411 0.238652 0.232758 0.236475 0.689996 0.206738 0.644007 0.205494 0.233925 0.214056 0.203972 0.203581 0.239994 0.249568 0.233193 0.235178 0.681942 0.236504 0.204405 0.245071
0.238488 0.234849 0.246685 0.642439 0.204386 0.644411 0.238652 0.232758 0.236475 0.689996 0.206738 0.644007 0.205494 0.233925 0.214056 0.203972 0.203581 0.239994 0.249568 0.233193 0.235178 0.681942 0.236504 0.204405 0.245071
0.238488 0.234849 0.246685 0.642439 0.204386 0.644411 0.238652 0.232758 0.236475 0.689996 0.206738 0.644007 0.205494 0.233925 0.214056 0.203972 0.203581 0.239994 0.249568 0.233193 0.235178 0.681942 0.236504 0.204405 0.245071
0.238488 0.234849 0.246685 0.642439 0.204386 0.644411 0.238652 0.232758 0.236475 0.689996 0.206738 0.644007 0.205494 0.233925 0.214056 0.203972 0.203581 0.239994 0.249568 0.233193 0.235178 0.681942 0.236504 0.204405 0.245071
0.238488 0.234849 0.246685 0.642439 0.204386 0.644411 0.238652 0.232758 0.236475 0.689996 0.206738 0.644007 0.205494 0.233925 0.214056 0.203972 0.203581 0.239994 0.249568 0.233193 0.235178 0.681942 0.236504 0.204405 0.245071
0.238488 0.234849 0.246685 0.642439 0.204386 0.644411 0.238652 0.232758 0.236475 0.689996 0.206738 0.644007 0.205494 0.233925 0.214056 0.203972 0.203581 0.239994 0.249568 0.233193 0.235178 0.681942 0.236504 0.204405 0.245071
