0.281412 0.292636 0.300438 0.228435 0.165402 0.230042 0.281569 0.250736 0.294242 0.472821 0.166851 0.229712 0.166085 0.251968 0.154311 0.165147 0.164906 0.28286 0.381086 0.290998 0.292961 0.438701 0.279502 0.165414 0.298781
0.344602 0.353309 0.368892 0.339813 0.22277 0.341908 0.344799 0.31709 0.355303 0.474242 0.225078 0.341478 0.223858 0.318486 0.268106 0.222363 0.221979 0.346418 0.396418 0.351273 0.353712 0.456494 0.342204 0.222789 0.366923
0.326455 0.335853 0.350086 0.327511 0.203043 0.329498 0.326647 0.297968 0.337802 0.497204 0.205336 0.32909 0.204124 0.299262 0.23895 0.202639 0.202257 0.328221 0.394292 0.333864 0.336248 0.471572 0.324124 0.203061 0.348189
0.326985 0.335835 0.352434 0.346347 0.20612 0.348396 0.327177 0.298929 0.33779 0.504394 0.208473 0.347976 0.207229 0.300242 0.248591 0.205706 0.205314 0.328758 0.390629 0.333839 0.336231 0.479679 0.324643 0.206139 0.350524
0.322036 0.330245 0.348394 0.355742 0.204612 0.357807 0.322227 0.294245 0.332184 0.51453 0.206962 0.357383 0.205719 0.295545 0.247082 0.204198 0.203807 0.323796 0.386925 0.328265 0.330637 0.488075 0.319713 0.204631 0.346495
0.318494 0.325863 0.345962 0.367256 0.20482 0.369345 0.318684 0.291163 0.327792 0.523115 0.207175 0.368917 0.205929 0.292458 0.248466 0.204405 0.204014 0.320246 0.382783 0.323894 0.326253 0.495716 0.316182 0.204839 0.344068
0.314663 0.321064 0.343138 0.377964 0.20473 0.380074 0.314852 0.287848 0.322981 0.531804 0.207085 0.379641 0.20584 0.289136 0.248941 0.204316 0.203924 0.316405 0.378545 0.319109 0.321452 0.503279 0.312364 0.20475 0.34125
0.311035 0.316359 0.340492 0.38877 0.204767 0.390897 0.311224 0.284812 0.318263 0.540275 0.207122 0.390461 0.205877 0.286095 0.249529 0.204352 0.203961 0.312768 0.374162 0.314417 0.316745 0.51073 0.308749 0.204786 0.33861
0.307478 0.311642 0.337854 0.399488 0.204775 0.401632 0.307665 0.281911 0.313533 0.548671 0.20713 0.401192 0.205885 0.283188 0.249939 0.20436 0.203968 0.309202 0.369658 0.309714 0.312025 0.518152 0.305204 0.204794 0.335977
0.304015 0.306961 0.33524 0.410211 0.204782 0.41237 0.304201 0.279167 0.308838 0.556971 0.207138 0.411927 0.205892 0.280439 0.250235 0.204368 0.203976 0.30573 0.365029 0.305046 0.307341 0.525562 0.301753 0.204801 0.333369
0.300627 0.302318 0.332611 0.420943 0.204777 0.423114 0.300812 0.276557 0.304181 0.565184 0.207133 0.422669 0.205887 0.277823 0.250385 0.204363 0.203971 0.302332 0.360277 0.300417 0.302695 0.532979 0.298377 0.204797 0.330746
0.297305 0.297729 0.329946 0.431702 0.204763 0.433885 0.297489 0.274067 0.299578 0.573302 0.207118 0.433437 0.205872 0.275329 0.250385 0.204348 0.203956 0.299001 0.355406 0.295842 0.298103 0.540414 0.295067 0.204782 0.328088
0.294041 0.293206 0.327223 0.442498 0.204738 0.44469 0.294224 0.271684 0.295042 0.581319 0.207093 0.444241 0.205848 0.272941 0.250227 0.204324 0.203932 0.295728 0.350424 0.291334 0.293578 0.547871 0.291816 0.204757 0.32537
0.290828 0.288765 0.324421 0.453334 0.204705 0.455533 0.29101 0.269394 0.290586 0.589221 0.20706 0.455082 0.205814 0.270646 0.249904 0.20429 0.203899 0.292506 0.345342 0.286907 0.289133 0.555354 0.288615 0.204724 0.322575
0.287662 0.284418 0.321524 0.464206 0.204663 0.466412 0.287843 0.267184 0.286225 0.596995 0.207017 0.465959 0.205772 0.268431 0.249416 0.204249 0.203857 0.28933 0.340175 0.282575 0.284784 0.562858 0.285461 0.204682 0.319686
0.284538 0.28018 0.318522 0.475107 0.204614 0.477317 0.284718 0.265043 0.281973 0.604627 0.206968 0.476864 0.205723 0.266286 0.24876 0.204199 0.203808 0.286197 0.334939 0.278351 0.280543 0.570376 0.282349 0.204633 0.316691
0.281456 0.276066 0.315406 0.486022 0.204558 0.488235 0.281635 0.26296 0.277845 0.612099 0.206911 0.487781 0.205667 0.264198 0.24794 0.204144 0.203752 0.283106 0.329654 0.274251 0.276426 0.577899 0.27928 0.204577 0.313582
0.278416 0.272087 0.312172 0.496932 0.204497 0.499146 0.278594 0.260927 0.273853 0.619395 0.206849 0.498692 0.205605 0.262161 0.24696 0.204082 0.203691 0.280056 0.324341 0.270287 0.272445 0.58541 0.276252 0.204516 0.310357
0.275419 0.268257 0.308823 0.50781 0.20443 0.510023 0.275596 0.258937 0.270009 0.626496 0.206783 0.509569 0.205539 0.260167 0.245828 0.204016 0.203625 0.27705 0.319025 0.266471 0.268612 0.592893 0.273268 0.204449 0.307017
0.27247 0.264585 0.305364 0.518625 0.20436 0.520835 0.272646 0.256984 0.266324 0.633386 0.206712 0.520382 0.205468 0.258209 0.244556 0.203946 0.203555 0.274092 0.31373 0.262812 0.264937 0.600324 0.270331 0.204379 0.303567
0.269572 0.261081 0.301807 0.529342 0.204287 0.531547 0.269747 0.255064 0.262808 0.640047 0.206638 0.531095 0.205395 0.256284 0.243156 0.203873 0.203482 0.271185 0.308483 0.259322 0.261431 0.60768 0.267445 0.204306 0.30002
0.266733 0.257753 0.298168 0.539918 0.204213 0.542118 0.266907 0.253175 0.259466 0.646463 0.206563 0.541667 0.20532 0.254391 0.241646 0.203799 0.203408 0.268336 0.303309 0.256005 0.258099 0.614933 0.264618 0.204232 0.296391
0.263959 0.254604 0.294466 0.550312 0.204137 0.552505 0.264132 0.251317 0.256306 0.652618 0.206487 0.552055 0.205244 0.252529 0.240042 0.203724 0.203333 0.265553 0.298236 0.252869 0.254949 0.622054 0.261857 0.204156 0.2927
0.261258 0.25164 0.290725 0.560479 0.204062 0.562662 0.26143 0.249493 0.253331 0.6585 0.206411 0.562215 0.205169 0.2507 0.238364 0.203648 0.203258 0.262843 0.293289 0.249917 0.251983 0.629012 0.259168 0.204081 0.288969
0.258639 0.248863 0.286971 0.570372 0.203988 0.572546 0.25881 0.247704 0.250543 0.664096 0.206336 0.5721 0.205094 0.248907 0.236634 0.203575 0.203184 0.260216 0.288492 0.24715 0.249203 0.635779 0.256561 0.204007 0.285226
0.25611 0.246271 0.283231 0.579947 0.203916 0.58211 0.25628 0.245955 0.247941 0.669397 0.206264 0.581667 0.205022 0.247154 0.234872 0.203503 0.203112 0.257678 0.283869 0.244569 0.246609 0.642323 0.254043 0.203935 0.281497
0.253679 0.243864 0.279534 0.589163 0.203847 0.591314 0.253849 0.244251 0.245525 0.674397 0.206194 0.590873 0.204953 0.245446 0.2331 0.203434 0.203043 0.255239 0.27944 0.242172 0.2442 0.648618 0.251623 0.203866 0.277812
0.251354 0.241639 0.275907 0.597981 0.203781 0.60012 0.251523 0.242599 0.24329 0.679091 0.206128 0.599682 0.204887 0.24379 0.231338 0.203368 0.202977 0.252906 0.275222 0.239955 0.241973 0.654638 0.249309 0.2038 0.274196
0.249142 0.23959 0.272377 0.606369 0.203719 0.608495 0.24931 0.241005 0.241233 0.683477 0.206065 0.608059 0.204825 0.242192 0.229604 0.203306 0.202916 0.250686 0.271229 0.237915 0.239922 0.660362 0.247107 0.203738 0.270678
0.247047 0.237712 0.268969 0.614301 0.203662 0.616413 0.247214 0.239474 0.239348 0.687558 0.206007 0.615981 0.204767 0.240658 0.227916 0.203249 0.202859 0.248584 0.267472 0.236045 0.238043 0.665773 0.245023 0.203681 0.267281
0.245075 0.235998 0.265703 0.621757 0.203609 0.623856 0.245241 0.238013 0.237627 0.691336 0.205954 0.623426 0.204714 0.239192 0.226287 0.203196 0.202806 0.246604 0.263958 0.234338 0.236328 0.670858 0.243059 0.203628 0.264025
0.243227 0.23444 0.262596 0.628725 0.203561 0.630812 0.243392 0.236625 0.236062 0.694819 0.205906 0.630384 0.204666 0.237801 0.224731 0.203148 0.202758 0.244749 0.26069 0.232787 0.234768 0.675609 0.24122 0.20358 0.260929
0.241504 0.233029 0.259662 0.635201 0.203518 0.637275 0.241669 0.235315 0.234646 0.698016 0.205862 0.63685 0.204622 0.236488 0.223257 0.203105 0.202715 0.243021 0.257667 0.231382 0.233356 0.680023 0.239506 0.203537 0.258005
0.239907 0.231757 0.256911 0.641187 0.203479 0.643248 0.240071 0.234085 0.233368 0.700937 0.205823 0.642826 0.204583 0.235255 0.221871 0.203066 0.202676 0.241418 0.254886 0.230115 0.232083 0.684102 0.237917 0.203498 0.255263
0.238433 0.230613 0.254347 0.646692 0.203444 0.648741 0.238597 0.232937 0.23222 0.703596 0.205788 0.648321 0.204548 0.234104 0.220578 0.203032 0.202642 0.239938 0.252342 0.228976 0.230938 0.687852 0.23645 0.203463 0.252708
0.237079 0.229589 0.251973 0.651728 0.203414 0.653766 0.237242 0.231871 0.231191 0.706007 0.205757 0.653349 0.204518 0.233035 0.21938 0.203001 0.202611 0.238579 0.250025 0.227956 0.229913 0.691283 0.235103 0.203433 0.250342
0.235841 0.228674 0.249787 0.656316 0.203387 0.658343 0.236003 0.230886 0.230272 0.708185 0.20573 0.657928 0.204491 0.232048 0.218278 0.202975 0.202585 0.237336 0.247924 0.227045 0.228997 0.694407 0.233871 0.203406 0.248164
0.234713 0.22786 0.247785 0.660477 0.203364 0.662494 0.234875 0.229981 0.229455 0.710146 0.205707 0.662081 0.204468 0.23114 0.217269 0.202951 0.202562 0.236204 0.246027 0.226235 0.228183 0.697238 0.232749 0.203383 0.246169
0.23369 0.227137 0.245961 0.664236 0.203344 0.666244 0.233852 0.229153 0.228729 0.711906 0.205686 0.665833 0.204447 0.23031 0.216351 0.202931 0.202541 0.235177 0.244322 0.225515 0.227459 0.699796 0.231731 0.203363 0.244351
0.232765 0.226498 0.244305 0.667619 0.203326 0.669619 0.232927 0.228398 0.228087 0.71348 0.205669 0.669209 0.20443 0.229553 0.215519 0.202914 0.202524 0.234249 0.242794 0.224878 0.226819 0.702096 0.23081 0.203345 0.242701
0.231932 0.225933 0.24281 0.670654 0.203311 0.672647 0.232093 0.227713 0.227519 0.714885 0.205653 0.672239 0.204415 0.228867 0.214769 0.202899 0.202509 0.233413 0.24143 0.224316 0.226254 0.704159 0.229981 0.20333 0.241211
0.231184 0.225435 0.241463 0.673369 0.203298 0.675354 0.231344 0.227094 0.227019 0.716136 0.20564 0.674948 0.204402 0.228246 0.214095 0.202886 0.202496 0.232662 0.240215 0.22382 0.225755 0.706003 0.229237 0.203317 0.239869
0.230514 0.224997 0.240255 0.675791 0.203287 0.67777 0.230674 0.226536 0.226579 0.717246 0.205629 0.677365 0.204391 0.227686 0.213492 0.202875 0.202485 0.231989 0.239137 0.223384 0.225317 0.707646 0.22857 0.203306 0.238666
0.229915 0.224612 0.239175 0.677946 0.203278 0.679919 0.230074 0.226034 0.226193 0.718231 0.20562 0.679515 0.204381 0.227183 0.212955 0.202865 0.202475 0.231387 0.238182 0.223001 0.224932 0.709108 0.227974 0.203297 0.237589
0.229381 0.224275 0.238211 0.679859 0.203269 0.681827 0.22954 0.225584 0.225855 0.719102 0.205611 0.681424 0.204373 0.226732 0.212476 0.202857 0.202467 0.230851 0.237338 0.222665 0.224594 0.710404 0.227443 0.203288 0.236629
0.228906 0.22398 0.237353 0.681554 0.203262 0.683517 0.229065 0.225183 0.225558 0.719871 0.205604 0.683115 0.204366 0.22633 0.212052 0.20285 0.20246 0.230375 0.236594 0.222371 0.224299 0.711552 0.22697 0.203281 0.235775
0.228484 0.223722 0.236592 0.683053 0.203256 0.685012 0.228643 0.224824 0.225299 0.720549 0.205598 0.684611 0.20436 0.22597 0.211676 0.202844 0.202454 0.229951 0.235939 0.222114 0.224041 0.712566 0.22655 0.203275 0.235016
0.22811 0.223496 0.235917 0.684377 0.203251 0.686333 0.228269 0.224505 0.225073 0.721147 0.205593 0.685932 0.204355 0.22565 0.211344 0.202839 0.202449 0.229576 0.235363 0.22189 0.223815 0.713461 0.226179 0.20327 0.234344
0.227779 0.2233 0.23532 0.685545 0.203247 0.687497 0.227938 0.224222 0.224875 0.721673 0.205589 0.687098 0.20435 0.225366 0.211052 0.202834 0.202445 0.229244 0.234857 0.221694 0.223619 0.71425 0.225849 0.203266 0.233749
0.227487 0.223128 0.234793 0.686574 0.203243 0.688523 0.227645 0.223971 0.224703 0.722135 0.205585 0.688124 0.204346 0.225114 0.210794 0.202831 0.202441 0.22895 0.234414 0.221524 0.223447 0.714944 0.225558 0.203262 0.233224
0.227228 0.222979 0.234328 0.687479 0.20324 0.689425 0.227387 0.223748 0.224553 0.72254 0.205581 0.689027 0.204343 0.224891 0.210568 0.202827 0.202438 0.228691 0.234026 0.221375 0.223298 0.715553 0.225301 0.203259 0.232761
0.227 0.222849 0.233918 0.688274 0.203237 0.690219 0.227159 0.223551 0.224423 0.722896 0.205579 0.68982 0.20434 0.224693 0.210369 0.202825 0.202435 0.228462 0.233686 0.221246 0.223168 0.716089 0.225075 0.203256 0.232352
0.2268 0.222736 0.233557 0.688973 0.203234 0.690915 0.226958 0.223377 0.224309 0.723208 0.205576 0.690518 0.204338 0.224519 0.210194 0.202822 0.202433 0.22826 0.233389 0.221133 0.223054 0.716559 0.224875 0.203254 0.231993
0.226623 0.222638 0.23324 0.689586 0.203232 0.691527 0.226781 0.223223 0.224211 0.723482 0.205574 0.691129 0.204336 0.224365 0.210041 0.20282 0.20243 0.228083 0.23313 0.221035 0.222956 0.716971 0.224699 0.203251 0.231677
0.226467 0.222552 0.232962 0.690124 0.203231 0.692063 0.226626 0.223088 0.224125 0.723721 0.205572 0.691666 0.204334 0.224229 0.209907 0.202818 0.202429 0.227927 0.232903 0.22095 0.222871 0.717332 0.224544 0.20325 0.231399
0.226331 0.222478 0.232717 0.690595 0.203229 0.692533 0.226489 0.222968 0.22405 0.723931 0.205571 0.692136 0.204332 0.224109 0.20979 0.202817 0.202427 0.22779 0.232706 0.220876 0.222796 0.717648 0.224408 0.203248 0.231156
0.226211 0.222414 0.232502 0.691008 0.203228 0.692945 0.226369 0.222863 0.223986 0.724114 0.205569 0.692548 0.204331 0.224004 0.209687 0.202815 0.202426 0.227669 0.232533 0.220812 0.222732 0.717924 0.224289 0.203247 0.230942
0.226105 0.222358 0.232314 0.691369 0.203226 0.693305 0.226263 0.222771 0.223929 0.724274 0.205568 0.692909 0.20433 0.223911 0.209598 0.202814 0.202425 0.227563 0.232383 0.220757 0.222676 0.718166 0.224184 0.203246 0.230754
0.226012 0.222309 0.232149 0.691686 0.203225 0.693621 0.226171 0.222689 0.223881 0.724415 0.205567 0.693225 0.204329 0.22383 0.209519 0.202813 0.202424 0.22747 0.232252 0.220708 0.222627 0.718378 0.224092 0.203245 0.23059
0.225931 0.222267 0.232004 0.691963 0.203225 0.693897 0.226089 0.222618 0.223838 0.724537 0.205566 0.693501 0.204328 0.223758 0.209451 0.202812 0.202423 0.227389 0.232138 0.220666 0.222585 0.718563 0.224011 0.203244 0.230446
0.22586 0.22223 0.231878 0.692205 0.203224 0.694139 0.226018 0.222555 0.223801 0.724644 0.205565 0.693743 0.204327 0.223695 0.209391 0.202812 0.202422 0.227317 0.232039 0.22063 0.222548 0.718724 0.22394 0.203243 0.23032
0.225797 0.222199 0.231767 0.692417 0.203223 0.69435 0.225956 0.2225 0.22377 0.724738 0.205565 0.693954 0.204326 0.223639 0.209339 0.202811 0.202421 0.227254 0.231952 0.220598 0.222516 0.718866 0.223878 0.203242 0.230209
0.225743 0.222171 0.23167 0.692602 0.203223 0.694535 0.225901 0.222451 0.223742 0.72482 0.205564 0.694139 0.204326 0.223591 0.209294 0.20281 0.202421 0.227199 0.231877 0.220571 0.222489 0.718989 0.223823 0.203242 0.230113
0.225695 0.222147 0.231585 0.692764 0.203222 0.694696 0.225853 0.222409 0.223718 0.724891 0.205564 0.694301 0.204325 0.223548 0.209254 0.20281 0.20242 0.227151 0.231811 0.220547 0.222465 0.719097 0.223775 0.203241 0.230028
0.225653 0.222126 0.231511 0.692906 0.203222 0.694837 0.225811 0.222371 0.223697 0.724953 0.205563 0.694442 0.204325 0.223511 0.209219 0.202809 0.20242 0.227109 0.231754 0.220526 0.222444 0.719191 0.223734 0.203241 0.229954
0.225616 0.222108 0.231446 0.69303 0.203221 0.694961 0.225774 0.222339 0.223679 0.725008 0.205563 0.694565 0.204325 0.223478 0.209189 0.202809 0.202419 0.227072 0.231704 0.220508 0.222426 0.719273 0.223697 0.20324 0.22989
0.225583 0.222093 0.231389 0.693138 0.203221 0.695068 0.225741 0.22231 0.223663 0.725055 0.205563 0.694673 0.204324 0.223449 0.209163 0.202809 0.202419 0.22704 0.231661 0.220493 0.22241 0.719344 0.223665 0.20324 0.229833
0.225555 0.222079 0.231339 0.693232 0.203221 0.695163 0.225713 0.222285 0.22365 0.725097 0.205562 0.694767 0.204324 0.223424 0.20914 0.202808 0.202419 0.227011 0.231623 0.220479 0.222397 0.719407 0.223637 0.20324 0.229784
0.22553 0.222067 0.231296 0.693315 0.20322 0.695245 0.225688 0.222263 0.223638 0.725133 0.205562 0.69485 0.204324 0.223402 0.20912 0.202808 0.202419 0.226986 0.23159 0.220467 0.222385 0.719462 0.223612 0.203239 0.22974
0.225509 0.222057 0.231258 0.693387 0.20322 0.695317 0.225667 0.222243 0.223627 0.725164 0.205562 0.694922 0.204323 0.223383 0.209102 0.202808 0.202418 0.226965 0.231562 0.220457 0.222375 0.719509 0.223591 0.203239 0.229703
0.22549 0.222048 0.231225 0.69345 0.20322 0.69538 0.225648 0.222227 0.223619 0.725192 0.205562 0.694984 0.204323 0.223366 0.209087 0.202808 0.202418 0.226946 0.231537 0.220448 0.222366 0.719551 0.223572 0.203239 0.229669
0.225473 0.222041 0.231196 0.693505 0.20322 0.695434 0.225631 0.222212 0.223611 0.725216 0.205561 0.695039 0.204323 0.223351 0.209074 0.202808 0.202418 0.226929 0.231515 0.220441 0.222358 0.719587 0.223555 0.203239 0.229641
0.225459 0.222034 0.231171 0.693553 0.20322 0.695482 0.225617 0.222199 0.223604 0.725237 0.205561 0.695087 0.204323 0.223338 0.209062 0.202807 0.202418 0.226914 0.231496 0.220434 0.222352 0.719619 0.223541 0.203239 0.229615
0.225446 0.222028 0.231148 0.693595 0.20322 0.695524 0.225604 0.222187 0.223598 0.725255 0.205561 0.695129 0.204323 0.223326 0.209052 0.202807 0.202418 0.226902 0.23148 0.220428 0.222346 0.719646 0.223528 0.203239 0.229593
0.225435 0.222023 0.231129 0.693631 0.203219 0.695561 0.225593 0.222177 0.223593 0.725271 0.205561 0.695166 0.204323 0.223316 0.209044 0.202807 0.202418 0.22689 0.231466 0.220423 0.222341 0.719671 0.223517 0.203239 0.229574
0.225425 0.222019 0.231112 0.693663 0.203219 0.695592 0.225583 0.222169 0.223589 0.725285 0.205561 0.695197 0.204323 0.223308 0.209036 0.202807 0.202418 0.226881 0.231453 0.220419 0.222336 0.719692 0.223507 0.203238 0.229557
0.225417 0.222015 0.231097 0.693691 0.203219 0.69562 0.225575 0.222161 0.223585 0.725298 0.205561 0.695225 0.204323 0.2233 0.209029 0.202807 0.202417 0.226872 0.231442 0.220415 0.222333 0.71971 0.223499 0.203238 0.229542
0.225409 0.222012 0.231085 0.693716 0.203219 0.695645 0.225567 0.222154 0.223582 0.725308 0.205561 0.69525 0.204322 0.223293 0.209023 0.202807 0.202417 0.226865 0.231433 0.220412 0.222329 0.719726 0.223492 0.203238 0.22953
0.225403 0.222009 0.231073 0.693737 0.203219 0.695666 0.225561 0.222149 0.223579 0.725318 0.205561 0.695271 0.204322 0.223287 0.209018 0.202807 0.202417 0.226858 0.231425 0.220409 0.222327 0.71974 0.223485 0.203238 0.229518
0.225397 0.222006 0.231063 0.693755 0.203219 0.695684 0.225555 0.222143 0.223576 0.725326 0.205561 0.695289 0.204322 0.223282 0.209014 0.202807 0.202417 0.226852 0.231418 0.220407 0.222324 0.719752 0.223479 0.203238 0.229509
0.225392 0.222004 0.231055 0.693772 0.203219 0.695701 0.22555 0.222139 0.223574 0.725333 0.205561 0.695306 0.204322 0.223278 0.20901 0.202807 0.202417 0.226847 0.231412 0.220405 0.222322 0.719763 0.223474 0.203238 0.2295
0.225388 0.222002 0.231047 0.693786 0.203219 0.695715 0.225546 0.222135 0.223572 0.725339 0.205561 0.69532 0.204322 0.223274 0.209007 0.202807 0.202417 0.226843 0.231406 0.220403 0.22232 0.719772 0.22347 0.203238 0.229493
0.225384 0.222001 0.231041 0.693798 0.203219 0.695727 0.225542 0.222132 0.223571 0.725344 0.205561 0.695332 0.204322 0.22327 0.209004 0.202807 0.202417 0.226839 0.231401 0.220401 0.222318 0.71978 0.223466 0.203238 0.229486
0.225381 0.221999 0.231035 0.693809 0.203219 0.695738 0.225539 0.222129 0.223569 0.725349 0.20556 0.695343 0.204322 0.223267 0.209001 0.202807 0.202417 0.226836 0.231397 0.2204 0.222317 0.719787 0.223463 0.203238 0.22948
0.225378 0.221998 0.23103 0.693818 0.203219 0.695747 0.225536 0.222126 0.223568 0.725353 0.20556 0.695352 0.204322 0.223265 0.208999 0.202807 0.202417 0.226833 0.231394 0.220398 0.222316 0.719793 0.22346 0.203238 0.229475
0.225375 0.221997 0.231026 0.693827 0.203219 0.695755 0.225533 0.222124 0.223567 0.725357 0.20556 0.69536 0.204322 0.223262 0.208997 0.202807 0.202417 0.22683 0.231391 0.220397 0.222315 0.719799 0.223458 0.203238 0.229471
0.225373 0.221996 0.231022 0.693834 0.203219 0.695763 0.225531 0.222122 0.223566 0.72536 0.20556 0.695368 0.204322 0.22326 0.208995 0.202807 0.202417 0.226828 0.231388 0.220396 0.222314 0.719803 0.223455 0.203238 0.229467
0.225371 0.221995 0.231019 0.69384 0.203219 0.695769 0.225529 0.22212 0.223565 0.725362 0.20556 0.695374 0.204322 0.223259 0.208994 0.202807 0.202417 0.226826 0.231386 0.220396 0.222313 0.719807 0.223453 0.203238 0.229464
0.225369 0.221995 0.231016 0.693846 0.203219 0.695774 0.225527 0.222118 0.223565 0.725365 0.20556 0.695379 0.204322 0.223257 0.208993 0.202807 0.202417 0.226825 0.231384 0.220395 0.222312 0.719811 0.223452 0.203238 0.229461
0.225368 0.221994 0.231013 0.69385 0.203219 0.695779 0.225526 0.222117 0.223564 0.725367 0.20556 0.695384 0.204322 0.223256 0.208991 0.202807 0.202417 0.226823 0.231382 0.220394 0.222312 0.719814 0.22345 0.203238 0.229458
0.225366 0.221993 0.231011 0.693855 0.203219 0.695783 0.225524 0.222116 0.223564 0.725369 0.20556 0.695388 0.204322 0.223255 0.20899 0.202807 0.202417 0.226822 0.23138 0.220394 0.222311 0.719817 0.223449 0.203238 0.229456
0.225365 0.221993 0.231009 0.693858 0.203219 0.695787 0.225523 0.222115 0.223563 0.72537 0.20556 0.695392 0.204322 0.223254 0.20899 0.202807 0.202417 0.226821 0.231379 0.220393 0.222311 0.719819 0.223448 0.203238 0.229454
0.225364 0.221993 0.231007 0.693861 0.203219 0.69579 0.225522 0.222114 0.223563 0.725372 0.20556 0.695395 0.204322 0.223253 0.208989 0.202807 0.202417 0.22682 0.231378 0.220393 0.22231 0.719821 0.223447 0.203238 0.229453
0.225363 0.221992 0.231006 0.693864 0.203219 0.695793 0.225521 0.222113 0.223562 0.725373 0.20556 0.695398 0.204322 0.223252 0.208988 0.202807 0.202417 0.226819 0.231377 0.220393 0.22231 0.719823 0.223446 0.203238 0.229451
0.225363 0.221992 0.231004 0.693867 0.203219 0.695795 0.225521 0.222112 0.223562 0.725374 0.20556 0.6954 0.204322 0.223251 0.208988 0.202807 0.202417 0.226818 0.231376 0.220392 0.22231 0.719825 0.223445 0.203238 0.22945
0.225362 0.221992 0.231003 0.693869 0.203219 0.695797 0.22552 0.222112 0.223562 0.725375 0.20556 0.695402 0.204322 0.223251 0.208987 0.202807 0.202417 0.226817 0.231375 0.220392 0.222309 0.719826 0.223445 0.203238 0.229449
0.225361 0.221991 0.231002 0.693871 0.203219 0.695799 0.225519 0.222111 0.223562 0.725376 0.20556 0.695404 0.204322 0.22325 0.208987 0.202807 0.202417 0.226817 0.231374 0.220392 0.222309 0.719827 0.223444 0.203238 0.229448
0.225361 0.221991 0.231002 0.693872 0.203219 0.695801 0.225519 0.222111 0.223561 0.725376 0.20556 0.695406 0.204322 0.22325 0.208986 0.202807 0.202417 0.226816 0.231374 0.220392 0.222309 0.719828 0.223444 0.203238 0.229447
0.22536 0.221991 0.231001 0.693874 0.203219 0.695802 0.225518 0.22211 0.223561 0.725377 0.20556 0.695407 0.204322 0.223249 0.208986 0.202807 0.202417 0.226816 0.231373 0.220392 0.222309 0.719829 0.223443 0.203238 0.229446
0.22536 0.221991 0.231 0.693875 0.203219 0.695803 0.225518 0.22211 0.223561 0.725377 0.20556 0.695408 0.204322 0.223249 0.208986 0.202807 0.202417 0.226815 0.231373 0.220391 0.222309 0.71983 0.223443 0.203238 0.229445
0.22536 0.221991 0.231 0.693876 0.203219 0.695804 0.225518 0.22211 0.223561 0.725378 0.20556 0.69541 0.204322 0.223249 0.208985 0.202807 0.202417 0.226815 0.231372 0.220391 0.222309 0.719831 0.223442 0.203238 0.229445
0.225359 0.221991 0.230999 0.693877 0.203219 0.695805 0.225517 0.22211 0.223561 0.725378 0.20556 0.69541 0.204322 0.223248 0.208985 0.202807 0.202417 0.226815 0.231372 0.220391 0.222308 0.719831 0.223442 0.203238 0.229444
0.225359 0.221991 0.230999 0.693878 0.203219 0.695806 0.225517 0.222109 0.223561 0.725379 0.20556 0.695411 0.204322 0.223248 0.208985 0.202807 0.202417 0.226814 0.231372 0.220391 0.222308 0.719832 0.223442 0.203238 0.229444
0.225359 0.221991 0.230998 0.693878 0.203219 0.695807 0.225517 0.222109 0.223561 0.725379 0.20556 0.695412 0.204322 0.223248 0.208985 0.202807 0.202417 0.226814 0.231371 0.220391 0.222308 0.719832 0.223442 0.203238 0.229444
0.225359 0.22199 0.230998 0.693879 0.203219 0.695808 0.225517 0.222109 0.22356 0.725379 0.20556 0.695413 0.204322 0.223248 0.208985 0.202807 0.202417 0.226814 0.231371 0.220391 0.222308 0.719833 0.223441 0.203238 0.229443
0.225359 0.22199 0.230998 0.69388 0.203219 0.695808 0.225517 0.222109 0.22356 0.725379 0.20556 0.695413 0.204322 0.223248 0.208985 0.202807 0.202417 0.226814 0.231371 0.220391 0.222308 0.719833 0.223441 0.203238 0.229443
0.225358 0.22199 0.230997 0.69388 0.203219 0.695809 0.225516 0.222109 0.22356 0.72538 0.20556 0.695414 0.204322 0.223247 0.208985 0.202807 0.202417 0.226814 0.231371 0.220391 0.222308 0.719833 0.223441 0.203238 0.229443
0.225358 0.22199 0.230997 0.69388 0.203219 0.695809 0.225516 0.222108 0.22356 0.72538 0.20556 0.695414 0.204322 0.223247 0.208984 0.202807 0.202417 0.226814 0.231371 0.220391 0.222308 0.719834 0.223441 0.203238 0.229442
0.225358 0.22199 0.230997 0.693881 0.203219 0.695809 0.225516 0.222108 0.22356 0.72538 0.20556 0.695414 0.204322 0.223247 0.208984 0.202807 0.202417 0.226813 0.231371 0.220391 0.222308 0.719834 0.223441 0.203238 0.229442
0.225358 0.22199 0.230997 0.693881 0.203219 0.69581 0.225516 0.222108 0.22356 0.72538 0.20556 0.695415 0.204322 0.223247 0.208984 0.202807 0.202417 0.226813 0.23137 0.220391 0.222308 0.719834 0.223441 0.203238 0.229442
0.225358 0.22199 0.230997 0.693881 0.203219 0.69581 0.225516 0.222108 0.22356 0.72538 0.20556 0.695415 0.204322 0.223247 0.208984 0.202807 0.202417 0.226813 0.23137 0.220391 0.222308 0.719834 0.223441 0.203238 0.229442
0.225358 0.22199 0.230996 0.693882 0.203219 0.69581 0.225516 0.222108 0.22356 0.72538 0.20556 0.695415 0.204322 0.223247 0.208984 0.202807 0.202417 0.226813 0.23137 0.220391 0.222308 0.719834 0.223441 0.203238 0.229442
0.225358 0.22199 0.230996 0.693882 0.203219 0.69581 0.225516 0.222108 0.22356 0.72538 0.20556 0.695415 0.204322 0.223247 0.208984 0.202807 0.202417 0.226813 0.23137 0.220391 0.222308 0.719835 0.223441 0.203238 0.229442
0.225358 0.22199 0.230996 0.693882 0.203219 0.695811 0.225516 0.222108 0.22356 0.725381 0.20556 0.695416 0.204322 0.223247 0.208984 0.202807 0.202417 0.226813 0.23137 0.220391 0.222308 0.719835 0.22344 0.203238 0.229442
0.225358 0.22199 0.230996 0.693882 0.203219 0.695811 0.225516 0.222108 0.22356 0.725381 0.20556 0.695416 0.204322 0.223247 0.208984 0.202807 0.202417 0.226813 0.23137 0.22039 0.222308 0.719835 0.22344 0.203238 0.229442
0.225358 0.22199 0.230996 0.693882 0.203219 0.695811 0.225516 0.222108 0.22356 0.725381 0.20556 0.695416 0.204322 0.223247 0.208984 0.202807 0.202417 0.226813 0.23137 0.22039 0.222308 0.719835 0.22344 0.203238 0.229441
0.225358 0.22199 0.230996 0.693882 0.203219 0.695811 0.225516 0.222108 0.22356 0.725381 0.20556 0.695416 0.204322 0.223247 0.208984 0.202807 0.202417 0.226813 0.23137 0.22039 0.222308 0.719835 0.22344 0.203238 0.229441
0.225358 0.22199 0.230996 0.693883 0.203219 0.695811 0.225516 0.222108 0.22356 0.725381 0.20556 0.695416 0.204322 0.223247 0.208984 0.202807 0.202417 0.226813 0.23137 0.22039 0.222308 0.719835 0.22344 0.203238 0.229441
0.225358 0.22199 0.230996 0.693883 0.203219 0.695811 0.225516 0.222108 0.22356 0.725381 0.20556 0.695416 0.204322 0.223247 0.208984 0.202807 0.202417 0.226813 0.23137 0.22039 0.222308 0.719835 0.22344 0.203238 0.229441
0.225358 0.22199 0.230996 0.693883 0.203219 0.695811 0.225516 0.222108 0.22356 0.725381 0.20556 0.695416 0.204322 0.223247 0.208984 0.202807 0.202417 0.226813 0.23137 0.22039 0.222308 0.719835 0.22344 0.203238 0.229441
0.225358 0.22199 0.230996 0.693883 0.203219 0.695811 0.225516 0.222108 0.22356 0.725381 0.20556 0.695416 0.204322 0.223247 0.208984 0.202807 0.202417 0.226813 0.23137 0.22039 0.222308 0.719835 0.22344 0.203238 0.229441
0.225358 0.22199 0.230996 0.693883 0.203219 0.695811 0.225516 0.222108 0.22356 0.725381 0.20556 0.695416 0.204322 0.223247 0.208984 0.202807 0.202417 0.226813 0.23137 0.22039 0.222308 0.719835 0.22344 0.203238 0.229441
0.225358 0.22199 0.230996 0.693883 0.203219 0.695811 0.225516 0.222108 0.22356 0.725381 0.20556 0.695417 0.204322 0.223247 0.208984 0.202807 0.202417 0.226813 0.23137 0.22039 0.222308 0.719835 0.22344 0.203238 0.229441
0.225358 0.22199 0.230996 0.693883 0.203219 0.695811 0.225516 0.222108 0.22356 0.725381 0.20556 0.695417 0.204322 0.223247 0.208984 0.202807 0.202417 0.226813 0.23137 0.22039 0.222308 0.719835 0.22344 0.203238 0.229441
0.225357 0.22199 0.230996 0.693883 0.203219 0.695812 0.225515 0.222108 0.22356 0.725381 0.20556 0.695417 0.204322 0.223247 0.208984 0.202807 0.202417 0.226813 0.23137 0.22039 0.222308 0.719835 0.22344 0.203238 0.229441
0.225357 0.22199 0.230996 0.693883 0.203219 0.695812 0.225515 0.222108 0.22356 0.725381 0.20556 0.695417 0.204322 0.223246 0.208984 0.202807 0.202417 0.226813 0.23137 0.22039 0.222308 0.719835 0.22344 0.203238 0.229441
0.225357 0.22199 0.230996 0.693883 0.203219 0.695812 0.225515 0.222108 0.22356 0.725381 0.20556 0.695417 0.204322 0.223246 0.208984 0.202807 0.202417 0.226813 0.23137 0.22039 0.222308 0.719835 0.22344 0.203238 0.229441
0.225357 0.22199 0.230996 0.693883 0.203219 0.695812 0.225515 0.222108 0.22356 0.725381 0.20556 0.695417 0.204322 0.223246 0.208984 0.202807 0.202417 0.226813 0.23137 0.22039 0.222308 0.719835 0.22344 0.203238 0.229441
0.225357 0.22199 0.230996 0.693883 0.203219 0.695812 0.225515 0.222108 0.22356 0.725381 0.20556 0.695417 0.204322 0.223246 0.208984 0.202807 0.202417 0.226813 0.23137 0.22039 0.222308 0.719835 0.22344 0.203238 0.229441
0.225357 0.22199 0.230996 0.693883 0.203219 0.695812 0.225515 0.222108 0.22356 0.725381 0.20556 0.695417 0.204322 0.223246 0.208984 0.202807 0.202417 0.226813 0.23137 0.22039 0.222308 0.719835 0.22344 0.203238 0.229441
0.225357 0.22199 0.230996 0.693883 0.203219 0.695812 0.225515 0.222108 0.22356 0.725381 0.20556 0.695417 0.204322 0.223246 0.208984 0.202807 0.202417 0.226813 0.23137 0.22039 0.222308 0.719835 0.22344 0.203238 0.229441
0.225357 0.22199 0.230996 0.693883 0.203219 0.695812 0.225515 0.222108 0.22356 0.725381 0.20556 0.695417 0.204322 0.223246 0.208984 0.202807 0.202417 0.226813 0.23137 0.22039 0.222308 0.719835 0.22344 0.203238 0.229441
0.225357 0.22199 0.230996 0.693883 0.203219 0.695812 0.225515 0.222108 0.22356 0.725381 0.20556 0.695417 0.204322 0.223246 0.208984 0.202807 0.202417 0.226813 0.23137 0.22039 0.222308 0.719835 0.22344 0.203238 0.229441
0.225357 0.22199 0.230996 0.693883 0.203219 0.695812 0.225515 0.222108 0.22356 0.725381 0.20556 0.695417 0.204322 0.223246 0.208984 0.202807 0.202417 0.226813 0.23137 0.22039 0.222308 0.719835 0.22344 0.203238 0.229441
0.225357 0.22199 0.230996 0.693883 0.203219 0.695812 0.225515 0.222108 0.22356 0.725381 0.20556 0.695417 0.204322 0.223246 0.208984 0.202807 0.202417 0.226813 0.23137 0.22039 0.222308 0.719835 0.22344 0.203238 0.229441
0.225357 0.22199 0.230996 0.693883 0.203219 0.695812 0.225515 0.222108 0.22356 0.725381 0.20556 0.695417 0.204322 0.223246 0.208984 0.202807 0.202417 0.226813 0.23137 0.22039 0.222308 0.719835 0.22344 0.203238 0.229441
0.225357 0.22199 0.230996 0.693883 0.203219 0.695812 0.225515 0.222108 0.22356 0.725381 0.20556 0.695417 0.204322 0.223246 0.208984 0.202807 0.202417 0.226813 0.23137 0.22039 0.222308 0.719835 0.22344 0.203238 0.229441
0.225357 0.22199 0.230996 0.693883 0.203219 0.695812 0.225515 0.222108 0.22356 0.725381 0.20556 0.695417 0.204322 0.223246 0.208984 0.202807 0.202417 0.226813 0.23137 0.22039 0.222308 0.719835 0.22344 0.203238 0.229441
0.225357 0.22199 0.230996 0.693883 0.203219 0.695812 0.225515 0.222108 0.22356 0.725381 0.20556 0.695417 0.204322 0.223246 0.208984 0.202807 0.202417 0.226813 0.23137 0.22039 0.222308 0.719835 0.22344 0.203238 0.229441
0.225357 0.22199 0.230996 0.693883 0.203219 0.695812 0.225515 0.222108 0.22356 0.725381 0.20556 0.695417 0.204322 0.223246 0.208984 0.202807 0.202417 0.226813 0.23137 0.22039 0.222308 0.719835 0.22344 0.203238 0.229441
0.225357 0.22199 0.230996 0.693883 0.203219 0.695812 0.225515 0.222108 0.22356 0.725381 0.20556 0.695417 0.204322 0.223246 0.208984 0.202807 0.202417 0.226813 0.23137 0.22039 0.222308 0.719835 0.22344 0.203238 0.229441
0.225357 0.22199 0.230996 0.693883 0.203219 0.695812 0.225515 0.222108 0.22356 0.725381 0.20556 0.695417 0.204322 0.223246 0.208984 0.202807 0.202417 0.226813 0.23137 0.22039 0.222308 0.719835 0.22344 0.203238 0.229441
0.225357 0.22199 0.230996 0.693883 0.203219 0.695812 0.225515 0.222108 0.22356 0.725381 0.20556 0.695417 0.204322 0.223246 0.208984 0.202807 0.202417 0.226813 0.23137 0.22039 0.222308 0.719835 0.22344 0.203238 0.229441
0.225357 0.22199 0.230996 0.693883 0.203219 0.695812 0.225515 0.222108 0.22356 0.725381 0.20556 0.695417 0.204322 0.223246 0.208984 0.202807 0.202417 0.226813 0.23137 0.22039 0.222308 0.719835 0.22344 0.203238 0.229441
0.225357 0.22199 0.230996 0.693883 0.203219 0.695812 0.225515 0.222108 0.22356 0.725381 0.20556 0.695417 0.204322 0.223246 0.208984 0.202807 0.202417 0.226813 0.23137 0.22039 0.222308 0.719835 0.22344 0.203238 0.229441
0.225357 0.22199 0.230996 0.693883 0.203219 0.695812 0.225515 0.222108 0.22356 0.725381 0.20556 0.695417 0.204322 0.223246 0.208984 0.202807 0.202417 0.226813 0.23137 0.22039 0.222308 0.719835 0.22344 0.203238 0.229441
0.225357 0.22199 0.230996 0.693883 0.203219 0.695812 0.225515 0.222108 0.22356 0.725381 0.20556 0.695417 0.204322 0.223246 0.208984 0.202807 0.202417 0.226813 0.23137 0.22039 0.222308 0.719835 0.22344 0.203238 0.229441
0.225357 0.22199 0.230996 0.693883 0.203219 0.695812 0.225515 0.222108 0.22356 0.725381 0.20556 0.695417 0.204322 0.223246 0.208984 0.202807 0.202417 0.226813 0.23137 0.22039 0.222308 0.719835 0.22344 0.203238 0.229441
0.225357 0.22199 0.230996 0.693883 0.203219 0.695812 0.225515 0.222108 0.22356 0.725381 0.20556 0.695417 0.204322 0.223246 0.208984 0.202807 0.202417 0.226813 0.23137 0.22039 0.222308 0.719835 0.22344 0.203238 0.229441
0.225357 0.22199 0.230996 0.693883 0.203219 0.695812 0.225515 0.222108 0.22356 0.725381 0.20556 0.695417 0.204322 0.223246 0.208984 0.202807 0.202417 0.226813 0.23137 0.22039 0.222308 0.719835 0.22344 0.203238 0.229441
0.225357 0.22199 0.230996 0.693883 0.203219 0.695812 0.225515 0.222108 0.22356 0.725381 0.20556 0.695417 0.204322 0.223246 0.208984 0.202807 0.202417 0.226813 0.23137 0.22039 0.222308 0.719835 0.22344 0.203238 0.229441
0.225357 0.22199 0.230996 0.693883 0.203219 0.695812 0.225515 0.222108 0.22356 0.725381 0.20556 0.695417 0.204322 0.223246 0.208984 0.202807 0.202417 0.226813 0.23137 0.22039 0.222308 0.719835 0.22344 0.203238 0.229441
0.225357 0.22199 0.230996 0.693883 0.203219 0.695812 0.225515 0.222108 0.22356 0.725381 0.20556 0.695417 0.204322 0.223246 0.208984 0.202807 0.202417 0.226813 0.23137 0.22039 0.222308 0.719835 0.22344 0.203238 0.229441
0.225357 0.22199 0.230996 0.693883 0.203219 0.695812 0.225515 0.222108 0.22356 0.725381 0.20556 0.695417 0.204322 0.223246 0.208984 0.202807 0.202417 0.226813 0.23137 0.22039 0.222308 0.719835 0.22344 0.203238 0.229441
0.225357 0.22199 0.230996 0.693883 0.203219 0.695812 0.225515 0.222108 0.22356 0.725381 0.20556 0.695417 0.204322 0.223246 0.208984 0.202807 0.202417 0.226813 0.23137 0.22039 0.222308 0.719835 0.22344 0.203238 0.229441
0.225357 0.22199 0.230996 0.693883 0.203219 0.695812 0.225515 0.222108 0.22356 0.725381 0.20556 0.695417 0.204322 0.223246 0.208984 0.202807 0.202417 0.226813 0.23137 0.22039 0.222308 0.719835 0.22344 0.203238 0.229441
0.225357 0.22199 0.230996 0.693883 0.203219 0.695812 0.225515 0.222108 0.22356 0.725381 0.20556 0.695417 0.204322 0.223246 0.208984 0.202807 0.202417 0.226813 0.23137 0.22039 0.222308 0.719835 0.22344 0.203238 0.229441
0.225357 0.22199 0.230996 0.693883 0.203219 0.695812 0.225515 0.222108 0.22356 0.725381 0.20556 0.695417 0.204322 0.223246 0.208984 0.202807 0.202417 0.226813 0.23137 0.22039 0.222308 0.719835 0.22344 0.203238 0.229441
0.225357 0.22199 0.230996 0.693883 0.203219 0.695812 0.225515 0.222108 0.22356 0.725381 0.20556 0.695417 0.204322 0.223246 0.208984 0.202807 0.202417 0.226813 0.23137 0.22039 0.222308 0.719835 0.22344 0.203238 0.229441
0.225357 0.22199 0.230996 0.693883 0.203219 0.695812 0.225515 0.222108 0.22356 0.725381 0.20556 0.695417 0.204322 0.223246 0.208984 0.202807 0.202417 0.226813 0.23137 0.22039 0.222308 0.719835 0.22344 0.203238 0.229441
0.225357 0.22199 0.230996 0.693883 0.203219 0.695812 0.225515 0.222108 0.22356 0.725381 0.20556 0.695417 0.204322 0.223246 0.208984 0.202807 0.202417 0.226813 0.23137 0.22039 0.222308 0.719835 0.22344 0.203238 0.229441
0.225357 0.22199 0.230996 0.693883 0.203219 0.695812 0.225515 0.222108 0.22356 0.725381 0.20556 0.695417 0.204322 0.223246 0.208984 0.202807 0.202417 0.226813 0.23137 0.22039 0.222308 0.719835 0.22344 0.203238 0.229441
0.225357 0.22199 0.230996 0.693883 0.203219 0.695812 0.225515 0.222108 0.22356 0.725381 0.20556 0.695417 0.204322 0.223246 0.208984 0.202807 0.202417 0.226813 0.23137 0.22039 0.222308 0.719835 0.22344 0.203238 0.229441
0.225357 0.22199 0.230996 0.693883 0.203219 0.695812 0.225515 0.222108 0.22356 0.725381 0.20556 0.695417 0.204322 0.223246 0.208984 0.202807 0.202417 0.226813 0.23137 0.22039 0.222308 0.719835 0.22344 0.203238 0.229441
0.225357 0.22199 0.230996 0.693883 0.203219 0.695812 0.225515 0.222108 0.22356 0.725381 0.20556 0.695417 0.204322 0.223246 0.208984 0.202807 0.202417 0.226813 0.23137 0.22039 0.222308 0.719835 0.22344 0.203238 0.229441
0.225357 0.22199 0.230996 0.693883 0.203219 0.695812 0.225515 0.222108 0.22356 0.725381 0.20556 0.695417 0.204322 0.223246 0.208984 0.202807 0.202417 0.226813 0.23137 0.22039 0.222308 0.719835 0.22344 0.203238 0.229441
0.225357 0.22199 0.230996 0.693883 0.203219 0.695812 0.225515 0.222108 0.22356 0.725381 0.20556 0.695417 0.204322 0.223246 0.208984 0.202807 0.202417 0.226813 0.23137 0.22039 0.222308 0.719835 0.22344 0.203238 0.229441
0.225357 0.22199 0.230996 0.693883 0.203219 0.695812 0.225515 0.222108 0.22356 0.725381 0.20556 0.695417 0.204322 0.223246 0.208984 0.202807 0.202417 0.226813 0.23137 0.22039 0.222308 0.719835 0.22344 0.203238 0.229441
0.225357 0.22199 0.230996 0.693883 0.203219 0.695812 0.225515 0.222108 0.22356 0.725381 0.20556 0.695417 0.204322 0.223246 0.208984 0.202807 0.202417 0.226813 0.23137 0.22039 0.222308 0.719835 0.22344 0.203238 0.229441
0.225357 0.22199 0.230996 0.693883 0.203219 0.695812 0.225515 0.222108 0.22356 0.725381 0.20556 0.695417 0.204322 0.223246 0.208984 0.202807 0.202417 0.226813 0.23137 0.22039 0.222308 0.719835 0.22344 0.203238 0.229441
0.225357 0.22199 0.230996 0.693883 0.203219 0.695812 0.225515 0.222108 0.22356 0.725381 0.20556 0.695417 0.204322 0.223246 0.208984 0.202807 0.202417 0.226813 0.23137 0.22039 0.222308 0.719835 0.22344 0.203238 0.229441
0.225357 0.22199 0.230996 0.693883 0.203219 0.695812 0.225515 0.222108 0.22356 0.725381 0.20556 0.695417 0.204322 0.223246 0.208984 0.202807 0.202417 0.226813 0.23137 0.22039 0.222308 0.719835 0.22344 0.203238 0.229441
0.225357 0.22199 0.230996 0.693883 0.203219 0.695812 0.225515 0.222108 0.22356 0.725381 0.20556 0.695417 0.204322 0.223246 0.208984 0.202807 0.202417 0.226813 0.23137 0.22039 0.222308 0.719835 0.22344 0.203238 0.229441
0.225357 0.22199 0.230996 0.693883 0.203219 0.695812 0.225515 0.222108 0.22356 0.725381 0.20556 0.695417 0.204322 0.223246 0.208984 0.202807 0.202417 0.226813 0.23137 0.22039 0.222308 0.719835 0.22344 0.203238 0.229441
0.225357 0.22199 0.230996 0.693883 0.203219 0.695812 0.225515 0.222108 0.22356 0.725381 0.20556 0.695417 0.204322 0.223246 0.208984 0.202807 0.202417 0.226813 0.23137 0.22039 0.222308 0.719835 0.22344 0.203238 0.229441
0.225357 0.22199 0.230996 0.693883 0.203219 0.695812 0.225515 0.222108 0.22356 0.725381 0.20556 0.695417 0.204322 0.223246 0.208984 0.202807 0.202417 0.226813 0.23137 0.22039 0.222308 0.719835 0.22344 0.203238 0.229441
0.225357 0.22199 0.230996 0.693883 0.203219 0.695812 0.225515 0.222108 0.22356 0.725381 0.20556 0.695417 0.204322 0.223246 0.208984 0.202807 0.202417 0.226813 0.23137 0.22039 0.222308 0.719835 0.22344 0.203238 0.229441
0.225357 0.22199 0.230996 0.693883 0.203219 0.695812 0.225515 0.222108 0.22356 0.725381 0.20556 0.695417 0.204322 0.223246 0.208984 0.202807 0.202417 0.226813 0.23137 0.22039 0.222308 0.719835 0.22344 0.203238 0.229441
0.225357 0.22199 0.230996 0.693883 0.203219 0.695812 0.225515 0.222108 0.22356 0.725381 0.20556 0.695417 0.204322 0.223246 0.208984 0.202807 0.202417 0.226813 0.23137 0.22039 0.222308 0.719835 0.22344 0.203238 0.229441
0.225357 0.22199 0.230996 0.693883 0.203219 0.695812 0.225515 0.222108 0.22356 0.725381 0.20556 0.695417 0.204322 0.223246 0.208984 0.202807 0.202417 0.226813 0.23137 0.22039 0.222308 0.719835 0.22344 0.203238 0.229441
0.225357 0.22199 0.230996 0.693883 0.203219 0.695812 0.225515 0.222108 0.22356 0.725381 0.20556 0.695417 0.204322 0.223246 0.208984 0.202807 0.202417 0.226813 0.23137 0.22039 0.222308 0.719835 0.22344 0.203238 0.229441
0.225357 0.22199 0.230996 0.693883 0.203219 0.695812 0.225515 0.222108 0.22356 0.725381 0.20556 0.695417 0.204322 0.223246 0.208984 0.202807 0.202417 0.226813 0.23137 0.22039 0.222308 0.719835 0.22344 0.203238 0.229441
0.225357 0.22199 0.230996 0.693883 0.203219 0.695812 0.225515 0.222108 0.22356 0.725381 0.20556 0.695417 0.204322 0.223246 0.208984 0.202807 0.202417 0.226813 0.23137 0.22039 0.222308 0.719835 0.22344 0.203238 0.229441
0.225357 0.22199 0.230996 0.693883 0.203219 0.695812 0.225515 0.222108 0.22356 0.725381 0.20556 0.695417 0.204322 0.223246 0.208984 0.202807 0.202417 0.226813 0.23137 0.22039 0.222308 0.719835 0.22344 0.203238 0.229441
0.225357 0.22199 0.230996 0.693883 0.203219 0.695812 0.225515 0.222108 0.22356 0.725381 0.20556 0.695417 0.204322 0.223246 0.208984 0.202807 0.202417 0.226813 0.23137 0.22039 0.222308 0.719835 0.22344 0.203238 0.229441
0.225357 0.22199 0.230996 0.693883 0.203219 0.695812 0.225515 0.222108 0.22356 0.725381 0.20556 0.695417 0.204322 0.223246 0.208984 0.202807 0.202417 0.226813 0.23137 0.22039 0.222308 0.719835 0.22344 0.203238 0.229441
0.225357 0.22199 0.230996 0.693883 0.203219 0.695812 0.225515 0.222108 0.22356 0.725381 0.20556 0.695417 0.204322 0.223246 0.208984 0.202807 0.202417 0.226813 0.23137 0.22039 0.222308 0.719835 0.22344 0.203238 0.229441
0.225357 0.22199 0.230996 0.693883 0.203219 0.695812 0.225515 0.222108 0.22356 0.725381 0.20556 0.695417 0.204322 0.223246 0.208984 0.202807 0.202417 0.226813 0.23137 0.22039 0.222308 0.719835 0.22344 0.203238 0.229441
0.225357 0.22199 0.230996 0.693883 0.203219 0.695812 0.225515 0.222108 0.22356 0.725381 0.20556 0.695417 0.204322 0.223246 0.208984 0.202807 0.202417 0.226813 0.23137 0.22039 0.222308 0.719835 0.22344 0.203238 0.229441
0.225357 0.22199 0.230996 0.693883 0.203219 0.695812 0.225515 0.222108 0.22356 0.725381 0.20556 0.695417 0.204322 0.223246 0.208984 0.202807 0.202417 0.226813 0.23137 0.22039 0.222308 0.719835 0.22344 0.203238 0.229441
0.225357 0.22199 0.230996 0.693883 0.203219 0.695812 0.225515 0.222108 0.22356 0.725381 0.20556 0.695417 0.204322 0.223246 0.208984 0.202807 0.202417 0.226813 0.23137 0.22039 0.222308 0.719835 0.22344 0.203238 0.229441
0.225357 0.22199 0.230996 0.693883 0.203219 0.695812 0.225515 0.222108 0.22356 0.725381 0.20556 0.695417 0.204322 0.223246 0.208984 0.202807 0.202417 0.226813 0.23137 0.22039 0.222308 0.719835 0.22344 0.203238 0.229441
0.225357 0.22199 0.230996 0.693883 0.203219 0.695812 0.225515 0.222108 0.22356 0.725381 0.20556 0.695417 0.204322 0.223246 0.208984 0.202807 0.202417 0.226813 0.23137 0.22039 0.222308 0.719835 0.22344 0.203238 0.229441
0.225357 0.22199 0.230996 0.693883 0.203219 0.695812 0.225515 0.222108 0.22356 0.725381 0.20556 0.695417 0.204322 0.223246 0.208984 0.202807 0.202417 0.226813 0.23137 0.22039 0.222308 0.719835 0.22344 0.203238 0.229441
0.225357 0.22199 0.230996 0.693883 0.203219 0.695812 0.225515 0.222108 0.22356 0.725381 0.20556 0.695417 0.204322 0.223246 0.208984 0.202807 0.202417 0.226813 0.23137 0.22039 0.222308 0.719835 0.22344 0.203238 0.229441
0.225357 0.22199 0.230996 0.693883 0.203219 0.695812 0.225515 0.222108 0.22356 0.725381 0.20556 0.695417 0.204322 0.223246 0.208984 0.202807 0.202417 0.226813 0.23137 0.22039 0.222308 0.719835 0.22344 0.203238 0.229441
0.225357 0.22199 0.230996 0.693883 0.203219 0.695812 0.225515 0.222108 0.22356 0.725381 0.20556 0.695417 0.204322 0.223246 0.208984 0.202807 0.202417 0.226813 0.23137 0.22039 0.222308 0.719835 0.22344 0.203238 0.229441
0.225357 0.22199 0.230996 0.693883 0.203219 0.695812 0.225515 0.222108 0.22356 0.725381 0.20556 0.695417 0.204322 0.223246 0.208984 0.202807 0.202417 0.226813 0.23137 0.22039 0.222308 0.719835 0.22344 0.203238 0.229441
0.225357 0.22199 0.230996 0.693883 0.203219 0.695812 0.225515 0.222108 0.22356 0.725381 0.20556 0.695417 0.204322 0.223246 0.208984 0.202807 0.202417 0.226813 0.23137 0.22039 0.222308 0.719835 0.22344 0.203238 0.229441
0.225357 0.22199 0.230996 0.693883 0.203219 0.695812 0.225515 0.222108 0.22356 0.725381 0.20556 0.695417 0.204322 0.223246 0.208984 0.202807 0.202417 0.226813 0.23137 0.22039 0.222308 0.719835 0.22344 0.203238 0.229441
0.225357 0.22199 0.230996 0.693883 0.203219 0.695812 0.225515 0.222108 0.22356 0.725381 0.20556 0.695417 0.204322 0.223246 0.208984 0.202807 0.202417 0.226813 0.23137 0.22039 0.222308 0.719835 0.22344 0.203238 0.229441
0.225357 0.22199 0.230996 0.693883 0.203219 0.695812 0.225515 0.222108 0.22356 0.725381 0.20556 0.695417 0.204322 0.223246 0.208984 0.202807 0.202417 0.226813 0.23137 0.22039 0.222308 0.719835 0.22344 0.203238 0.229441
0.225357 0.22199 0.230996 0.693883 0.203219 0.695812 0.225515 0.222108 0.22356 0.725381 0.20556 0.695417 0.204322 0.223246 0.208984 0.202807 0.202417 0.226813 0.23137 0.22039 0.222308 0.719835 0.22344 0.203238 0.229441
0.225357 0.22199 0.230996 0.693883 0.203219 0.695812 0.225515 0.222108 0.22356 0.725381 0.20556 0.695417 0.204322 0.223246 0.208984 0.202807 0.202417 0.226813 0.23137 0.22039 0.222308 0.719835 0.22344 0.203238 0.229441
0.225357 0.22199 0.230996 0.693883 0.203219 0.695812 0.225515 0.222108 0.22356 0.725381 0.20556 0.695417 0.204322 0.223246 0.208984 0.202807 0.202417 0.226813 0.23137 0.22039 0.222308 0.719835 0.22344 0.203238 0.229441
0.225357 0.22199 0.230996 0.693883 0.203219 0.695812 0.225515 0.222108 0.22356 0.725381 0.20556 0.695417 0.204322 0.223246 0.208984 0.202807 0.202417 0.226813 0.23137 0.22039 0.222308 0.719835 0.22344 0.203238 0.229441
0.225357 0.22199 0.230996 0.693883 0.203219 0.695812 0.225515 0.222108 0.22356 0.725381 0.20556 0.695417 0.204322 0.223246 0.208984 0.202807 0.202417 0.226813 0.23137 0.22039 0.222308 0.719835 0.22344 0.203238 0.229441
0.225357 0.22199 0.230996 0.693883 0.203219 0.695812 0.225515 0.222108 0.22356 0.725381 0.20556 0.695417 0.204322 0.223246 0.208984 0.202807 0.202417 0.226813 0.23137 0.22039 0.222308 0.719835 0.22344 0.203238 0.229441
0.225357 0.22199 0.230996 0.693883 0.203219 0.695812 0.225515 0.222108 0.22356 0.725381 0.20556 0.695417 0.204322 0.223246 0.208984 0.202807 0.202417 0.226813 0.23137 0.22039 0.222308 0.719835 0.22344 0.203238 0.229441
0.225357 0.22199 0.230996 0.693883 0.203219 0.695812 0.225515 0.222108 0.22356 0.725381 0.20556 0.695417 0.204322 0.223246 0.208984 0.202807 0.202417 0.226813 0.23137 0.22039 0.222308 0.719835 0.22344 0.203238 0.229441
0.225357 0.22199 0.230996 0.693883 0.203219 0.695812 0.225515 0.222108 0.22356 0.725381 0.20556 0.695417 0.204322 0.223246 0.208984 0.202807 0.202417 0.226813 0.23137 0.22039 0.222308 0.719835 0.22344 0.203238 0.229441
0.225357 0.22199 0.230996 0.693883 0.203219 0.695812 0.225515 0.222108 0.22356 0.725381 0.20556 0.695417 0.204322 0.223246 0.208984 0.202807 0.202417 0.226813 0.23137 0.22039 0.222308 0.719835 0.22344 0.203238 0.229441
0.225357 0.22199 0.230996 0.693883 0.203219 0.695812 0.225515 0.222108 0.22356 0.725381 0.20556 0.695417 0.204322 0.223246 0.208984 0.202807 0.202417 0.226813 0.23137 0.22039 0.222308 0.719835 0.22344 0.203238 0.229441
0.225357 0.22199 0.230996 0.693883 0.203219 0.695812 0.225515 0.222108 0.22356 0.725381 0.20556 0.695417 0.204322 0.223246 0.208984 0.202807 0.202417 0.226813 0.23137 0.22039 0.222308 0.719835 0.22344 0.203238 0.229441
0.225357 0.22199 0.230996 0.693883 0.203219 0.695812 0.225515 0.222108 0.22356 0.725381 0.20556 0.695417 0.204322 0.223246 0.208984 0.202807 0.202417 0.226813 0.23137 0.22039 0.222308 0.719835 0.22344 0.203238 0.229441
0.225357 0.22199 0.230996 0.693883 0.203219 0.695812 0.225515 0.222108 0.22356 0.725381 0.20556 0.695417 0.204322 0.223246 0.208984 0.202807 0.202417 0.226813 0.23137 0.22039 0.222308 0.719835 0.22344 0.203238 0.229441
0.225357 0.22199 0.230996 0.693883 0.203219 0.695812 0.225515 0.222108 0.22356 0.725381 0.20556 0.695417 0.204322 0.223246 0.208984 0.202807 0.202417 0.226813 0.23137 0.22039 0.222308 0.719835 0.22344 0.203238 0.229441
0.225357 0.22199 0.230996 0.693883 0.203219 0.695812 0.225515 0.222108 0.22356 0.725381 0.20556 0.695417 0.204322 0.223246 0.208984 0.202807 0.202417 0.226813 0.23137 0.22039 0.222308 0.719835 0.22344 0.203238 0.229441
0.225357 0.22199 0.230996 0.693883 0.203219 0.695812 0.225515 0.222108 0.22356 0.725381 0.20556 0.695417 0.204322 0.223246 0.208984 0.202807 0.202417 0.226813 0.23137 0.22039 0.222308 0.719835 0.22344 0.203238 0.229441
0.225357 0.22199 0.230996 0.693883 0.203219 0.695812 0.225515 0.222108 0.22356 0.725381 0.20556 0.695417 0.204322 0.223246 0.208984 0.202807 0.202417 0.226813 0.23137 0.22039 0.222308 0.719835 0.22344 0.203238 0.229441
0.225357 0.22199 0.230996 0.693883 0.203219 0.695812 0.225515 0.222108 0.22356 0.725381 0.20556 0.695417 0.204322 0.223246 0.208984 0.202807 0.202417 0.226813 0.23137 0.22039 0.222308 0.719835 0.22344 0.203238 0.229441
0.225357 0.22199 0.230996 0.693883 0.203219 0.695812 0.225515 0.222108 0.22356 0.725381 0.20556 0.695417 0.204322 0.223246 0.208984 0.202807 0.202417 0.226813 0.23137 0.22039 0.222308 0.719835 0.22344 0.203238 0.229441
0.225357 0.22199 0.230996 0.693883 0.203219 0.695812 0.225515 0.222108 0.22356 0.725381 0.20556 0.695417 0.204322 0.223246 0.208984 0.202807 0.202417 0.226813 0.23137 0.22039 0.222308 0.719835 0.22344 0.203238 0.229441
0.225357 0.22199 0.230996 0.693883 0.203219 0.695812 0.225515 0.222108 0.22356 0.725381 0.20556 0.695417 0.204322 0.223246 0.208984 0.202807 0.202417 0.226813 0.23137 0.22039 0.222308 0.719835 0.22344 0.203238 0.229441
0.225357 0.22199 0.230996 0.693883 0.203219 0.695812 0.225515 0.222108 0.22356 0.725381 0.20556 0.695417 0.204322 0.223246 0.208984 0.202807 0.202417 0.226813 0.23137 0.22039 0.222308 0.719835 0.22344 0.203238 0.229441
0.225357 0.22199 0.230996 0.693883 0.203219 0.695812 0.225515 0.222108 0.22356 0.725381 0.20556 0.695417 0.204322 0.223246 0.208984 0.202807 0.202417 0.226813 0.23137 0.22039 0.222308 0.719835 0.22344 0.203238 0.229441
0.225357 0.22199 0.230996 0.693883 0.203219 0.695812 0.225515 0.222108 0.22356 0.725381 0.20556 0.695417 0.204322 0.223246 0.208984 0.202807 0.202417 0.226813 0.23137 0.22039 0.222308 0.719835 0.22344 0.203238 0.229441
0.225357 0.22199 0.230996 0.693883 0.203219 0.695812 0.225515 0.222108 0.22356 0.725381 0.20556 0.695417 0.204322 0.223246 0.208984 0.202807 0.202417 0.226813 0.23137 0.22039 0.222308 0.719835 0.22344 0.203238 0.229441
0.225357 0.22199 0.230996 0.693883 0.203219 0.695812 0.225515 0.222108 0.22356 0.725381 0.20556 0.695417 0.204322 0.223246 0.208984 0.202807 0.202417 0.226813 0.23137 0.22039 0.222308 0.719835 0.22344 0.203238 0.229441
0.225357 0.22199 0.230996 0.693883 0.203219 0.695812 0.225515 0.222108 0.22356 0.725381 0.20556 0.695417 0.204322 0.223246 0.208984 0.202807 0.202417 0.226813 0.23137 0.22039 0.222308 0.719835 0.22344 0.203238 0.229441
0.225357 0.22199 0.230996 0.693883 0.203219 0.695812 0.225515 0.222108 0.22356 0.725381 0.20556 0.695417 0.204322 0.223246 0.208984 0.202807 0.202417 0.226813 0.23137 0.22039 0.222308 0.719835 0.22344 0.203238 0.229441
0.225357 0.22199 0.230996 0.693883 0.203219 0.695812 0.225515 0.222108 0.22356 0.725381 0.20556 0.695417 0.204322 0.223246 0.208984 0.202807 0.202417 0.226813 0.23137 0.22039 0.222308 0.719835 0.22344 0.203238 0.229441
0.225357 0.22199 0.230996 0.693883 0.203219 0.695812 0.225515 0.222108 0.22356 0.725381 0.20556 0.695417 0.204322 0.223246 0.208984 0.202807 0.202417 0.226813 0.23137 0.22039 0.222308 0.719835 0.22344 0.203238 0.229441
0.225357 0.22199 0.230996 0.693883 0.203219 0.695812 0.225515 0.222108 0.22356 0.725381 0.20556 0.695417 0.204322 0.223246 0.208984 0.202807 0.202417 0.226813 0.23137 0.22039 0.222308 0.719835 0.22344 0.203238 0.229441
0.225357 0.22199 0.230996 0.693883 0.203219 0.695812 0.225515 0.222108 0.22356 0.725381 0.20556 0.695417 0.204322 0.223246 0.208984 0.202807 0.202417 0.226813 0.23137 0.22039 0.222308 0.719835 0.22344 0.203238 0.229441
0.225357 0.22199 0.230996 0.693883 0.203219 0.695812 0.225515 0.222108 0.22356 0.725381 0.20556 0.695417 0.204322 0.223246 0.208984 0.202807 0.202417 0.226813 0.23137 0.22039 0.222308 0.719835 0.22344 0.203238 0.229441
0.225357 0.22199 0.230996 0.693883 0.203219 0.695812 0.225515 0.222108 0.22356 0.725381 0.20556 0.695417 0.204322 0.223246 0.208984 0.202807 0.202417 0.226813 0.23137 0.22039 0.222308 0.719835 0.22344 0.203238 0.229441
0.225357 0.22199 0.230996 0.693883 0.203219 0.695812 0.225515 0.222108 0.22356 0.725381 0.20556 0.695417 0.204322 0.223246 0.208984 0.202807 0.202417 0.226813 0.23137 0.22039 0.222308 0.719835 0.22344 0.203238 0.229441
0.225357 0.22199 0.230996 0.693883 0.203219 0.695812 0.225515 0.222108 0.22356 0.725381 0.20556 0.695417 0.204322 0.223246 0.208984 0.202807 0.202417 0.226813 0.23137 0.22039 0.222308 0.719835 0.22344 0.203238 0.229441
0.225357 0.22199 0.230996 0.693883 0.203219 0.695812 0.225515 0.222108 0.22356 0.725381 0.20556 0.695417 0.204322 0.223246 0.208984 0.202807 0.202417 0.226813 0.23137 0.22039 0.222308 0.719835 0.22344 0.203238 0.229441
0.225357 0.22199 0.230996 0.693883 0.203219 0.695812 0.225515 0.222108 0.22356 0.725381 0.20556 0.695417 0.204322 0.223246 0.208984 0.202807 0.202417 0.226813 0.23137 0.22039 0.222308 0.719835 0.22344 0.203238 0.229441
0.225357 0.22199 0.230996 0.693883 0.203219 0.695812 0.225515 0.222108 0.22356 0.725381 0.20556 0.695417 0.204322 0.223246 0.208984 0.202807 0.202417 0.226813 0.23137 0.22039 0.222308 0.719835 0.22344 0.203238 0.229441
0.225357 0.22199 0.230996 0.693883 0.203219 0.695812 0.225515 0.222108 0.22356 0.725381 0.20556 0.695417 0.204322 0.223246 0.208984 0.202807 0.202417 0.226813 0.23137 0.22039 0.222308 0.719835 0.22344 0.203238 0.229441
0.225357 0.22199 0.230996 0.693883 0.203219 0.695812 0.225515 0.222108 0.22356 0.725381 0.20556 0.695417 0.204322 0.223246 0.208984 0.202807 0.202417 0.226813 0.23137 0.22039 0.222308 0.719835 0.22344 0.203238 0.229441
0.225357 0.22199 0.230996 0.693883 0.203219 0.695812 0.225515 0.222108 0.22356 0.725381 0.20556 0.695417 0.204322 0.223246 0.208984 0.202807 0.202417 0.226813 0.23137 0.22039 0.222308 0.719835 0.22344 0.203238 0.229441
0.225357 0.22199 0.230996 0.693883 0.203219 0.695812 0.225515 0.222108 0.22356 0.725381 0.20556 0.695417 0.204322 0.223246 0.208984 0.202807 0.202417 0.226813 0.23137 0.22039 0.222308 0.719835 0.22344 0.203238 0.229441
0.225357 0.22199 0.230996 0.693883 0.203219 0.695812 0.225515 0.222108 0.22356 0.725381 0.20556 0.695417 0.204322 0.223246 0.208984 0.202807 0.202417 0.226813 0.23137 0.22039 0.222308 0.719835 0.22344 0.203238 0.229441
0.225357 0.22199 0.230996 0.693883 0.203219 0.695812 0.225515 0.222108 0.22356 0.725381 0.20556 0.695417 0.204322 0.223246 0.208984 0.202807 0.202417 0.226813 0.23137 0.22039 0.222308 0.719835 0.22344 0.203238 0.229441
0.225357 0.22199 0.230996 0.693883 0.203219 0.695812 0.225515 0.222108 0.22356 0.725381 0.20556 0.695417 0.204322 0.223246 0.208984 0.202807 0.202417 0.226813 0.23137 0.22039 0.222308 0.719835 0.22344 0.203238 0.229441
0.225357 0.22199 0.230996 0.693883 0.203219 0.695812 0.225515 0.222108 0.22356 0.725381 0.20556 0.695417 0.204322 0.223246 0.208984 0.202807 0.202417 0.226813 0.23137 0.22039 0.222308 0.719835 0.22344 0.203238 0.229441
0.225357 0.22199 0.230996 0.693883 0.203219 0.695812 0.225515 0.222108 0.22356 0.725381 0.20556 0.695417 0.204322 0.223246 0.208984 0.202807 0.202417 0.226813 0.23137 0.22039 0.222308 0.719835 0.22344 0.203238 0.229441
0.225357 0.22199 0.230996 0.693883 0.203219 0.695812 0.225515 0.222108 0.22356 0.725381 0.20556 0.695417 0.204322 0.223246 0.208984 0.202807 0.202417 0.226813 0.23137 0.22039 0.222308 0.719835 0.22344 0.203238 0.229441
0.225357 0.22199 0.230996 0.693883 0.203219 0.695812 0.225515 0.222108 0.22356 0.725381 0.20556 0.695417 0.204322 0.223246 0.208984 0.202807 0.202417 0.226813 0.23137 0.22039 0.222308 0.719835 0.22344 0.203238 0.229441
0.225357 0.22199 0.230996 0.693883 0.203219 0.695812 0.225515 0.222108 0.22356 0.725381 0.20556 0.695417 0.204322 0.223246 0.208984 0.202807 0.202417 0.226813 0.23137 0.22039 0.222308 0.719835 0.22344 0.203238 0.229441
0.225357 0.22199 0.230996 0.693883 0.203219 0.695812 0.225515 0.222108 0.22356 0.725381 0.20556 0.695417 0.204322 0.223246 0.208984 0.202807 0.202417 0.226813 0.23137 0.22039 0.222308 0.719835 0.22344 0.203238 0.229441
0.225357 0.22199 0.230996 0.693883 0.203219 0.695812 0.225515 0.222108 0.22356 0.725381 0.20556 0.695417 0.204322 0.223246 0.208984 0.202807 0.202417 0.226813 0.23137 0.22039 0.222308 0.719835 0.22344 0.203238 0.229441
0.225357 0.22199 0.230996 0.693883 0.203219 0.695812 0.225515 0.222108 0.22356 0.725381 0.20556 0.695417 0.204322 0.223246 0.208984 0.202807 0.202417 0.226813 0.23137 0.22039 0.222308 0.719835 0.22344 0.203238 0.229441
0.225357 0.22199 0.230996 0.693883 0.203219 0.695812 0.225515 0.222108 0.22356 0.725381 0.20556 0.695417 0.204322 0.223246 0.208984 0.202807 0.202417 0.226813 0.23137 0.22039 0.222308 0.719835 0.22344 0.203238 0.229441
0.225357 0.22199 0.230996 0.693883 0.203219 0.695812 0.225515 0.222108 0.22356 0.725381 0.20556 0.695417 0.204322 0.223246 0.208984 0.202807 0.202417 0.226813 0.23137 0.22039 0.222308 0.719835 0.22344 0.203238 0.229441
0.225357 0.22199 0.230996 0.693883 0.203219 0.695812 0.225515 0.222108 0.22356 0.725381 0.20556 0.695417 0.204322 0.223246 0.208984 0.202807 0.202417 0.226813 0.23137 0.22039 0.222308 0.719835 0.22344 0.203238 0.229441
0.225357 0.22199 0.230996 0.693883 0.203219 0.695812 0.225515 0.222108 0.22356 0.725381 0.20556 0.695417 0.204322 0.223246 0.208984 0.202807 0.202417 0.226813 0.23137 0.22039 0.222308 0.719835 0.22344 0.203238 0.229441
0.225357 0.22199 0.230996 0.693883 0.203219 0.695812 0.225515 0.222108 0.22356 0.725381 0.20556 0.695417 0.204322 0.223246 0.208984 0.202807 0.202417 0.226813 0.23137 0.22039 0.222308 0.719835 0.22344 0.203238 0.229441
0.225357 0.22199 0.230996 0.693883 0.203219 0.695812 0.225515 0.222108 0.22356 0.725381 0.20556 0.695417 0.204322 0.223246 0.208984 0.202807 0.202417 0.226813 0.23137 0.22039 0.222308 0.719835 0.22344 0.203238 0.229441
0.225357 0.22199 0.230996 0.693883 0.203219 0.695812 0.225515 0.222108 0.22356 0.725381 0.20556 0.695417 0.204322 0.223246 0.208984 0.202807 0.202417 0.226813 0.23137 0.22039 0.222308 0.719835 0.22344 0.203238 0.229441
0.225357 0.22199 0.230996 0.693883 0.203219 0.695812 0.225515 0.222108 0.22356 0.725381 0.20556 0.695417 0.204322 0.223246 0.208984 0.202807 0.202417 0.226813 0.23137 0.22039 0.222308 0.719835 0.22344 0.203238 0.229441
0.225357 0.22199 0.230996 0.693883 0.203219 0.695812 0.225515 0.222108 0.22356 0.725381 0.20556 0.695417 0.204322 0.223246 0.208984 0.202807 0.202417 0.226813 0.23137 0.22039 0.222308 0.719835 0.22344 0.203238 0.229441
0.225357 0.22199 0.230996 0.693883 0.203219 0.695812 0.225515 0.222108 0.22356 0.725381 0.20556 0.695417 0.204322 0.223246 0.208984 0.202807 0.202417 0.226813 0.23137 0.22039 0.222308 0.719835 0.22344 0.203238 0.229441
0.225357 0.22199 0.230996 0.693883 0.203219 0.695812 0.225515 0.222108 0.22356 0.725381 0.20556 0.695417 0.204322 0.223246 0.208984 0.202807 0.202417 0.226813 0.23137 0.22039 0.222308 0.719835 0.22344 0.203238 0.229441
0.225357 0.22199 0.230996 0.693883 0.203219 0.695812 0.225515 0.222108 0.22356 0.725381 0.20556 0.695417 0.204322 0.223246 0.208984 0.202807 0.202417 0.226813 0.23137 0.22039 0.222308 0.719835 0.22344 0.203238 0.229441
0.225357 0.22199 0.230996 0.693883 0.203219 0.695812 0.225515 0.222108 0.22356 0.725381 0.20556 0.695417 0.204322 0.223246 0.208984 0.202807 0.202417 0.226813 0.23137 0.22039 0.222308 0.719835 0.22344 0.203238 0.229441
0.225357 0.22199 0.230996 0.693883 0.203219 0.695812 0.225515 0.222108 0.22356 0.725381 0.20556 0.695417 0.204322 0.223246 0.208984 0.202807 0.202417 0.226813 0.23137 0.22039 0.222308 0.719835 0.22344 0.203238 0.229441
0.225357 0.22199 0.230996 0.693883 0.203219 0.695812 0.225515 0.222108 0.22356 0.725381 0.20556 0.695417 0.204322 0.223246 0.208984 0.202807 0.202417 0.226813 0.23137 0.22039 0.222308 0.719835 0.22344 0.203238 0.229441
0.225357 0.22199 0.230996 0.693883 0.203219 0.695812 0.225515 0.222108 0.22356 0.725381 0.20556 0.695417 0.204322 0.223246 0.208984 0.202807 0.202417 0.226813 0.23137 0.22039 0.222308 0.719835 0.22344 0.203238 0.229441
0.225357 0.22199 0.230996 0.693883 0.203219 0.695812 0.225515 0.222108 0.22356 0.725381 0.20556 0.695417 0.204322 0.223246 0.208984 0.202807 0.202417 0.226813 0.23137 0.22039 0.222308 0.719835 0.22344 0.203238 0.229441
0.225357 0.22199 0.230996 0.693883 0.203219 0.695812 0.225515 0.222108 0.22356 0.725381 0.20556 0.695417 0.204322 0.223246 0.208984 0.202807 0.202417 0.226813 0.23137 0.22039 0.222308 0.719835 0.22344 0.203238 0.229441
0.225357 0.22199 0.230996 0.693883 0.203219 0.695812 0.225515 0.222108 0.22356 0.725381 0.20556 0.695417 0.204322 0.223246 0.208984 0.202807 0.202417 0.226813 0.23137 0.22039 0.222308 0.719835 0.22344 0.203238 0.229441
0.225357 0.22199 0.230996 0.693883 0.203219 0.695812 0.225515 0.222108 0.22356 0.725381 0.20556 0.695417 0.204322 0.223246 0.208984 0.202807 0.202417 0.226813 0.23137 0.22039 0.222308 0.719835 0.22344 0.203238 0.229441
0.225357 0.22199 0.230996 0.693883 0.203219 0.695812 0.225515 0.222108 0.22356 0.725381 0.20556 0.695417 0.204322 0.223246 0.208984 0.202807 0.202417 0.226813 0.23137 0.22039 0.222308 0.719835 0.22344 0.203238 0.229441
0.225357 0.22199 0.230996 0.693883 0.203219 0.695812 0.225515 0.222108 0.22356 0.725381 0.20556 0.695417 0.204322 0.223246 0.208984 0.202807 0.202417 0.226813 0.23137 0.22039 0.222308 0.719835 0.22344 0.203238 0.229441
0.225357 0.22199 0.230996 0.693883 0.203219 0.695812 0.225515 0.222108 0.22356 0.725381 0.20556 0.695417 0.204322 0.223246 0.208984 0.202807 0.202417 0.226813 0.23137 0.22039 0.222308 0.719835 0.22344 0.203238 0.229441
0.225357 0.22199 0.230996 0.693883 0.203219 0.695812 0.225515 0.222108 0.22356 0.725381 0.20556 0.695417 0.204322 0.223246 0.208984 0.202807 0.202417 0.226813 0.23137 0.22039 0.222308 0.719835 0.22344 0.203238 0.229441
0.225357 0.22199 0.230996 0.693883 0.203219 0.695812 0.225515 0.222108 0.22356 0.725381 0.20556 0.695417 0.204322 0.223246 0.208984 0.202807 0.202417 0.226813 0.23137 0.22039 0.222308 0.719835 0.22344 0.203238 0.229441
0.225357 0.22199 0.230996 0.693883 0.203219 0.695812 0.225515 0.222108 0.22356 0.725381 0.20556 0.695417 0.204322 0.223246 0.208984 0.202807 0.202417 0.226813 0.23137 0.22039 0.222308 0.719835 0.22344 0.203238 0.229441
0.225357 0.22199 0.230996 0.693883 0.203219 0.695812 0.225515 0.222108 0.22356 0.725381 0.20556 0.695417 0.204322 0.223246 0.208984 0.202807 0.202417 0.226813 0.23137 0.22039 0.222308 0.719835 0.22344 0.203238 0.229441
0.225357 0.22199 0.230996 0.693883 0.203219 0.695812 0.225515 0.222108 0.22356 0.725381 0.20556 0.695417 0.204322 0.223246 0.208984 0.202807 0.202417 0.226813 0.23137 0.22039 0.222308 0.719835 0.22344 0.203238 0.229441
0.225357 0.22199 0.230996 0.693883 0.203219 0.695812 0.225515 0.222108 0.22356 0.725381 0.20556 0.695417 0.204322 0.223246 0.208984 0.202807 0.202417 0.226813 0.23137 0.22039 0.222308 0.719835 0.22344 0.203238 0.229441
0.225357 0.22199 0.230996 0.693883 0.203219 0.695812 0.225515 0.222108 0.22356 0.725381 0.20556 0.695417 0.204322 0.223246 0.208984 0.202807 0.202417 0.226813 0.23137 0.22039 0.222308 0.719835 0.22344 0.203238 0.229441
0.225357 0.22199 0.230996 0.693883 0.203219 0.695812 0.225515 0.222108 0.22356 0.725381 0.20556 0.695417 0.204322 0.223246 0.208984 0.202807 0.202417 0.226813 0.23137 0.22039 0.222308 0.719835 0.22344 0.203238 0.229441
0.225357 0.22199 0.230996 0.693883 0.203219 0.695812 0.225515 0.222108 0.22356 0.725381 0.20556 0.695417 0.204322 0.223246 0.208984 0.202807 0.202417 0.226813 0.23137 0.22039 0.222308 0.719835 0.22344 0.203238 0.229441
0.225357 0.22199 0.230996 0.693883 0.203219 0.695812 0.225515 0.222108 0.22356 0.725381 0.20556 0.695417 0.204322 0.223246 0.208984 0.202807 0.202417 0.226813 0.23137 0.22039 0.222308 0.719835 0.22344 0.203238 0.229441
0.225357 0.22199 0.230996 0.693883 0.203219 0.695812 0.225515 0.222108 0.22356 0.725381 0.20556 0.695417 0.204322 0.223246 0.208984 0.202807 0.202417 0.226813 0.23137 0.22039 0.222308 0.719835 0.22344 0.203238 0.229441
0.225357 0.22199 0.230996 0.693883 0.203219 0.695812 0.225515 0.222108 0.22356 0.725381 0.20556 0.695417 0.204322 0.223246 0.208984 0.202807 0.202417 0.226813 0.23137 0.22039 0.222308 0.719835 0.22344 0.203238 0.229441
0.225357 0.22199 0.230996 0.693883 0.203219 0.695812 0.225515 0.222108 0.22356 0.725381 0.20556 0.695417 0.204322 0.223246 0.208984 0.202807 0.202417 0.226813 0.23137 0.22039 0.222308 0.719835 0.22344 0.203238 0.229441
0.225357 0.22199 0.230996 0.693883 0.203219 0.695812 0.225515 0.222108 0.22356 0.725381 0.20556 0.695417 0.204322 0.223246 0.208984 0.202807 0.202417 0.226813 0.23137 0.22039 0.222308 0.719835 0.22344 0.203238 0.229441
0.225357 0.22199 0.230996 0.693883 0.203219 0.695812 0.225515 0.222108 0.22356 0.725381 0.20556 0.695417 0.204322 0.223246 0.208984 0.202807 0.202417 0.226813 0.23137 0.22039 0.222308 0.719835 0.22344 0.203238 0.229441
0.225357 0.22199 0.230996 0.693883 0.203219 0.695812 0.225515 0.222108 0.22356 0.725381 0.20556 0.695417 0.204322 0.223246 0.208984 0.202807 0.202417 0.226813 0.23137 0.22039 0.222308 0.719835 0.22344 0.203238 0.229441
0.225357 0.22199 0.230996 0.693883 0.203219 0.695812 0.225515 0.222108 0.22356 0.725381 0.20556 0.695417 0.204322 0.223246 0.208984 0.202807 0.202417 0.226813 0.23137 0.22039 0.222308 0.719835 0.22344 0.203238 0.229441
0.225357 0.22199 0.230996 0.693883 0.203219 0.695812 0.225515 0.222108 0.22356 0.725381 0.20556 0.695417 0.204322 0.223246 0.208984 0.202807 0.202417 0.226813 0.23137 0.22039 0.222308 0.719835 0.22344 0.203238 0.229441
0.225357 0.22199 0.230996 0.693883 0.203219 0.695812 0.225515 0.222108 0.22356 0.725381 0.20556 0.695417 0.204322 0.223246 0.208984 0.202807 0.202417 0.226813 0.23137 0.22039 0.222308 0.719835 0.22344 0.203238 0.229441
0.225357 0.22199 0.230996 0.693883 0.203219 0.695812 0.225515 0.222108 0.22356 0.725381 0.20556 0.695417 0.204322 0.223246 0.208984 0.202807 0.202417 0.226813 0.23137 0.22039 0.222308 0.719835 0.22344 0.203238 0.229441
0.225357 0.22199 0.230996 0.693883 0.203219 0.695812 0.225515 0.222108 0.22356 0.725381 0.20556 0.695417 0.204322 0.223246 0.208984 0.202807 0.202417 0.226813 0.23137 0.22039 0.222308 0.719835 0.22344 0.203238 0.229441
0.225357 0.22199 0.230996 0.693883 0.203219 0.695812 0.225515 0.222108 0.22356 0.725381 0.20556 0.695417 0.204322 0.223246 0.208984 0.202807 0.202417 0.226813 0.23137 0.22039 0.222308 0.719835 0.22344 0.203238 0.229441
0.225357 0.22199 0.230996 0.693883 0.203219 0.695812 0.225515 0.222108 0.22356 0.725381 0.20556 0.695417 0.204322 0.223246 0.208984 0.202807 0.202417 0.226813 0.23137 0.22039 0.222308 0.719835 0.22344 0.203238 0.229441
0.225357 0.22199 0.230996 0.693883 0.203219 0.695812 0.225515 0.222108 0.22356 0.725381 0.20556 0.695417 0.204322 0.223246 0.208984 0.202807 0.202417 0.226813 0.23137 0.22039 0.222308 0.719835 0.22344 0.203238 0.229441
0.225357 0.22199 0.230996 0.693883 0.203219 0.695812 0.225515 0.222108 0.22356 0.725381 0.20556 0.695417 0.204322 0.223246 0.208984 0.202807 0.202417 0.226813 0.23137 0.22039 0.222308 0.719835 0.22344 0.203238 0.229441
0.225357 0.22199 0.230996 0.693883 0.203219 0.695812 0.225515 0.222108 0.22356 0.725381 0.20556 0.695417 0.204322 0.223246 0.208984 0.202807 0.202417 0.226813 0.23137 0.22039 0.222308 0.719835 0.22344 0.203238 0.229441
0.225357 0.22199 0.230996 0.693883 0.203219 0.695812 0.225515 0.222108 0.22356 0.725381 0.20556 0.695417 0.204322 0.223246 0.208984 0.202807 0.202417 0.226813 0.23137 0.22039 0.222308 0.719835 0.22344 0.203238 0.229441
0.225357 0.22199 0.230996 0.693883 0.203219 0.695812 0.225515 0.222108 0.22356 0.725381 0.20556 0.695417 0.204322 0.223246 0.208984 0.202807 0.202417 0.226813 0.23137 0.22039 0.222308 0.719835 0.22344 0.203238 0.229441
0.225357 0.22199 0.230996 0.693883 0.203219 0.695812 0.225515 0.222108 0.22356 0.725381 0.20556 0.695417 0.204322 0.223246 0.208984 0.202807 0.202417 0.226813 0.23137 0.22039 0.222308 0.719835 0.22344 0.203238 0.229441
0.225357 0.22199 0.230996 0.693883 0.203219 0.695812 0.225515 0.222108 0.22356 0.725381 0.20556 0.695417 0.204322 0.223246 0.208984 0.202807 0.202417 0.226813 0.23137 0.22039 0.222308 0.719835 0.22344 0.203238 0.229441
0.225357 0.22199 0.230996 0.693883 0.203219 0.695812 0.225515 0.222108 0.22356 0.725381 0.20556 0.695417 0.204322 0.223246 0.208984 0.202807 0.202417 0.226813 0.23137 0.22039 0.222308 0.719835 0.22344 0.203238 0.229441
0.225357 0.22199 0.230996 0.693883 0.203219 0.695812 0.225515 0.222108 0.22356 0.725381 0.20556 0.695417 0.204322 0.223246 0.208984 0.202807 0.202417 0.226813 0.23137 0.22039 0.222308 0.719835 0.22344 0.203238 0.229441
0.225357 0.22199 0.230996 0.693883 0.203219 0.695812 0.225515 0.222108 0.22356 0.725381 0.20556 0.695417 0.204322 0.223246 0.208984 0.202807 0.202417 0.226813 0.23137 0.22039 0.222308 0.719835 0.22344 0.203238 0.229441
0.225357 0.22199 0.230996 0.693883 0.203219 0.695812 0.225515 0.222108 0.22356 0.725381 0.20556 0.695417 0.204322 0.223246 0.208984 0.202807 0.202417 0.226813 0.23137 0.22039 0.222308 0.719835 0.22344 0.203238 0.229441
0.225357 0.22199 0.230996 0.693883 0.203219 0.695812 0.225515 0.222108 0.22356 0.725381 0.20556 0.695417 0.204322 0.223246 0.208984 0.202807 0.202417 0.226813 0.23137 0.22039 0.222308 0.719835 0.22344 0.203238 0.229441
0.225357 0.22199 0.230996 0.693883 0.203219 0.695812 0.225515 0.222108 0.22356 0.725381 0.20556 0.695417 0.204322 0.223246 0.208984 0.202807 0.202417 0.226813 0.23137 0.22039 0.222308 0.719835 0.22344 0.203238 0.229441
0.225357 0.22199 0.230996 0.693883 0.203219 0.695812 0.225515 0.222108 0.22356 0.725381 0.20556 0.695417 0.204322 0.223246 0.208984 0.202807 0.202417 0.226813 0.23137 0.22039 0.222308 0.719835 0.22344 0.203238 0.229441
0.225357 0.22199 0.230996 0.693883 0.203219 0.695812 0.225515 0.222108 0.22356 0.725381 0.20556 0.695417 0.204322 0.223246 0.208984 0.202807 0.202417 0.226813 0.23137 0.22039 0.222308 0.719835 0.22344 0.203238 0.229441
0.225357 0.22199 0.230996 0.693883 0.203219 0.695812 0.225515 0.222108 0.22356 0.725381 0.20556 0.695417 0.204322 0.223246 0.208984 0.202807 0.202417 0.226813 0.23137 0.22039 0.222308 0.719835 0.22344 0.203238 0.229441
0.225357 0.22199 0.230996 0.693883 0.203219 0.695812 0.225515 0.222108 0.22356 0.725381 0.20556 0.695417 0.204322 0.223246 0.208984 0.202807 0.202417 0.226813 0.23137 0.22039 0.222308 0.719835 0.22344 0.203238 0.229441
0.225357 0.22199 0.230996 0.693883 0.203219 0.695812 0.225515 0.222108 0.22356 0.725381 0.20556 0.695417 0.204322 0.223246 0.208984 0.202807 0.202417 0.226813 0.23137 0.22039 0.222308 0.719835 0.22344 0.203238 0.229441
0.225357 0.22199 0.230996 0.693883 0.203219 0.695812 0.225515 0.222108 0.22356 0.725381 0.20556 0.695417 0.204322 0.223246 0.208984 0.202807 0.202417 0.226813 0.23137 0.22039 0.222308 0.719835 0.22344 0.203238 0.229441
0.225357 0.22199 0.230996 0.693883 0.203219 0.695812 0.225515 0.222108 0.22356 0.725381 0.20556 0.695417 0.204322 0.223246 0.208984 0.202807 0.202417 0.226813 0.23137 0.22039 0.222308 0.719835 0.22344 0.203238 0.229441
0.225357 0.22199 0.230996 0.693883 0.203219 0.695812 0.225515 0.222108 0.22356 0.725381 0.20556 0.695417 0.204322 0.223246 0.208984 0.202807 0.202417 0.226813 0.23137 0.22039 0.222308 0.719835 0.22344 0.203238 0.229441
0.225357 0.22199 0.230996 0.693883 0.203219 0.695812 0.225515 0.222108 0.22356 0.725381 0.20556 0.695417 0.204322 0.223246 0.208984 0.202807 0.202417 0.226813 0.23137 0.22039 0.222308 0.719835 0.22344 0.203238 0.229441
0.225357 0.22199 0.230996 0.693883 0.203219 0.695812 0.225515 0.222108 0.22356 0.725381 0.20556 0.695417 0.204322 0.223246 0.208984 0.202807 0.202417 0.226813 0.23137 0.22039 0.222308 0.719835 0.22344 0.203238 0.229441
0.225357 0.22199 0.230996 0.693883 0.203219 0.695812 0.225515 0.222108 0.22356 0.725381 0.20556 0.695417 0.204322 0.223246 0.208984 0.202807 0.202417 0.226813 0.23137 0.22039 0.222308 0.719835 0.22344 0.203238 0.229441
0.225357 0.22199 0.230996 0.693883 0.203219 0.695812 0.225515 0.222108 0.22356 0.725381 0.20556 0.695417 0.204322 0.223246 0.208984 0.202807 0.202417 0.226813 0.23137 0.22039 0.222308 0.719835 0.22344 0.203238 0.229441
0.225357 0.22199 0.230996 0.693883 0.203219 0.695812 0.225515 0.222108 0.22356 0.725381 0.20556 0.695417 0.204322 0.223246 0.208984 0.202807 0.202417 0.226813 0.23137 0.22039 0.222308 0.719835 0.22344 0.203238 0.229441
0.225357 0.22199 0.230996 0.693883 0.203219 0.695812 0.225515 0.222108 0.22356 0.725381 0.20556 0.695417 0.204322 0.223246 0.208984 0.202807 0.202417 0.226813 0.23137 0.22039 0.222308 0.719835 0.22344 0.203238 0.229441
0.225357 0.22199 0.230996 0.693883 0.203219 0.695812 0.225515 0.222108 0.22356 0.725381 0.20556 0.695417 0.204322 0.223246 0.208984 0.202807 0.202417 0.226813 0.23137 0.22039 0.222308 0.719835 0.22344 0.203238 0.229441
0.225357 0.22199 0.230996 0.693883 0.203219 0.695812 0.225515 0.222108 0.22356 0.725381 0.20556 0.695417 0.204322 0.223246 0.208984 0.202807 0.202417 0.226813 0.23137 0.22039 0.222308 0.719835 0.22344 0.203238 0.229441
0.225357 0.22199 0.230996 0.693883 0.203219 0.695812 0.225515 0.222108 0.22356 0.725381 0.20556 0.695417 0.204322 0.223246 0.208984 0.202807 0.202417 0.226813 0.23137 0.22039 0.222308 0.719835 0.22344 0.203238 0.229441
0.225357 0.22199 0.230996 0.693883 0.203219 0.695812 0.225515 0.222108 0.22356 0.725381 0.20556 0.695417 0.204322 0.223246 0.208984 0.202807 0.202417 0.226813 0.23137 0.22039 0.222308 0.719835 0.22344 0.203238 0.229441
0.225357 0.22199 0.230996 0.693883 0.203219 0.695812 0.225515 0.222108 0.22356 0.725381 0.20556 0.695417 0.204322 0.223246 0.208984 0.202807 0.202417 0.226813 0.23137 0.22039 0.222308 0.719835 0.22344 0.203238 0.229441
0.225357 0.22199 0.230996 0.693883 0.203219 0.695812 0.225515 0.222108 0.22356 0.725381 0.20556 0.695417 0.204322 0.223246 0.208984 0.202807 0.202417 0.226813 0.23137 0.22039 0.222308 0.719835 0.22344 0.203238 0.229441
0.225357 0.22199 0.230996 0.693883 0.203219 0.695812 0.225515 0.222108 0.22356 0.725381 0.20556 0.695417 0.204322 0.223246 0.208984 0.202807 0.202417 0.226813 0.23137 0.22039 0.222308 0.719835 0.22344 0.203238 0.229441
0.225357 0.22199 0.230996 0.693883 0.203219 0.695812 0.225515 0.222108 0.22356 0.725381 0.20556 0.695417 0.204322 0.223246 0.208984 0.202807 0.202417 0.226813 0.23137 0.22039 0.222308 0.719835 0.22344 0.203238 0.229441
0.225357 0.22199 0.230996 0.693883 0.203219 0.695812 0.225515 0.222108 0.22356 0.725381 0.20556 0.695417 0.204322 0.223246 0.208984 0.202807 0.202417 0.226813 0.23137 0.22039 0.222308 0.719835 0.22344 0.203238 0.229441
0.225357 0.22199 0.230996 0.693883 0.203219 0.695812 0.225515 0.222108 0.22356 0.725381 0.20556 0.695417 0.204322 0.223246 0.208984 0.202807 0.202417 0.226813 0.23137 0.22039 0.222308 0.719835 0.22344 0.203238 0.229441
0.225357 0.22199 0.230996 0.693883 0.203219 0.695812 0.225515 0.222108 0.22356 0.725381 0.20556 0.695417 0.204322 0.223246 0.208984 0.202807 0.202417 0.226813 0.23137 0.22039 0.222308 0.719835 0.22344 0.203238 0.229441
0.225357 0.22199 0.230996 0.693883 0.203219 0.695812 0.225515 0.222108 0.22356 0.725381 0.20556 0.695417 0.204322 0.223246 0.208984 0.202807 0.202417 0.226813 0.23137 0.22039 0.222308 0.719835 0.22344 0.203238 0.229441
0.225357 0.22199 0.230996 0.693883 0.203219 0.695812 0.225515 0.222108 0.22356 0.725381 0.20556 0.695417 0.204322 0.223246 0.208984 0.202807 0.202417 0.226813 0.23137 0.22039 0.222308 0.719835 0.22344 0.203238 0.229441
0.225357 0.22199 0.230996 0.693883 0.203219 0.695812 0.225515 0.222108 0.22356 0.725381 0.20556 0.695417 0.204322 0.223246 0.208984 0.202807 0.202417 0.226813 0.23137 0.22039 0.222308 0.719835 0.22344 0.203238 0.229441
0.225357 0.22199 0.230996 0.693883 0.203219 0.695812 0.225515 0.222108 0.22356 0.725381 0.20556 0.695417 0.204322 0.223246 0.208984 0.202807 0.202417 0.226813 0.23137 0.22039 0.222308 0.719835 0.22344 0.203238 0.229441
0.225357 0.22199 0.230996 0.693883 0.203219 0.695812 0.225515 0.222108 0.22356 0.725381 0.20556 0.695417 0.204322 0.223246 0.208984 0.202807 0.202417 0.226813 0.23137 0.22039 0.222308 0.719835 0.22344 0.203238 0.229441
0.225357 0.22199 0.230996 0.693883 0.203219 0.695812 0.225515 0.222108 0.22356 0.725381 0.20556 0.695417 0.204322 0.223246 0.208984 0.202807 0.202417 0.226813 0.23137 0.22039 0.222308 0.719835 0.22344 0.203238 0.229441
0.225357 0.22199 0.230996 0.693883 0.203219 0.695812 0.225515 0.222108 0.22356 0.725381 0.20556 0.695417 0.204322 0.223246 0.208984 0.202807 0.202417 0.226813 0.23137 0.22039 0.222308 0.719835 0.22344 0.203238 0.229441
0.225357 0.22199 0.230996 0.693883 0.203219 0.695812 0.225515 0.222108 0.22356 0.725381 0.20556 0.695417 0.204322 0.223246 0.208984 0.202807 0.202417 0.226813 0.23137 0.22039 0.222308 0.719835 0.22344 0.203238 0.229441
0.225357 0.22199 0.230996 0.693883 0.203219 0.695812 0.225515 0.222108 0.22356 0.725381 0.20556 0.695417 0.204322 0.223246 0.208984 0.202807 0.202417 0.226813 0.23137 0.22039 0.222308 0.719835 0.22344 0.203238 0.229441
0.225357 0.22199 0.230996 0.693883 0.203219 0.695812 0.225515 0.222108 0.22356 0.725381 0.20556 0.695417 0.204322 0.223246 0.208984 0.202807 0.202417 0.226813 0.23137 0.22039 0.222308 0.719835 0.22344 0.203238 0.229441
0.225357 0.22199 0.230996 0.693883 0.203219 0.695812 0.225515 0.222108 0.22356 0.725381 0.20556 0.695417 0.204322 0.223246 0.208984 0.202807 0.202417 0.226813 0.23137 0.22039 0.222308 0.719835 0.22344 0.203238 0.229441
0.225357 0.22199 0.230996 0.693883 0.203219 0.695812 0.225515 0.222108 0.22356 0.725381 0.20556 0.695417 0.204322 0.223246 0.208984 0.202807 0.202417 0.226813 0.23137 0.22039 0.222308 0.719835 0.22344 0.203238 0.229441
0.225357 0.22199 0.230996 0.693883 0.203219 0.695812 0.225515 0.222108 0.22356 0.725381 0.20556 0.695417 0.204322 0.223246 0.208984 0.202807 0.202417 0.226813 0.23137 0.22039 0.222308 0.719835 0.22344 0.203238 0.229441
0.225357 0.22199 0.230996 0.693883 0.203219 0.695812 0.225515 0.222108 0.22356 0.725381 0.20556 0.695417 0.204322 0.223246 0.208984 0.202807 0.202417 0.226813 0.23137 0.22039 0.222308 0.719835 0.22344 0.203238 0.229441
0.225357 0.22199 0.230996 0.693883 0.203219 0.695812 0.225515 0.222108 0.22356 0.725381 0.20556 0.695417 0.204322 0.223246 0.208984 0.202807 0.202417 0.226813 0.23137 0.22039 0.222308 0.719835 0.22344 0.203238 0.229441
0.225357 0.22199 0.230996 0.693883 0.203219 0.695812 0.225515 0.222108 0.22356 0.725381 0.20556 0.695417 0.204322 0.223246 0.208984 0.202807 0.202417 0.226813 0.23137 0.22039 0.222308 0.719835 0.22344 0.203238 0.229441
0.225357 0.22199 0.230996 0.693883 0.203219 0.695812 0.225515 0.222108 0.22356 0.725381 0.20556 0.695417 0.204322 0.223246 0.208984 0.202807 0.202417 0.226813 0.23137 0.22039 0.222308 0.719835 0.22344 0.203238 0.229441
0.225357 0.22199 0.230996 0.693883 0.203219 0.695812 0.225515 0.222108 0.22356 0.725381 0.20556 0.695417 0.204322 0.223246 0.208984 0.202807 0.202417 0.226813 0.23137 0.22039 0.222308 0.719835 0.22344 0.203238 0.229441
0.225357 0.22199 0.230996 0.693883 0.203219 0.695812 0.225515 0.222108 0.22356 0.725381 0.20556 0.695417 0.204322 0.223246 0.208984 0.202807 0.202417 0.226813 0.23137 0.22039 0.222308 0.719835 0.22344 0.203238 0.229441
0.225357 0.22199 0.230996 0.693883 0.203219 0.695812 0.225515 0.222108 0.22356 0.725381 0.20556 0.695417 0.204322 0.223246 0.208984 0.202807 0.202417 0.226813 0.23137 0.22039 0.222308 0.719835 0.22344 0.203238 0.229441
0.225357 0.22199 0.230996 0.693883 0.203219 0.695812 0.225515 0.222108 0.22356 0.725381 0.20556 0.695417 0.204322 0.223246 0.208984 0.202807 0.202417 0.226813 0.23137 0.22039 0.222308 0.719835 0.22344 0.203238 0.229441
0.225357 0.22199 0.230996 0.693883 0.203219 0.695812 0.225515 0.222108 0.22356 0.725381 0.20556 0.695417 0.204322 0.223246 0.208984 0.202807 0.202417 0.226813 0.23137 0.22039 0.222308 0.719835 0.22344 0.203238 0.229441
0.225357 0.22199 0.230996 0.693883 0.203219 0.695812 0.225515 0.222108 0.22356 0.725381 0.20556 0.695417 0.204322 0.223246 0.208984 0.202807 0.202417 0.226813 0.23137 0.22039 0.222308 0.719835 0.22344 0.203238 0.229441
0.225357 0.22199 0.230996 0.693883 0.203219 0.695812 0.225515 0.222108 0.22356 0.725381 0.20556 0.695417 0.204322 0.223246 0.208984 0.202807 0.202417 0.226813 0.23137 0.22039 0.222308 0.719835 0.22344 0.203238 0.229441
0.225357 0.22199 0.230996 0.693883 0.203219 0.695812 0.225515 0.222108 0.22356 0.725381 0.20556 0.695417 0.204322 0.223246 0.208984 0.202807 0.202417 0.226813 0.23137 0.22039 0.222308 0.719835 0.22344 0.203238 0.229441
0.225357 0.22199 0.230996 0.693883 0.203219 0.695812 0.225515 0.222108 0.22356 0.725381 0.20556 0.695417 0.204322 0.223246 0.208984 0.202807 0.202417 0.226813 0.23137 0.22039 0.222308 0.719835 0.22344 0.203238 0.229441
0.225357 0.22199 0.230996 0.693883 0.203219 0.695812 0.225515 0.222108 0.22356 0.725381 0.20556 0.695417 0.204322 0.223246 0.208984 0.202807 0.202417 0.226813 0.23137 0.22039 0.222308 0.719835 0.22344 0.203238 0.229441
0.225357 0.22199 0.230996 0.693883 0.203219 0.695812 0.225515 0.222108 0.22356 0.725381 0.20556 0.695417 0.204322 0.223246 0.208984 0.202807 0.202417 0.226813 0.23137 0.22039 0.222308 0.719835 0.22344 0.203238 0.229441
0.225357 0.22199 0.230996 0.693883 0.203219 0.695812 0.225515 0.222108 0.22356 0.725381 0.20556 0.695417 0.204322 0.223246 0.208984 0.202807 0.202417 0.226813 0.23137 0.22039 0.222308 0.719835 0.22344 0.203238 0.229441
0.225357 0.22199 0.230996 0.693883 0.203219 0.695812 0.225515 0.222108 0.22356 0.725381 0.20556 0.695417 0.204322 0.223246 0.208984 0.202807 0.202417 0.226813 0.23137 0.22039 0.222308 0.719835 0.22344 0.203238 0.229441
0.225357 0.22199 0.230996 0.693883 0.203219 0.695812 0.225515 0.222108 0.22356 0.725381 0.20556 0.695417 0.204322 0.223246 0.208984 0.202807 0.202417 0.226813 0.23137 0.22039 0.222308 0.719835 0.22344 0.203238 0.229441
0.225357 0.22199 0.230996 0.693883 0.203219 0.695812 0.225515 0.222108 0.22356 0.725381 0.20556 0.695417 0.204322 0.223246 0.208984 0.202807 0.202417 0.226813 0.23137 0.22039 0.222308 0.719835 0.22344 0.203238 0.229441
0.225357 0.22199 0.230996 0.693883 0.203219 0.695812 0.225515 0.222108 0.22356 0.725381 0.20556 0.695417 0.204322 0.223246 0.208984 0.202807 0.202417 0.226813 0.23137 0.22039 0.222308 0.719835 0.22344 0.203238 0.229441
0.225357 0.22199 0.230996 0.693883 0.203219 0.695812 0.225515 0.222108 0.22356 0.725381 0.20556 0.695417 0.204322 0.223246 0.208984 0.202807 0.202417 0.226813 0.23137 0.22039 0.222308 0.719835 0.22344 0.203238 0.229441
0.225357 0.22199 0.230996 0.693883 0.203219 0.695812 0.225515 0.222108 0.22356 0.725381 0.20556 0.695417 0.204322 0.223246 0.208984 0.202807 0.202417 0.226813 0.23137 0.22039 0.222308 0.719835 0.22344 0.203238 0.229441
0.225357 0.22199 0.230996 0.693883 0.203219 0.695812 0.225515 0.222108 0.22356 0.725381 0.20556 0.695417 0.204322 0.223246 0.208984 0.202807 0.202417 0.226813 0.23137 0.22039 0.222308 0.719835 0.22344 0.203238 0.229441
0.225357 0.22199 0.230996 0.693883 0.203219 0.695812 0.225515 0.222108 0.22356 0.725381 0.20556 0.695417 0.204322 0.223246 0.208984 0.202807 0.202417 0.226813 0.23137 0.22039 0.222308 0.719835 0.22344 0.203238 0.229441
0.225357 0.22199 0.230996 0.693883 0.203219 0.695812 0.225515 0.222108 0.22356 0.725381 0.20556 0.695417 0.204322 0.223246 0.208984 0.202807 0.202417 0.226813 0.23137 0.22039 0.222308 0.719835 0.22344 0.203238 0.229441
0.225357 0.22199 0.230996 0.693883 0.203219 0.695812 0.225515 0.222108 0.22356 0.725381 0.20556 0.695417 0.204322 0.223246 0.208984 0.202807 0.202417 0.226813 0.23137 0.22039 0.222308 0.719835 0.22344 0.203238 0.229441
0.225357 0.22199 0.230996 0.693883 0.203219 0.695812 0.225515 0.222108 0.22356 0.725381 0.20556 0.695417 0.204322 0.223246 0.208984 0.202807 0.202417 0.226813 0.23137 0.22039 0.222308 0.719835 0.22344 0.203238 0.229441
0.225357 0.22199 0.230996 0.693883 0.203219 0.695812 0.225515 0.222108 0.22356 0.725381 0.20556 0.695417 0.204322 0.223246 0.208984 0.202807 0.202417 0.226813 0.23137 0.22039 0.222308 0.719835 0.22344 0.203238 0.229441
0.225357 0.22199 0.230996 0.693883 0.203219 0.695812 0.225515 0.222108 0.22356 0.725381 0.20556 0.695417 0.204322 0.223246 0.208984 0.202807 0.202417 0.226813 0.23137 0.22039 0.222308 0.719835 0.22344 0.203238 0.229441
0.225357 0.22199 0.230996 0.693883 0.203219 0.695812 0.225515 0.222108 0.22356 0.725381 0.20556 0.695417 0.204322 0.223246 0.208984 0.202807 0.202417 0.226813 0.23137 0.22039 0.222308 0.719835 0.22344 0.203238 0.229441
0.225357 0.22199 0.230996 0.693883 0.203219 0.695812 0.225515 0.222108 0.22356 0.725381 0.20556 0.695417 0.204322 0.223246 0.208984 0.202807 0.202417 0.226813 0.23137 0.22039 0.222308 0.719835 0.22344 0.203238 0.229441
0.225357 0.22199 0.230996 0.693883 0.203219 0.695812 0.225515 0.222108 0.22356 0.725381 0.20556 0.695417 0.204322 0.223246 0.208984 0.202807 0.202417 0.226813 0.23137 0.22039 0.222308 0.719835 0.22344 0.203238 0.229441
0.225357 0.22199 0.230996 0.693883 0.203219 0.695812 0.225515 0.222108 0.22356 0.725381 0.20556 0.695417 0.204322 0.223246 0.208984 0.202807 0.202417 0.226813 0.23137 0.22039 0.222308 0.719835 0.22344 0.203238 0.229441
0.225357 0.22199 0.230996 0.693883 0.203219 0.695812 0.225515 0.222108 0.22356 0.725381 0.20556 0.695417 0.204322 0.223246 0.208984 0.202807 0.202417 0.226813 0.23137 0.22039 0.222308 0.719835 0.22344 0.203238 0.229441
0.225357 0.22199 0.230996 0.693883 0.203219 0.695812 0.225515 0.222108 0.22356 0.725381 0.20556 0.695417 0.204322 0.223246 0.208984 0.202807 0.202417 0.226813 0.23137 0.22039 0.222308 0.719835 0.22344 0.203238 0.229441
0.225357 0.22199 0.230996 0.693883 0.203219 0.695812 0.225515 0.222108 0.22356 0.725381 0.20556 0.695417 0.204322 0.223246 0.208984 0.202807 0.202417 0.226813 0.23137 0.22039 0.222308 0.719835 0.22344 0.203238 0.229441
0.225357 0.22199 0.230996 0.693883 0.203219 0.695812 0.225515 0.222108 0.22356 0.725381 0.20556 0.695417 0.204322 0.223246 0.208984 0.202807 0.202417 0.226813 0.23137 0.22039 0.222308 0.719835 0.22344 0.203238 0.229441
0.225357 0.22199 0.230996 0.693883 0.203219 0.695812 0.225515 0.222108 0.22356 0.725381 0.20556 0.695417 0.204322 0.223246 0.208984 0.202807 0.202417 0.226813 0.23137 0.22039 0.222308 0.719835 0.22344 0.203238 0.229441
0.225357 0.22199 0.230996 0.693883 0.203219 0.695812 0.225515 0.222108 0.22356 0.725381 0.20556 0.695417 0.204322 0.223246 0.208984 0.202807 0.202417 0.226813 0.23137 0.22039 0.222308 0.719835 0.22344 0.203238 0.229441
0.225357 0.22199 0.230996 0.693883 0.203219 0.695812 0.225515 0.222108 0.22356 0.725381 0.20556 0.695417 0.204322 0.223246 0.208984 0.202807 0.202417 0.226813 0.23137 0.22039 0.222308 0.719835 0.22344 0.203238 0.229441
0.225357 0.22199 0.230996 0.693883 0.203219 0.695812 0.225515 0.222108 0.22356 0.725381 0.20556 0.695417 0.204322 0.223246 0.208984 0.202807 0.202417 0.226813 0.23137 0.22039 0.222308 0.719835 0.22344 0.203238 0.229441
0.225357 0.22199 0.230996 0.693883 0.203219 0.695812 0.225515 0.222108 0.22356 0.725381 0.20556 0.695417 0.204322 0.223246 0.208984 0.202807 0.202417 0.226813 0.23137 0.22039 0.222308 0.719835 0.22344 0.203238 0.229441
0.225357 0.22199 0.230996 0.693883 0.203219 0.695812 0.225515 0.222108 0.22356 0.725381 0.20556 0.695417 0.204322 0.223246 0.208984 0.202807 0.202417 0.226813 0.23137 0.22039 0.222308 0.719835 0.22344 0.203238 0.229441
0.225357 0.22199 0.230996 0.693883 0.203219 0.695812 0.225515 0.222108 0.22356 0.725381 0.20556 0.695417 0.204322 0.223246 0.208984 0.202807 0.202417 0.226813 0.23137 0.22039 0.222308 0.719835 0.22344 0.203238 0.229441
0.225357 0.22199 0.230996 0.693883 0.203219 0.695812 0.225515 0.222108 0.22356 0.725381 0.20556 0.695417 0.204322 0.223246 0.208984 0.202807 0.202417 0.226813 0.23137 0.22039 0.222308 0.719835 0.22344 0.203238 0.229441
0.225357 0.22199 0.230996 0.693883 0.203219 0.695812 0.225515 0.222108 0.22356 0.725381 0.20556 0.695417 0.204322 0.223246 0.208984 0.202807 0.202417 0.226813 0.23137 0.22039 0.222308 0.719835 0.22344 0.203238 0.229441
