0.281412 0.292636 0.300438 0.228435 0.165402 0.230042 0.281569 0.250736 0.294242 0.472821 0.166851 0.229712 0.166085 0.251968 0.154311 0.165147 0.164906 0.28286 0.381086 0.290998 0.292961 0.438701 0.279502 0.165414 0.298781
0.344602 0.353309 0.368892 0.839121 0.22277 0.83804 0.344799 0.31709 0.51508 0.505577 0.225078 0.838262 0.223858 0.318486 0.268106 0.222363 0.221979 0.346418 0.485828 0.351273 0.353712 0.527369 0.342204 0.222789 0.366923
0.211411 0.310684 0.211909 0.0579974 0.165833 0.0593146 0.211557 0.196695 0.317416 0.674761 0.167795 0.0590422 0.166757 0.197673 0.179524 0.165488 0.165161 0.212751 0.325112 0.308774 0.311063 0.637296 0.209646 0.165849 0.210519
0.345362 0.371474 0.375761 0.989902 0.238761 0.989561 0.345566 0.312365 0.51496 0.252168 0.241365 0.989632 0.239988 0.313807 0.30014 0.238302 0.237869 0.347244 0.584264 0.369372 0.37189 0.279075 0.342876 0.238782 0.373698
0.177437 0.346896 0.178631 0.000320911 0.163942 0.000343536 0.177565 0.158955 0.352091 0.883071 0.165926 0.000338769 0.164877 0.159783 0.175898 0.163593 0.163263 0.178614 0.290597 0.344879 0.347296 0.850927 0.175886 0.163958 0.177409
0.334659 0.377294 0.363923 0.999999 0.237323 0.999999 0.334863 0.300253 0.49167 0.0763473 0.23993 0.999999 0.238552 0.301709 0.305234 0.236864 0.23643 0.336538 0.632259 0.375195 0.37771 0.0993083 0.33218 0.237344 0.361854
0.17051 0.383852 0.172846 1.82957e-11 0.17023 2.23893e-11 0.170634 0.149232 0.403125 0.968192 0.172277 2.14809e-11 0.171194 0.150023 0.183045 0.16987 0.169529 0.171655 0.290694 0.381749 0.384269 0.950623 0.169002 0.170247 0.171651
0.32285 0.389966 0.346819 1 0.231749 1 0.323051 0.287954 0.465858 0.0191089 0.234316 1 0.232959 0.289388 0.296671 0.231297 0.23087 0.324701 0.647668 0.387854 0.390384 0.0306714 0.320408 0.23177 0.344788
0.1659 0.406693 0.167689 9.89222e-34 0.173595 1.82339e-33 0.166022 0.145429 0.441427 0.992131 0.175674 1.60844e-33 0.174574 0.146209 0.184903 0.173229 0.172883 0.167024 0.295063 0.404553 0.407117 0.985133 0.16442 0.173612 0.166517
0.31498 0.404642 0.334372 1 0.229245 1 0.315178 0.281984 0.453326 0.00449584 0.231793 1 0.230446 0.283406 0.288536 0.228796 0.228372 0.31681 0.656211 0.40251 0.405064 0.00884955 0.312564 0.229266 0.33237
0.162118 0.422217 0.163093 6.08921e-102 0.17472 3.9351e-101 0.162238 0.143619 0.463788 0.998121 0.176809 2.68367e-101 0.175704 0.144394 0.183318 0.174352 0.174005 0.163224 0.297097 0.420058 0.422645 0.995719 0.160662 0.174737 0.161943
0.309366 0.416819 0.325724 1 0.228089 1 0.309563 0.27979 0.449629 0.0010404 0.230629 1 0.229286 0.281207 0.281592 0.227642 0.227219 0.311182 0.662277 0.414672 0.417245 0.00248811 0.306969 0.22811 0.323743
0.159145 0.433701 0.159445 0 0.17504 2.31772e-308 0.159263 0.142928 0.476582 0.999558 0.177133 7.18783e-309 0.176026 0.143701 0.180659 0.174672 0.174324 0.160236 0.297512 0.43153 0.434131 0.998788 0.157709 0.175057 0.158312
0.305226 0.426172 0.319633 1 0.227456 1 0.305422 0.279412 0.449668 0.000239743 0.229991 1 0.228651 0.280829 0.275818 0.22701 0.226588 0.307031 0.666704 0.424014 0.4266 0.000694048 0.302844 0.227477 0.317667
0.156857 0.442418 0.156686 0 0.175099 0 0.156975 0.142847 0.484409 0.999897 0.177192 0 0.176085 0.143619 0.177944 0.174731 0.174383 0.157937 0.297249 0.44024 0.44285 0.999659 0.155436 0.175116 0.155567
0.302125 0.433245 0.315244 1 0.227047 1 0.30232 0.279802 0.450874 5.51851e-05 0.229578 1 0.22824 0.28122 0.271121 0.226601 0.22618 0.303922 0.66991 0.43108 0.433675 0.000193292 0.299754 0.227068 0.313289
0.155111 0.449063 0.154629 0 0.175079 0 0.155227 0.143054 0.489601 0.999976 0.177171 0 0.176065 0.143827 0.175546 0.174711 0.174363 0.156182 0.296779 0.44688 0.449496 0.999904 0.153702 0.175096 0.15352
0.299784 0.438593 0.312024 1 0.226754 1 0.299979 0.280451 0.452238 1.26993e-05 0.229283 1 0.227946 0.281871 0.267371 0.226309 0.225888 0.301575 0.672239 0.436423 0.439023 5.38486e-05 0.297422 0.226775 0.310077
0.153781 0.454127 0.1531 0 0.175039 0 0.153897 0.143364 0.493263 0.999994 0.177131 0 0.176025 0.144138 0.17356 0.174671 0.174323 0.154846 0.296291 0.45194 0.45456 0.999973 0.152381 0.175056 0.151999
0.298011 0.442645 0.309632 1 0.226535 1 0.298205 0.28113 0.453438 2.92218e-06 0.229062 1 0.227726 0.282551 0.264419 0.22609 0.225669 0.299797 0.673948 0.440471 0.443076 1.50133e-05 0.295655 0.226556 0.307692
0.15277 0.457983 0.151959 0 0.174999 0 0.152885 0.143684 0.495945 0.999999 0.17709 0 0.175984 0.144459 0.171971 0.174631 0.174283 0.153829 0.29585 0.455794 0.458416 0.999992 0.151376 0.175016 0.150864
0.296664 0.445719 0.307843 1 0.226368 1 0.296858 0.281743 0.454407 6.72385e-07 0.228894 1 0.227559 0.283166 0.262121 0.225923 0.225503 0.298447 0.675217 0.443542 0.44615 4.18913e-06 0.294313 0.226389 0.305907
0.152001 0.460917 0.151105 0 0.174964 0 0.152115 0.143972 0.497949 1 0.177055 0 0.175949 0.144749 0.170724 0.174596 0.174248 0.153056 0.295477 0.458726 0.461351 0.999998 0.150612 0.174981 0.150014
0.295641 0.448054 0.306497 1 0.226241 1 0.295835 0.28226 0.455162 1.54709e-07 0.228766 1 0.227431 0.283685 0.260344 0.225796 0.225376 0.297421 0.67617 0.445875 0.448486 1.16969e-06 0.293294 0.226261 0.304565
0.151416 0.46315 0.150464 0 0.174935 0 0.15153 0.144215 0.499462 1 0.177026 0 0.17592 0.144992 0.169757 0.174567 0.17422 0.152469 0.295171 0.460958 0.463584 0.999999 0.150032 0.174952 0.149376
0.294864 0.449828 0.305481 1 0.226143 1 0.295057 0.282681 0.455741 3.55955e-08 0.228667 1 0.227333 0.284106 0.258977 0.225698 0.225278 0.296641 0.67689 0.447648 0.45026 3.26787e-07 0.29252 0.226164 0.303552
0.150972 0.464848 0.149981 0 0.174912 0 0.151086 0.144412 0.500609 1 0.177003 0 0.175897 0.14519 0.169014 0.174545 0.174197 0.152022 0.294924 0.462655 0.465282 1 0.14959 0.174929 0.148896
0.294273 0.451176 0.304712 1 0.226068 1 0.294466 0.283015 0.456182 8.18956e-09 0.228592 1 0.227258 0.284441 0.25793 0.225624 0.225204 0.296049 0.677437 0.448995 0.451608 9.13376e-08 0.291931 0.226089 0.302785
0.150634 0.466139 0.149616 0 0.174894 0 0.150748 0.144568 0.501481 1 0.176985 0 0.175879 0.145346 0.168444 0.174527 0.174179 0.151682 0.29473 0.463946 0.466574 1 0.149255 0.174911 0.148533
0.293824 0.452201 0.30413 1 0.226011 1 0.294017 0.283277 0.456516 1.88414e-09 0.228534 1 0.2272 0.284703 0.25713 0.225567 0.225147 0.295598 0.677852 0.450019 0.452633 2.5538e-08 0.291484 0.226032 0.302205
0.150377 0.467121 0.149341 0 0.174881 0 0.150491 0.14469 0.502144 1 0.176971 0 0.175865 0.145469 0.16801 0.174513 0.174165 0.151424 0.294577 0.464927 0.467556 1 0.149 0.174898 0.148258
0.293483 0.45298 0.303688 1 0.225968 1 0.293675 0.28348 0.45677 4.33465e-10 0.228491 1 0.227157 0.284907 0.256519 0.225523 0.225103 0.295256 0.678169 0.450798 0.453412 7.14235e-09 0.291144 0.225988 0.301764
0.150182 0.467868 0.149132 0 0.17487 0 0.150296 0.144784 0.502648 1 0.17696 0 0.175854 0.145564 0.167678 0.174502 0.174154 0.151229 0.294458 0.465674 0.468303 1 0.148806 0.174887 0.148051
0.293224 0.453572 0.303353 1 0.225934 1 0.293416 0.283636 0.456963 9.97206e-11 0.228457 1 0.227123 0.285063 0.256054 0.22549 0.22507 0.294996 0.67841 0.451389 0.454004 1.99795e-09 0.290885 0.225955 0.30143
0.150034 0.468435 0.148974 0 0.174862 0 0.150148 0.144857 0.503032 1 0.176952 0 0.175846 0.145637 0.167426 0.174494 0.174146 0.15108 0.294366 0.466241 0.46887 1 0.148659 0.174879 0.147893
0.293027 0.454021 0.303099 1 0.225909 1 0.293219 0.283756 0.457109 2.29408e-11 0.228432 1 0.227098 0.285183 0.2557 0.225465 0.225045 0.294799 0.678594 0.451838 0.454454 5.58984e-10 0.290689 0.22593 0.301177
0.149922 0.468866 0.148854 0 0.174855 0 0.150035 0.144913 0.503324 1 0.176945 0 0.17584 0.145692 0.167234 0.174488 0.17414 0.150966 0.294296 0.466672 0.469301 1 0.148547 0.174872 0.147774
0.292877 0.454363 0.302906 1 0.22589 1 0.293069 0.283848 0.457219 5.27747e-12 0.228412 1 0.227079 0.285275 0.25543 0.225446 0.225026 0.294648 0.678733 0.45218 0.454796 1.56411e-10 0.29054 0.22591 0.300984
0.149836 0.469194 0.148763 0 0.17485 0 0.14995 0.144955 0.503545 1 0.17694 0 0.175835 0.145735 0.167089 0.174483 0.174135 0.150881 0.294242 0.466999 0.469629 1 0.148462 0.174868 0.147684
0.292763 0.454623 0.302759 1 0.225875 1 0.292955 0.283918 0.457303 1.21405e-12 0.228397 1 0.227064 0.285345 0.255225 0.225431 0.225011 0.294534 0.67884 0.452439 0.455055 4.37697e-11 0.290427 0.225896 0.300838
0.149771 0.469443 0.148694 0 0.174847 0 0.149885 0.144988 0.503714 1 0.176937 0 0.175831 0.145768 0.166978 0.174479 0.174132 0.150815 0.2942 0.467248 0.469878 1 0.148398 0.174864 0.147615
0.292677 0.45482 0.302648 1 0.225864 1 0.292869 0.283971 0.457367 2.79284e-13 0.228386 1 0.227053 0.285399 0.25507 0.22542 0.225 0.294448 0.67892 0.452637 0.455253 1.22493e-11 0.290341 0.225885 0.300727
0.149722 0.469632 0.148641 0 0.174844 0 0.149835 0.145012 0.503842 1 0.176934 0 0.175829 0.145792 0.166894 0.174476 0.174129 0.150766 0.294169 0.467438 0.470067 1 0.148349 0.174861 0.147563
0.292611 0.45497 0.302564 1 0.225856 1 0.292803 0.284011 0.457415 6.42469e-14 0.228378 1 0.227044 0.28544 0.254951 0.225412 0.224992 0.294382 0.678982 0.452786 0.455403 3.42826e-12 0.290275 0.225876 0.300643
0.149685 0.469776 0.148601 0 0.174842 0 0.149798 0.145031 0.50394 1 0.176932 0 0.175826 0.145811 0.16683 0.174474 0.174127 0.150728 0.294145 0.467581 0.470211 1 0.148312 0.174859 0.147523
0.292561 0.455084 0.302499 1 0.225849 1 0.292753 0.284042 0.457452 1.47794e-14 0.228371 1 0.227038 0.285471 0.254861 0.225405 0.224985 0.294332 0.679029 0.4529 0.455516 9.59518e-13 0.290226 0.22587 0.300579
0.149656 0.469885 0.148571 0 0.17484 0 0.149769 0.145045 0.504014 1 0.17693 0 0.175825 0.145825 0.166781 0.174473 0.174125 0.150699 0.294126 0.46769 0.47032 1 0.148283 0.174857 0.147493
0.292523 0.45517 0.302451 1 0.225844 1 0.292716 0.284066 0.45748 3.39983e-15 0.228366 1 0.227033 0.285494 0.254793 0.2254 0.22498 0.294294 0.679064 0.452987 0.455603 2.68563e-13 0.290188 0.225865 0.30053
0.149634 0.469968 0.148548 0 0.174839 0 0.149748 0.145056 0.50407 1 0.176929 0 0.175824 0.145836 0.166744 0.174471 0.174124 0.150678 0.294112 0.467773 0.470403 1 0.148262 0.174856 0.14747
0.292495 0.455236 0.302413 1 0.225841 1 0.292687 0.284084 0.457501 7.82092e-16 0.228362 1 0.227029 0.285512 0.254741 0.225397 0.224977 0.294265 0.679091 0.453052 0.455669 7.51709e-14 0.290159 0.225861 0.300493
0.149618 0.470031 0.148531 0 0.174838 0 0.149731 0.145065 0.504113 1 0.176928 0 0.175823 0.145845 0.166716 0.17447 0.174123 0.150661 0.294102 0.467836 0.470466 1 0.148246 0.174855 0.147453
0.292473 0.455286 0.302385 1 0.225838 1 0.292665 0.284097 0.457517 1.79911e-16 0.22836 1 0.227026 0.285526 0.254702 0.225394 0.224974 0.294243 0.679112 0.453102 0.455719 2.10408e-14 0.290137 0.225858 0.300465
0.149606 0.470079 0.148518 0 0.174837 0 0.149719 0.145071 0.504145 1 0.176927 0 0.175822 0.145851 0.166695 0.17447 0.174122 0.150649 0.294094 0.467884 0.470514 1 0.148233 0.174854 0.14744
0.292456 0.455324 0.302364 1 0.225836 1 0.292648 0.284107 0.457529 4.13862e-17 0.228357 1 0.227024 0.285536 0.254672 0.225392 0.224972 0.294226 0.679127 0.45314 0.455757 5.88951e-15 0.290121 0.225856 0.300444
0.149596 0.470116 0.148507 0 0.174837 0 0.149709 0.145076 0.50417 1 0.176927 0 0.175821 0.145856 0.166679 0.174469 0.174122 0.150639 0.294088 0.467921 0.470551 1 0.148224 0.174854 0.14743
0.292443 0.455353 0.302348 1 0.225834 1 0.292636 0.284115 0.457539 9.52038e-18 0.228356 1 0.227022 0.285544 0.254649 0.22539 0.22497 0.294214 0.679139 0.453169 0.455785 1.64855e-15 0.290108 0.225855 0.300427
0.149589 0.470143 0.1485 0 0.174836 0 0.149702 0.145079 0.504189 1 0.176926 0 0.175821 0.145859 0.166666 0.174469 0.174121 0.150632 0.294083 0.467948 0.470578 1 0.148217 0.174853 0.147422
0.292434 0.455374 0.302335 1 0.225833 1 0.292626 0.284121 0.457546 2.19004e-18 0.228355 1 0.227021 0.28555 0.254632 0.225389 0.224969 0.294204 0.679148 0.453191 0.455807 4.61452e-16 0.290099 0.225853 0.300415
0.149583 0.470164 0.148494 0 0.174836 0 0.149697 0.145082 0.504203 1 0.176926 0 0.175821 0.145862 0.166657 0.174468 0.174121 0.150626 0.29408 0.467969 0.470599 1 0.148211 0.174853 0.147416
0.292427 0.455391 0.302326 1 0.225832 1 0.292619 0.284126 0.457551 5.0379e-19 0.228354 1 0.22702 0.285554 0.254619 0.225388 0.224968 0.294197 0.679155 0.453207 0.455824 1.29168e-16 0.290092 0.225852 0.300406
0.149579 0.47018 0.14849 0 0.174836 0 0.149692 0.145084 0.504214 1 0.176926 0 0.17582 0.145864 0.16665 0.174468 0.174121 0.150622 0.294077 0.467985 0.470615 1 0.148207 0.174853 0.147412
0.292421 0.455404 0.302319 1 0.225831 1 0.292613 0.284129 0.457555 1.1589e-19 0.228353 1 0.22702 0.285558 0.254609 0.225387 0.224967 0.294191 0.67916 0.45322 0.455836 3.61564e-17 0.290086 0.225852 0.300399
0.149576 0.470192 0.148486 0 0.174836 0 0.149689 0.145086 0.504222 1 0.176926 0 0.17582 0.145866 0.166645 0.174468 0.174121 0.150619 0.294075 0.467997 0.470627 1 0.148204 0.174853 0.147408
0.292417 0.455413 0.302313 1 0.225831 1 0.292609 0.284132 0.457558 2.6659e-20 0.228352 1 0.227019 0.28556 0.254601 0.225387 0.224967 0.294187 0.679164 0.453229 0.455846 1.01208e-17 0.290082 0.225851 0.300393
0.149574 0.470202 0.148484 0 0.174836 0 0.149687 0.145087 0.504228 1 0.176925 0 0.17582 0.145867 0.166641 0.174468 0.17412 0.150617 0.294073 0.468006 0.470637 1 0.148202 0.174853 0.147406
0.292414 0.455421 0.302309 1 0.22583 1 0.292606 0.284134 0.45756 6.13253e-21 0.228352 1 0.227019 0.285562 0.254595 0.225386 0.224966 0.294184 0.679167 0.453237 0.455853 2.83302e-18 0.290079 0.225851 0.300389
0.149572 0.470209 0.148482 0 0.174835 0 0.149685 0.145088 0.504233 1 0.176925 0 0.17582 0.145868 0.166637 0.174468 0.17412 0.150615 0.294072 0.468013 0.470644 1 0.1482 0.174852 0.147404
0.292411 0.455426 0.302306 1 0.22583 1 0.292604 0.284135 0.457562 1.41071e-21 0.228352 1 0.227018 0.285564 0.254591 0.225386 0.224966 0.294182 0.67917 0.453242 0.455859 7.93018e-19 0.290076 0.22585 0.300386
0.14957 0.470214 0.14848 0 0.174835 0 0.149684 0.145088 0.504237 1 0.176925 0 0.17582 0.145869 0.166635 0.174468 0.17412 0.150613 0.294071 0.468019 0.470649 1 0.148198 0.174852 0.147403
0.292409 0.45543 0.302304 1 0.22583 1 0.292602 0.284136 0.457564 3.24514e-22 0.228351 1 0.227018 0.285565 0.254588 0.225386 0.224966 0.29418 0.679171 0.453246 0.455863 2.21982e-19 0.290074 0.22585 0.300384
0.149569 0.470218 0.148479 0 0.174835 0 0.149683 0.145089 0.504239 1 0.176925 0 0.17582 0.145869 0.166633 0.174468 0.17412 0.150612 0.29407 0.468023 0.470653 1 0.148197 0.174852 0.147401
0.292408 0.455434 0.302302 1 0.225829 1 0.2926 0.284137 0.457565 7.465e-23 0.228351 1 0.227018 0.285566 0.254585 0.225385 0.224966 0.294178 0.679173 0.45325 0.455866 6.21373e-20 0.290073 0.22585 0.300382
0.149569 0.470221 0.148478 0 0.174835 0 0.149682 0.145089 0.504241 1 0.176925 0 0.17582 0.14587 0.166632 0.174468 0.17412 0.150611 0.29407 0.468026 0.470656 1 0.148197 0.174852 0.147401
0.292407 0.455436 0.302301 1 0.225829 1 0.292599 0.284138 0.457565 1.71722e-23 0.228351 1 0.227018 0.285566 0.254583 0.225385 0.224965 0.294177 0.679174 0.453252 0.455869 1.73935e-20 0.290072 0.22585 0.300381
0.149568 0.470223 0.148478 0 0.174835 0 0.149681 0.14509 0.504243 1 0.176925 0 0.17582 0.14587 0.166631 0.174468 0.17412 0.150611 0.29407 0.468028 0.470658 1 0.148196 0.174852 0.1474
0.292406 0.455438 0.3023 1 0.225829 1 0.292598 0.284138 0.457566 3.95023e-24 0.228351 1 0.227018 0.285567 0.254582 0.225385 0.224965 0.294176 0.679174 0.453254 0.455871 4.86881e-21 0.290071 0.22585 0.30038
0.149568 0.470225 0.148477 0 0.174835 0 0.149681 0.14509 0.504244 1 0.176925 0 0.17582 0.14587 0.16663 0.174468 0.17412 0.15061 0.294069 0.46803 0.47066 1 0.148195 0.174852 0.147399
0.292406 0.455439 0.302299 1 0.225829 1 0.292598 0.284139 0.457566 9.08696e-25 0.228351 1 0.227018 0.285567 0.254581 0.225385 0.224965 0.294176 0.679175 0.453255 0.455872 1.36288e-21 0.290071 0.22585 0.300379
0.149567 0.470226 0.148477 0 0.174835 0 0.14968 0.14509 0.504245 1 0.176925 0 0.17582 0.14587 0.16663 0.174468 0.17412 0.15061 0.294069 0.468031 0.470661 1 0.148195 0.174852 0.147399
0.292405 0.45544 0.302298 1 0.225829 1 0.292597 0.284139 0.457567 2.09033e-25 0.228351 1 0.227017 0.285568 0.25458 0.225385 0.224965 0.294175 0.679175 0.453256 0.455873 3.815e-22 0.29007 0.22585 0.300378
0.149567 0.470227 0.148477 0 0.174835 0 0.14968 0.14509 0.504246 1 0.176925 0 0.17582 0.14587 0.166629 0.174467 0.17412 0.15061 0.294069 0.468032 0.470662 1 0.148195 0.174852 0.147399
0.292405 0.455441 0.302298 1 0.225829 1 0.292597 0.284139 0.457567 4.80852e-26 0.228351 1 0.227017 0.285568 0.254579 0.225385 0.224965 0.294175 0.679176 0.453257 0.455874 1.0679e-22 0.29007 0.22585 0.300378
0.149567 0.470228 0.148476 0 0.174835 0 0.14968 0.14509 0.504246 1 0.176925 0 0.17582 0.14587 0.166629 0.174467 0.17412 0.15061 0.294069 0.468033 0.470663 1 0.148195 0.174852 0.147399
0.292404 0.455442 0.302297 1 0.225829 1 0.292597 0.284139 0.457567 1.10613e-26 0.228351 1 0.227017 0.285568 0.254579 0.225385 0.224965 0.294175 0.679176 0.453258 0.455874 2.98928e-23 0.290069 0.22585 0.300377
0.149567 0.470229 0.148476 0 0.174835 0 0.14968 0.14509 0.504247 1 0.176925 0 0.17582 0.145871 0.166628 0.174467 0.17412 0.150609 0.294069 0.468034 0.470664 1 0.148195 0.174852 0.147398
0.292404 0.455442 0.302297 1 0.225829 1 0.292597 0.28414 0.457567 2.54451e-27 0.228351 1 0.227017 0.285568 0.254578 0.225385 0.224965 0.294174 0.679176 0.453258 0.455875 8.36764e-24 0.290069 0.22585 0.300377
0.149566 0.470229 0.148476 0 0.174835 0 0.14968 0.14509 0.504247 1 0.176925 0 0.17582 0.145871 0.166628 0.174467 0.17412 0.150609 0.294069 0.468034 0.470664 1 0.148194 0.174852 0.147398
0.292404 0.455443 0.302297 1 0.225829 1 0.292596 0.28414 0.457568 5.85329e-28 0.228351 1 0.227017 0.285568 0.254578 0.225385 0.224965 0.294174 0.679176 0.453259 0.455875 2.34228e-24 0.290069 0.22585 0.300377
0.149566 0.47023 0.148476 0 0.174835 0 0.14968 0.14509 0.504247 1 0.176925 0 0.17582 0.145871 0.166628 0.174467 0.17412 0.150609 0.294069 0.468034 0.470665 1 0.148194 0.174852 0.147398
0.292404 0.455443 0.302297 1 0.225829 1 0.292596 0.28414 0.457568 1.34647e-28 0.228351 1 0.227017 0.285568 0.254578 0.225385 0.224965 0.294174 0.679176 0.453259 0.455876 6.55655e-25 0.290069 0.225849 0.300377
0.149566 0.47023 0.148476 0 0.174835 0 0.149679 0.14509 0.504247 1 0.176925 0 0.17582 0.145871 0.166628 0.174467 0.17412 0.150609 0.294068 0.468035 0.470665 1 0.148194 0.174852 0.147398
0.292404 0.455443 0.302297 1 0.225829 1 0.292596 0.28414 0.457568 3.09737e-29 0.228351 1 0.227017 0.285568 0.254578 0.225385 0.224965 0.294174 0.679177 0.453259 0.455876 1.83532e-25 0.290069 0.225849 0.300377
0.149566 0.47023 0.148476 0 0.174835 0 0.149679 0.145091 0.504248 1 0.176925 0 0.17582 0.145871 0.166628 0.174467 0.17412 0.150609 0.294068 0.468035 0.470665 1 0.148194 0.174852 0.147398
0.292404 0.455443 0.302297 1 0.225829 1 0.292596 0.28414 0.457568 7.12507e-30 0.228351 1 0.227017 0.285568 0.254578 0.225385 0.224965 0.294174 0.679177 0.453259 0.455876 5.13745e-26 0.290069 0.225849 0.300377
0.149566 0.47023 0.148476 0 0.174835 0 0.149679 0.145091 0.504248 1 0.176925 0 0.17582 0.145871 0.166628 0.174467 0.17412 0.150609 0.294068 0.468035 0.470665 1 0.148194 0.174852 0.147398
0.292404 0.455443 0.302297 1 0.225829 1 0.292596 0.28414 0.457568 1.63902e-30 0.228351 1 0.227017 0.285568 0.254577 0.225385 0.224965 0.294174 0.679177 0.453259 0.455876 1.43808e-26 0.290069 0.225849 0.300376
0.149566 0.47023 0.148476 0 0.174835 0 0.149679 0.145091 0.504248 1 0.176925 0 0.17582 0.145871 0.166628 0.174467 0.17412 0.150609 0.294068 0.468035 0.470665 1 0.148194 0.174852 0.147398
0.292404 0.455443 0.302297 1 0.225829 1 0.292596 0.28414 0.457568 3.77035e-31 0.228351 1 0.227017 0.285568 0.254577 0.225385 0.224965 0.294174 0.679177 0.453259 0.455876 4.02551e-27 0.290069 0.225849 0.300376
0.149566 0.47023 0.148476 0 0.174835 0 0.149679 0.145091 0.504248 1 0.176925 0 0.17582 0.145871 0.166628 0.174467 0.17412 0.150609 0.294068 0.468035 0.470665 1 0.148194 0.174852 0.147398
0.292404 0.455443 0.302297 1 0.225829 1 0.292596 0.28414 0.457568 8.67317e-32 0.228351 1 0.227017 0.285568 0.254577 0.225385 0.224965 0.294174 0.679177 0.45326 0.455876 1.12683e-27 0.290069 0.225849 0.300376
0.149566 0.47023 0.148476 0 0.174835 0 0.149679 0.145091 0.504248 1 0.176925 0 0.17582 0.145871 0.166628 0.174467 0.17412 0.150609 0.294068 0.468035 0.470665 1 0.148194 0.174852 0.147398
0.292404 0.455443 0.302296 1 0.225829 1 0.292596 0.28414 0.457568 1.99514e-32 0.228351 1 0.227017 0.285568 0.254577 0.225385 0.224965 0.294174 0.679177 0.45326 0.455876 3.15423e-28 0.290069 0.225849 0.300376
0.149566 0.470231 0.148476 0 0.174835 0 0.149679 0.145091 0.504248 1 0.176925 0 0.17582 0.145871 0.166628 0.174467 0.17412 0.150609 0.294068 0.468035 0.470665 1 0.148194 0.174852 0.147398
0.292404 0.455444 0.302296 1 0.225829 1 0.292596 0.28414 0.457568 4.58955e-33 0.228351 1 0.227017 0.285568 0.254577 0.225385 0.224965 0.294174 0.679177 0.45326 0.455876 8.82937e-29 0.290069 0.225849 0.300376
0.149566 0.470231 0.148476 0 0.174835 0 0.149679 0.145091 0.504248 1 0.176925 0 0.17582 0.145871 0.166628 0.174467 0.17412 0.150609 0.294068 0.468035 0.470666 1 0.148194 0.174852 0.147398
0.292404 0.455444 0.302296 1 0.225829 1 0.292596 0.28414 0.457568 1.05576e-33 0.228351 1 0.227017 0.285568 0.254577 0.225385 0.224965 0.294174 0.679177 0.45326 0.455876 2.47153e-29 0.290069 0.225849 0.300376
0.149566 0.470231 0.148476 0 0.174835 0 0.149679 0.145091 0.504248 1 0.176925 0 0.17582 0.145871 0.166628 0.174467 0.17412 0.150609 0.294068 0.468035 0.470666 1 0.148194 0.174852 0.147398
0.292404 0.455444 0.302296 1 0.225829 1 0.292596 0.28414 0.457568 2.42864e-34 0.228351 1 0.227017 0.285568 0.254577 0.225385 0.224965 0.294174 0.679177 0.45326 0.455876 6.91835e-30 0.290069 0.225849 0.300376
0.149566 0.470231 0.148476 0 0.174835 0 0.149679 0.145091 0.504248 1 0.176925 0 0.17582 0.145871 0.166628 0.174467 0.17412 0.150609 0.294068 0.468035 0.470666 1 0.148194 0.174852 0.147398
0.292404 0.455444 0.302296 1 0.225829 1 0.292596 0.28414 0.457568 5.58675e-35 0.228351 1 0.227017 0.285568 0.254577 0.225385 0.224965 0.294174 0.679177 0.45326 0.455876 1.9366e-30 0.290069 0.225849 0.300376
0.149566 0.470231 0.148476 0 0.174835 0 0.149679 0.145091 0.504248 1 0.176925 0 0.17582 0.145871 0.166628 0.174467 0.17412 0.150609 0.294068 0.468035 0.470666 1 0.148194 0.174852 0.147398
0.292404 0.455444 0.302296 1 0.225829 1 0.292596 0.28414 0.457568 1.28516e-35 0.228351 1 0.227017 0.285568 0.254577 0.225385 0.224965 0.294174 0.679177 0.45326 0.455876 5.42095e-31 0.290069 0.225849 0.300376
0.149566 0.470231 0.148476 0 0.174835 0 0.149679 0.145091 0.504248 1 0.176925 0 0.17582 0.145871 0.166628 0.174467 0.17412 0.150609 0.294068 0.468035 0.470666 1 0.148194 0.174852 0.147398
0.292404 0.455444 0.302296 1 0.225829 1 0.292596 0.28414 0.457568 2.95632e-36 0.228351 1 0.227017 0.285568 0.254577 0.225385 0.224965 0.294174 0.679177 0.45326 0.455876 1.51744e-31 0.290069 0.225849 0.300376
0.149566 0.470231 0.148476 0 0.174835 0 0.149679 0.145091 0.504248 1 0.176925 0 0.17582 0.145871 0.166628 0.174467 0.17412 0.150609 0.294068 0.468035 0.470666 1 0.148194 0.174852 0.147398
0.292404 0.455444 0.302296 1 0.225829 1 0.292596 0.28414 0.457568 6.80062e-37 0.228351 1 0.227017 0.285568 0.254577 0.225385 0.224965 0.294174 0.679177 0.45326 0.455876 4.24765e-32 0.290069 0.225849 0.300376
0.149566 0.470231 0.148476 0 0.174835 0 0.149679 0.145091 0.504248 1 0.176925 0 0.17582 0.145871 0.166628 0.174467 0.17412 0.150609 0.294068 0.468035 0.470666 1 0.148194 0.174852 0.147398
0.292404 0.455444 0.302296 1 0.225829 1 0.292596 0.28414 0.457568 1.56439e-37 0.228351 1 0.227017 0.285568 0.254577 0.225385 0.224965 0.294174 0.679177 0.45326 0.455876 1.18901e-32 0.290069 0.225849 0.300376
0.149566 0.470231 0.148476 0 0.174835 0 0.149679 0.145091 0.504248 1 0.176925 0 0.17582 0.145871 0.166628 0.174467 0.17412 0.150609 0.294068 0.468035 0.470666 1 0.148194 0.174852 0.147398
0.292404 0.455444 0.302296 1 0.225829 1 0.292596 0.28414 0.457568 3.59866e-38 0.228351 1 0.227017 0.285568 0.254577 0.225385 0.224965 0.294174 0.679177 0.45326 0.455876 3.32829e-33 0.290069 0.225849 0.300376
0.149566 0.470231 0.148476 0 0.174835 0 0.149679 0.145091 0.504248 1 0.176925 0 0.17582 0.145871 0.166628 0.174467 0.17412 0.150609 0.294068 0.468035 0.470666 1 0.148194 0.174852 0.147398
0.292404 0.455444 0.302296 1 0.225829 1 0.292596 0.28414 0.457568 8.27822e-39 0.228351 1 0.227017 0.285568 0.254577 0.225385 0.224965 0.294174 0.679177 0.45326 0.455876 9.31661e-34 0.290069 0.225849 0.300376
0.149566 0.470231 0.148476 0 0.174835 0 0.149679 0.145091 0.504248 1 0.176925 0 0.17582 0.145871 0.166628 0.174467 0.17412 0.150609 0.294068 0.468035 0.470666 1 0.148194 0.174852 0.147398
0.292404 0.455444 0.302296 1 0.225829 1 0.292596 0.28414 0.457568 1.90429e-39 0.228351 1 0.227017 0.285568 0.254577 0.225385 0.224965 0.294174 0.679177 0.45326 0.455876 2.60792e-34 0.290069 0.225849 0.300376
0.149566 0.470231 0.148476 0 0.174835 0 0.149679 0.145091 0.504248 1 0.176925 0 0.17582 0.145871 0.166628 0.174467 0.17412 0.150609 0.294068 0.468035 0.470666 1 0.148194 0.174852 0.147398
0.292404 0.455444 0.302296 1 0.225829 1 0.292596 0.28414 0.457568 4.38056e-40 0.228351 1 0.227017 0.285568 0.254577 0.225385 0.224965 0.294174 0.679177 0.45326 0.455876 7.30013e-35 0.290069 0.225849 0.300376
0.149566 0.470231 0.148476 0 0.174835 0 0.149679 0.145091 0.504248 1 0.176925 0 0.17582 0.145871 0.166628 0.174467 0.17412 0.150609 0.294068 0.468035 0.470666 1 0.148194 0.174852 0.147398
0.292404 0.455444 0.302296 1 0.225829 1 0.292596 0.28414 0.457568 1.00769e-40 0.228351 1 0.227017 0.285568 0.254577 0.225385 0.224965 0.294174 0.679177 0.45326 0.455876 2.04346e-35 0.290069 0.225849 0.300376
0.149566 0.470231 0.148476 0 0.174835 0 0.149679 0.145091 0.504248 1 0.176925 0 0.17582 0.145871 0.166628 0.174467 0.17412 0.150609 0.294068 0.468035 0.470666 1 0.148194 0.174852 0.147398
0.292404 0.455444 0.302296 1 0.225829 1 0.292596 0.28414 0.457568 2.31805e-41 0.228351 1 0.227017 0.285568 0.254577 0.225385 0.224965 0.294174 0.679177 0.45326 0.455876 5.7201e-36 0.290069 0.225849 0.300376
0.149566 0.470231 0.148476 0 0.174835 0 0.149679 0.145091 0.504248 1 0.176925 0 0.17582 0.145871 0.166628 0.174467 0.17412 0.150609 0.294068 0.468035 0.470666 1 0.148194 0.174852 0.147398
0.292404 0.455444 0.302296 1 0.225829 1 0.292596 0.28414 0.457568 5.33235e-42 0.228351 1 0.227017 0.285568 0.254577 0.225385 0.224965 0.294174 0.679177 0.45326 0.455876 1.60118e-36 0.290069 0.225849 0.300376
0.149566 0.470231 0.148476 0 0.174835 0 0.149679 0.145091 0.504248 1 0.176925 0 0.17582 0.145871 0.166628 0.174467 0.17412 0.150609 0.294068 0.468035 0.470666 1 0.148194 0.174852 0.147398
0.292404 0.455444 0.302296 1 0.225829 1 0.292596 0.28414 0.457568 1.22663e-42 0.228351 1 0.227017 0.285568 0.254577 0.225385 0.224965 0.294174 0.679177 0.45326 0.455876 4.48205e-37 0.290069 0.225849 0.300376
0.149566 0.470231 0.148476 0 0.174835 0 0.149679 0.145091 0.504248 1 0.176925 0 0.17582 0.145871 0.166628 0.174467 0.17412 0.150609 0.294068 0.468035 0.470666 1 0.148194 0.174852 0.147398
0.292404 0.455444 0.302296 1 0.225829 1 0.292596 0.28414 0.457568 2.8217e-43 0.228351 1 0.227017 0.285568 0.254577 0.225385 0.224965 0.294174 0.679177 0.45326 0.455876 1.25462e-37 0.290069 0.225849 0.300376
0.149566 0.470231 0.148476 0 0.174835 0 0.149679 0.145091 0.504248 1 0.176925 0 0.17582 0.145871 0.166628 0.174467 0.17412 0.150609 0.294068 0.468035 0.470666 1 0.148194 0.174852 0.147398
0.292404 0.455444 0.302296 1 0.225829 1 0.292596 0.28414 0.457568 6.49093e-44 0.228351 1 0.227017 0.285568 0.254577 0.225385 0.224965 0.294174 0.679177 0.45326 0.455876 3.51196e-38 0.290069 0.225849 0.300376
0.149566 0.470231 0.148476 0 0.174835 0 0.149679 0.145091 0.504248 1 0.176925 0 0.17582 0.145871 0.166628 0.174467 0.17412 0.150609 0.294068 0.468035 0.470666 1 0.148194 0.174852 0.147398
0.292404 0.455444 0.302296 1 0.225829 1 0.292596 0.28414 0.457568 1.49315e-44 0.228351 1 0.227017 0.285568 0.254577 0.225385 0.224965 0.294174 0.679177 0.45326 0.455876 9.83073e-39 0.290069 0.225849 0.300376
0.149566 0.470231 0.148476 0 0.174835 0 0.149679 0.145091 0.504248 1 0.176925 0 0.17582 0.145871 0.166628 0.174467 0.17412 0.150609 0.294068 0.468035 0.470666 1 0.148194 0.174852 0.147398
0.292404 0.455444 0.302296 1 0.225829 1 0.292596 0.28414 0.457568 3.43479e-45 0.228351 1 0.227017 0.285568 0.254577 0.225385 0.224965 0.294174 0.679177 0.45326 0.455876 2.75183e-39 0.290069 0.225849 0.300376
0.149566 0.470231 0.148476 0 0.174835 0 0.149679 0.145091 0.504248 1 0.176925 0 0.17582 0.145871 0.166628 0.174467 0.17412 0.150609 0.294068 0.468035 0.470666 1 0.148194 0.174852 0.147398
0.292404 0.455444 0.302296 1 0.225829 1 0.292596 0.28414 0.457568 7.90125e-46 0.228351 1 0.227017 0.285568 0.254577 0.225385 0.224965 0.294174 0.679177 0.45326 0.455876 7.70297e-40 0.290069 0.225849 0.300376
0.149566 0.470231 0.148476 0 0.174835 0 0.149679 0.145091 0.504248 1 0.176925 0 0.17582 0.145871 0.166628 0.174467 0.17412 0.150609 0.294068 0.468035 0.470666 1 0.148194 0.174852 0.147398
0.292404 0.455444 0.302296 1 0.225829 1 0.292596 0.28414 0.457568 1.81758e-46 0.228351 1 0.227017 0.285568 0.254577 0.225385 0.224965 0.294174 0.679177 0.45326 0.455876 2.15623e-40 0.290069 0.225849 0.300376
0.149566 0.470231 0.148476 0 0.174835 0 0.149679 0.145091 0.504248 1 0.176925 0 0.17582 0.145871 0.166628 0.174467 0.17412 0.150609 0.294068 0.468035 0.470666 1 0.148194 0.174852 0.147398
0.292404 0.455444 0.302296 1 0.225829 1 0.292596 0.28414 0.457568 4.18108e-47 0.228351 1 0.227017 0.285568 0.254577 0.225385 0.224965 0.294174 0.679177 0.45326 0.455876 6.03575e-41 0.290069 0.225849 0.300376
0.149566 0.470231 0.148476 0 0.174835 0 0.149679 0.145091 0.504248 1 0.176925 0 0.17582 0.145871 0.166628 0.174467 0.17412 0.150609 0.294068 0.468035 0.470666 1 0.148194 0.174852 0.147398
0.292404 0.455444 0.302296 1 0.225829 1 0.292596 0.28414 0.457568 9.618e-48 0.228351 1 0.227017 0.285568 0.254577 0.225385 0.224965 0.294174 0.679177 0.45326 0.455876 1.68954e-41 0.290069 0.225849 0.300376
0.149566 0.470231 0.148476 0 0.174835 0 0.149679 0.145091 0.504248 1 0.176925 0 0.17582 0.145871 0.166628 0.174467 0.17412 0.150609 0.294068 0.468035 0.470666 1 0.148194 0.174852 0.147398
0.292404 0.455444 0.302296 1 0.225829 1 0.292596 0.28414 0.457568 2.21249e-48 0.228351 1 0.227017 0.285568 0.254577 0.225385 0.224965 0.294174 0.679177 0.45326 0.455876 4.72938e-42 0.290069 0.225849 0.300376
0.149566 0.470231 0.148476 0 0.174835 0 0.149679 0.145091 0.504248 1 0.176925 0 0.17582 0.145871 0.166628 0.174467 0.17412 0.150609 0.294068 0.468035 0.470666 1 0.148194 0.174852 0.147398
0.292404 0.455444 0.302296 1 0.225829 1 0.292596 0.28414 0.457568 5.08953e-49 0.228351 1 0.227017 0.285568 0.254577 0.225385 0.224965 0.294174 0.679177 0.45326 0.455876 1.32386e-42 0.290069 0.225849 0.300376
0.149566 0.470231 0.148476 0 0.174835 0 0.149679 0.145091 0.504248 1 0.176925 0 0.17582 0.145871 0.166628 0.174467 0.17412 0.150609 0.294068 0.468035 0.470666 1 0.148194 0.174852 0.147398
0.292404 0.455444 0.302296 1 0.225829 1 0.292596 0.28414 0.457568 1.17078e-49 0.228351 1 0.227017 0.285568 0.254577 0.225385 0.224965 0.294174 0.679177 0.45326 0.455876 3.70576e-43 0.290069 0.225849 0.300376
0.149566 0.470231 0.148476 0 0.174835 0 0.149679 0.145091 0.504248 1 0.176925 0 0.17582 0.145871 0.166628 0.174467 0.17412 0.150609 0.294068 0.468035 0.470666 1 0.148194 0.174852 0.147398
0.292404 0.455444 0.302296 1 0.225829 1 0.292596 0.28414 0.457568 2.69321e-50 0.228351 1 0.227017 0.285568 0.254577 0.225385 0.224965 0.294174 0.679177 0.45326 0.455876 1.03732e-43 0.290069 0.225849 0.300376
0.149566 0.470231 0.148476 0 0.174835 0 0.149679 0.145091 0.504248 1 0.176925 0 0.17582 0.145871 0.166628 0.174467 0.17412 0.150609 0.294068 0.468035 0.470666 1 0.148194 0.174852 0.147398
0.292404 0.455444 0.302296 1 0.225829 1 0.292596 0.28414 0.457568 6.19536e-51 0.228351 1 0.227017 0.285568 0.254577 0.225385 0.224965 0.294174 0.679177 0.45326 0.455876 2.90369e-44 0.290069 0.225849 0.300376
0.149566 0.470231 0.148476 0 0.174835 0 0.149679 0.145091 0.504248 1 0.176925 0 0.17582 0.145871 0.166628 0.174467 0.17412 0.150609 0.294068 0.468035 0.470666 1 0.148194 0.174852 0.147398
0.292404 0.455444 0.302296 1 0.225829 1 0.292596 0.28414 0.457568 1.42516e-51 0.228351 1 0.227017 0.285568 0.254577 0.225385 0.224965 0.294174 0.679177 0.45326 0.455876 8.12805e-45 0.290069 0.225849 0.300376
0.149566 0.470231 0.148476 0 0.174835 0 0.149679 0.145091 0.504248 1 0.176925 0 0.17582 0.145871 0.166628 0.174467 0.17412 0.150609 0.294068 0.468035 0.470666 1 0.148194 0.174852 0.147398
0.292404 0.455444 0.302296 1 0.225829 1 0.292596 0.28414 0.457568 3.27838e-52 0.228351 1 0.227017 0.285568 0.254577 0.225385 0.224965 0.294174 0.679177 0.45326 0.455876 2.27522e-45 0.290069 0.225849 0.300376
0.149566 0.470231 0.148476 0 0.174835 0 0.149679 0.145091 0.504248 1 0.176925 0 0.17582 0.145871 0.166628 0.174467 0.17412 0.150609 0.294068 0.468035 0.470666 1 0.148194 0.174852 0.147398
0.292404 0.455444 0.302296 1 0.225829 1 0.292596 0.28414 0.457568 7.54145e-53 0.228351 1 0.227017 0.285568 0.254577 0.225385 0.224965 0.294174 0.679177 0.45326 0.455876 6.36882e-46 0.290069 0.225849 0.300376
0.149566 0.470231 0.148476 0 0.174835 0 0.149679 0.145091 0.504248 1 0.176925 0 0.17582 0.145871 0.166628 0.174467 0.17412 0.150609 0.294068 0.468035 0.470666 1 0.148194 0.174852 0.147398
0.292404 0.455444 0.302296 1 0.225829 1 0.292596 0.28414 0.457568 1.73481e-53 0.228351 1 0.227017 0.285568 0.254577 0.225385 0.224965 0.294174 0.679177 0.45326 0.455876 1.78277e-46 0.290069 0.225849 0.300376
0.149566 0.470231 0.148476 0 0.174835 0 0.149679 0.145091 0.504248 1 0.176925 0 0.17582 0.145871 0.166628 0.174467 0.17412 0.150609 0.294068 0.468035 0.470666 1 0.148194 0.174852 0.147398
0.292404 0.455444 0.302296 1 0.225829 1 0.292596 0.28414 0.457568 3.99069e-54 0.228351 1 0.227017 0.285568 0.254577 0.225385 0.224965 0.294174 0.679177 0.45326 0.455876 4.99036e-47 0.290069 0.225849 0.300376
0.149566 0.470231 0.148476 0 0.174835 0 0.149679 0.145091 0.504248 1 0.176925 0 0.17582 0.145871 0.166628 0.174467 0.17412 0.150609 0.294068 0.468035 0.470666 1 0.148194 0.174852 0.147398
0.292404 0.455444 0.302296 1 0.225829 1 0.292596 0.28414 0.457568 9.18003e-55 0.228351 1 0.227017 0.285568 0.254577 0.225385 0.224965 0.294174 0.679177 0.45326 0.455876 1.39691e-47 0.290069 0.225849 0.300376
0.149566 0.470231 0.148476 0 0.174835 0 0.149679 0.145091 0.504248 1 0.176925 0 0.17582 0.145871 0.166628 0.174467 0.17412 0.150609 0.294068 0.468035 0.470666 1 0.148194 0.174852 0.147398
0.292404 0.455444 0.302296 1 0.225829 1 0.292596 0.28414 0.457568 2.11174e-55 0.228351 1 0.227017 0.285568 0.254577 0.225385 0.224965 0.294174 0.679177 0.45326 0.455876 3.91025e-48 0.290069 0.225849 0.300376
0.149566 0.470231 0.148476 0 0.174835 0 0.149679 0.145091 0.504248 1 0.176925 0 0.17582 0.145871 0.166628 0.174467 0.17412 0.150609 0.294068 0.468035 0.470666 1 0.148194 0.174852 0.147398
0.292404 0.455444 0.302296 1 0.225829 1 0.292596 0.28414 0.457568 4.85776e-56 0.228351 1 0.227017 0.285568 0.254577 0.225385 0.224965 0.294174 0.679177 0.45326 0.455876 1.09456e-48 0.290069 0.225849 0.300376
0.149566 0.470231 0.148476 0 0.174835 0 0.149679 0.145091 0.504248 1 0.176925 0 0.17582 0.145871 0.166628 0.174467 0.17412 0.150609 0.294068 0.468035 0.470666 1 0.148194 0.174852 0.147398
0.292404 0.455444 0.302296 1 0.225829 1 0.292596 0.28414 0.457568 1.11746e-56 0.228351 1 0.227017 0.285568 0.254577 0.225385 0.224965 0.294174 0.679177 0.45326 0.455876 3.06392e-49 0.290069 0.225849 0.300376
0.149566 0.470231 0.148476 0 0.174835 0 0.149679 0.145091 0.504248 1 0.176925 0 0.17582 0.145871 0.166628 0.174467 0.17412 0.150609 0.294068 0.468035 0.470666 1 0.148194 0.174852 0.147398
0.292404 0.455444 0.302296 1 0.225829 1 0.292596 0.28414 0.457568 2.57057e-57 0.228351 1 0.227017 0.285568 0.254577 0.225385 0.224965 0.294174 0.679177 0.45326 0.455876 8.57658e-50 0.290069 0.225849 0.300376
0.149566 0.470231 0.148476 0 0.174835 0 0.149679 0.145091 0.504248 1 0.176925 0 0.17582 0.145871 0.166628 0.174467 0.17412 0.150609 0.294068 0.468035 0.470666 1 0.148194 0.174852 0.147398
0.292404 0.455444 0.302296 1 0.225829 1 0.292596 0.28414 0.457568 5.91324e-58 0.228351 1 0.227017 0.285568 0.254577 0.225385 0.224965 0.294174 0.679177 0.45326 0.455876 2.40077e-50 0.290069 0.225849 0.300376
0.149566 0.470231 0.148476 0 0.174835 0 0.149679 0.145091 0.504248 1 0.176925 0 0.17582 0.145871 0.166628 0.174467 0.17412 0.150609 0.294068 0.468035 0.470666 1 0.148194 0.174852 0.147398
0.292404 0.455444 0.302296 1 0.225829 1 0.292596 0.28414 0.457568 1.36026e-58 0.228351 1 0.227017 0.285568 0.254577 0.225385 0.224965 0.294174 0.679177 0.45326 0.455876 6.72027e-51 0.290069 0.225849 0.300376
0.149566 0.470231 0.148476 0 0.174835 0 0.149679 0.145091 0.504248 1 0.176925 0 0.17582 0.145871 0.166628 0.174467 0.17412 0.150609 0.294068 0.468035 0.470666 1 0.148194 0.174852 0.147398
0.292404 0.455444 0.302296 1 0.225829 1 0.292596 0.28414 0.457568 3.12909e-59 0.228351 1 0.227017 0.285568 0.254577 0.225385 0.224965 0.294174 0.679177 0.45326 0.455876 1.88115e-51 0.290069 0.225849 0.300376
0.149566 0.470231 0.148476 0 0.174835 0 0.149679 0.145091 0.504248 1 0.176925 0 0.17582 0.145871 0.166628 0.174467 0.17412 0.150609 0.294068 0.468035 0.470666 1 0.148194 0.174852 0.147398
0.292404 0.455444 0.302296 1 0.225829 1 0.292596 0.28414 0.457568 7.19804e-60 0.228351 1 0.227017 0.285568 0.254577 0.225385 0.224965 0.294174 0.679177 0.45326 0.455876 5.26574e-52 0.290069 0.225849 0.300376
0.149566 0.470231 0.148476 0 0.174835 0 0.149679 0.145091 0.504248 1 0.176925 0 0.17582 0.145871 0.166628 0.174467 0.17412 0.150609 0.294068 0.468035 0.470666 1 0.148194 0.174852 0.147398
0.292404 0.455444 0.302296 1 0.225829 1 0.292596 0.28414 0.457568 1.65581e-60 0.228351 1 0.227017 0.285568 0.254577 0.225385 0.224965 0.294174 0.679177 0.45326 0.455876 1.474e-52 0.290069 0.225849 0.300376
0.149566 0.470231 0.148476 0 0.174835 0 0.149679 0.145091 0.504248 1 0.176925 0 0.17582 0.145871 0.166628 0.174467 0.17412 0.150609 0.294068 0.468035 0.470666 1 0.148194 0.174852 0.147398
0.292404 0.455444 0.302296 1 0.225829 1 0.292596 0.28414 0.457568 3.80896e-61 0.228351 1 0.227017 0.285568 0.254577 0.225385 0.224965 0.294174 0.679177 0.45326 0.455876 4.12603e-53 0.290069 0.225849 0.300376
0.149566 0.470231 0.148476 0 0.174835 0 0.149679 0.145091 0.504248 1 0.176925 0 0.17582 0.145871 0.166628 0.174467 0.17412 0.150609 0.294068 0.468035 0.470666 1 0.148194 0.174852 0.147398
0.292404 0.455444 0.302296 1 0.225829 1 0.292596 0.28414 0.457568 8.76199e-62 0.228351 1 0.227017 0.285568 0.254577 0.225385 0.224965 0.294174 0.679177 0.45326 0.455876 1.15497e-53 0.290069 0.225849 0.300376
0.149566 0.470231 0.148476 0 0.174835 0 0.149679 0.145091 0.504248 1 0.176925 0 0.17582 0.145871 0.166628 0.174467 0.17412 0.150609 0.294068 0.468035 0.470666 1 0.148194 0.174852 0.147398
0.292404 0.455444 0.302296 1 0.225829 1 0.292596 0.28414 0.457568 2.01558e-62 0.228351 1 0.227017 0.285568 0.254577 0.225385 0.224965 0.294174 0.679177 0.45326 0.455876 3.233e-54 0.290069 0.225849 0.300376
0.149566 0.470231 0.148476 0 0.174835 0 0.149679 0.145091 0.504248 1 0.176925 0 0.17582 0.145871 0.166628 0.174467 0.17412 0.150609 0.294068 0.468035 0.470666 1 0.148194 0.174852 0.147398
0.292404 0.455444 0.302296 1 0.225829 1 0.292596 0.28414 0.457568 4.63656e-63 0.228351 1 0.227017 0.285568 0.254577 0.225385 0.224965 0.294174 0.679177 0.45326 0.455876 9.04986e-55 0.290069 0.225849 0.300376
0.149566 0.470231 0.148476 0 0.174835 0 0.149679 0.145091 0.504248 1 0.176925 0 0.17582 0.145871 0.166628 0.174467 0.17412 0.150609 0.294068 0.468035 0.470666 1 0.148194 0.174852 0.147398
0.292404 0.455444 0.302296 1 0.225829 1 0.292596 0.28414 0.457568 1.06658e-63 0.228351 1 0.227017 0.285568 0.254577 0.225385 0.224965 0.294174 0.679177 0.45326 0.455876 2.53325e-55 0.290069 0.225849 0.300376
0.149566 0.470231 0.148476 0 0.174835 0 0.149679 0.145091 0.504248 1 0.176925 0 0.17582 0.145871 0.166628 0.174467 0.17412 0.150609 0.294068 0.468035 0.470666 1 0.148194 0.174852 0.147398
0.292404 0.455444 0.302296 1 0.225829 1 0.292596 0.28414 0.457568 2.45351e-64 0.228351 1 0.227017 0.285568 0.254577 0.225385 0.224965 0.294174 0.679177 0.45326 0.455876 7.09112e-56 0.290069 0.225849 0.300376
0.149566 0.470231 0.148476 0 0.174835 0 0.149679 0.145091 0.504248 1 0.176925 0 0.17582 0.145871 0.166628 0.174467 0.17412 0.150609 0.294068 0.468035 0.470666 1 0.148194 0.174852 0.147398
0.292404 0.455444 0.302296 1 0.225829 1 0.292596 0.28414 0.457568 5.64397e-65 0.228351 1 0.227017 0.285568 0.254577 0.225385 0.224965 0.294174 0.679177 0.45326 0.455876 1.98496e-56 0.290069 0.225849 0.300376
0.149566 0.470231 0.148476 0 0.174835 0 0.149679 0.145091 0.504248 1 0.176925 0 0.17582 0.145871 0.166628 0.174467 0.17412 0.150609 0.294068 0.468035 0.470666 1 0.148194 0.174852 0.147398
0.292404 0.455444 0.302296 1 0.225829 1 0.292596 0.28414 0.457568 1.29832e-65 0.228351 1 0.227017 0.285568 0.254577 0.225385 0.224965 0.294174 0.679177 0.45326 0.455876 5.55633e-57 0.290069 0.225849 0.300376
0.149566 0.470231 0.148476 0 0.174835 0 0.149679 0.145091 0.504248 1 0.176925 0 0.17582 0.145871 0.166628 0.174467 0.17412 0.150609 0.294068 0.468035 0.470666 1 0.148194 0.174852 0.147398
0.292404 0.455444 0.302296 1 0.225829 1 0.292596 0.28414 0.457568 2.9866e-66 0.228351 1 0.227017 0.285568 0.254577 0.225385 0.224965 0.294174 0.679177 0.45326 0.455876 1.55534e-57 0.290069 0.225849 0.300376
0.149566 0.470231 0.148476 0 0.174835 0 0.149679 0.145091 0.504248 1 0.176925 0 0.17582 0.145871 0.166628 0.174467 0.17412 0.150609 0.294068 0.468035 0.470666 1 0.148194 0.174852 0.147398
0.292404 0.455444 0.302296 1 0.225829 1 0.292596 0.28414 0.457568 6.87026e-67 0.228351 1 0.227017 0.285568 0.254577 0.225385 0.224965 0.294174 0.679177 0.45326 0.455876 4.35372e-58 0.290069 0.225849 0.300376
0.149566 0.470231 0.148476 0 0.174835 0 0.149679 0.145091 0.504248 1 0.176925 0 0.17582 0.145871 0.166628 0.174467 0.17412 0.150609 0.294068 0.468035 0.470666 1 0.148194 0.174852 0.147398
0.292404 0.455444 0.302296 1 0.225829 1 0.292596 0.28414 0.457568 1.58041e-67 0.228351 1 0.227017 0.285568 0.254577 0.225385 0.224965 0.294174 0.679177 0.45326 0.455876 1.2187e-58 0.290069 0.225849 0.300376
0.149566 0.470231 0.148476 0 0.174835 0 0.149679 0.145091 0.504248 1 0.176925 0 0.17582 0.145871 0.166628 0.174467 0.17412 0.150609 0.294068 0.468035 0.470666 1 0.148194 0.174852 0.147398
0.292404 0.455444 0.302296 1 0.225829 1 0.292596 0.28414 0.457568 3.63551e-68 0.228351 1 0.227017 0.285568 0.254577 0.225385 0.224965 0.294174 0.679177 0.45326 0.455876 3.41141e-59 0.290069 0.225849 0.300376
0.149566 0.470231 0.148476 0 0.174835 0 0.149679 0.145091 0.504248 1 0.176925 0 0.17582 0.145871 0.166628 0.174467 0.17412 0.150609 0.294068 0.468035 0.470666 1 0.148194 0.174852 0.147398
0.292404 0.455444 0.302296 1 0.225829 1 0.292596 0.28414 0.457568 8.363e-69 0.228351 1 0.227017 0.285568 0.254577 0.225385 0.224965 0.294174 0.679177 0.45326 0.455876 9.54926e-60 0.290069 0.225849 0.300376
0.149566 0.470231 0.148476 0 0.174835 0 0.149679 0.145091 0.504248 1 0.176925 0 0.17582 0.145871 0.166628 0.174467 0.17412 0.150609 0.294068 0.468035 0.470666 1 0.148194 0.174852 0.147398
0.292404 0.455444 0.302296 1 0.225829 1 0.292596 0.28414 0.457568 1.92379e-69 0.228351 1 0.227017 0.285568 0.254577 0.225385 0.224965 0.294174 0.679177 0.45326 0.455876 2.67304e-60 0.290069 0.225849 0.300376
0.149566 0.470231 0.148476 0 0.174835 0 0.149679 0.145091 0.504248 1 0.176925 0 0.17582 0.145871 0.166628 0.174467 0.17412 0.150609 0.294068 0.468035 0.470666 1 0.148194 0.174852 0.147398
0.292404 0.455444 0.302296 1 0.225829 1 0.292596 0.28414 0.457568 4.42542e-70 0.228351 1 0.227017 0.285568 0.254577 0.225385 0.224965 0.294174 0.679177 0.45326 0.455876 7.48243e-61 0.290069 0.225849 0.300376
0.149566 0.470231 0.148476 0 0.174835 0 0.149679 0.145091 0.504248 1 0.176925 0 0.17582 0.145871 0.166628 0.174467 0.17412 0.150609 0.294068 0.468035 0.470666 1 0.148194 0.174852 0.147398
0.292404 0.455444 0.302296 1 0.225829 1 0.292596 0.28414 0.457568 1.01801e-70 0.228351 1 0.227017 0.285568 0.254577 0.225385 0.224965 0.294174 0.679177 0.45326 0.455876 2.09449e-61 0.290069 0.225849 0.300376
0.149566 0.470231 0.148476 0 0.174835 0 0.149679 0.145091 0.504248 1 0.176925 0 0.17582 0.145871 0.166628 0.174467 0.17412 0.150609 0.294068 0.468035 0.470666 1 0.148194 0.174852 0.147398
0.292404 0.455444 0.302296 1 0.225829 1 0.292596 0.28414 0.457568 2.34179e-71 0.228351 1 0.227017 0.285568 0.254577 0.225385 0.224965 0.294174 0.679177 0.45326 0.455876 5.86294e-62 0.290069 0.225849 0.300376
0.149566 0.470231 0.148476 0 0.174835 0 0.149679 0.145091 0.504248 1 0.176925 0 0.17582 0.145871 0.166628 0.174467 0.17412 0.150609 0.294068 0.468035 0.470666 1 0.148194 0.174852 0.147398
0.292404 0.455444 0.302296 1 0.225829 1 0.292596 0.28414 0.457568 5.38695e-72 0.228351 1 0.227017 0.285568 0.254577 0.225385 0.224965 0.294174 0.679177 0.45326 0.455876 1.64116e-62 0.290069 0.225849 0.300376
0.149566 0.470231 0.148476 0 0.174835 0 0.149679 0.145091 0.504248 1 0.176925 0 0.17582 0.145871 0.166628 0.174467 0.17412 0.150609 0.294068 0.468035 0.470666 1 0.148194 0.174852 0.147398
0.292404 0.455444 0.302296 1 0.225829 1 0.292596 0.28414 0.457568 1.23919e-72 0.228351 1 0.227017 0.285568 0.254577 0.225385 0.224965 0.294174 0.679177 0.45326 0.455876 4.59397e-63 0.290069 0.225849 0.300376
0.149566 0.470231 0.148476 0 0.174835 0 0.149679 0.145091 0.504248 1 0.176925 0 0.17582 0.145871 0.166628 0.174467 0.17412 0.150609 0.294068 0.468035 0.470666 1 0.148194 0.174852 0.147398
0.292404 0.455444 0.302296 1 0.225829 1 0.292596 0.28414 0.457568 2.8506e-73 0.228351 1 0.227017 0.285568 0.254577 0.225385 0.224965 0.294174 0.679177 0.45326 0.455876 1.28595e-63 0.290069 0.225849 0.300376
0.149566 0.470231 0.148476 0 0.174835 0 0.149679 0.145091 0.504248 1 0.176925 0 0.17582 0.145871 0.166628 0.174467 0.17412 0.150609 0.294068 0.468035 0.470666 1 0.148194 0.174852 0.147398
0.292404 0.455444 0.302296 1 0.225829 1 0.292596 0.28414 0.457568 6.55741e-74 0.228351 1 0.227017 0.285568 0.254577 0.225385 0.224965 0.294174 0.679177 0.45326 0.455876 3.59966e-64 0.290069 0.225849 0.300376
0.149566 0.470231 0.148476 0 0.174835 0 0.149679 0.145091 0.504248 1 0.176925 0 0.17582 0.145871 0.166628 0.174467 0.17412 0.150609 0.294068 0.468035 0.470666 1 0.148194 0.174852 0.147398
0.292404 0.455444 0.302296 1 0.225829 1 0.292596 0.28414 0.457568 1.50844e-74 0.228351 1 0.227017 0.285568 0.254577 0.225385 0.224965 0.294174 0.679177 0.45326 0.455876 1.00762e-64 0.290069 0.225849 0.300376
0.149566 0.470231 0.148476 0 0.174835 0 0.149679 0.145091 0.504248 1 0.176925 0 0.17582 0.145871 0.166628 0.174467 0.17412 0.150609 0.294068 0.468035 0.470666 1 0.148194 0.174852 0.147398
0.292404 0.455444 0.302296 1 0.225829 1 0.292596 0.28414 0.457568 3.46996e-75 0.228351 1 0.227017 0.285568 0.254577 0.225385 0.224965 0.294174 0.679177 0.45326 0.455876 2.82055e-65 0.290069 0.225849 0.300376
0.149566 0.470231 0.148476 0 0.174835 0 0.149679 0.145091 0.504248 1 0.176925 0 0.17582 0.145871 0.166628 0.174467 0.17412 0.150609 0.294068 0.468035 0.470666 1 0.148194 0.174852 0.147398
0.292404 0.455444 0.302296 1 0.225829 1 0.292596 0.28414 0.457568 7.98217e-76 0.228351 1 0.227017 0.285568 0.254577 0.225385 0.224965 0.294174 0.679177 0.45326 0.455876 7.89533e-66 0.290069 0.225849 0.300376
0.149566 0.470231 0.148476 0 0.174835 0 0.149679 0.145091 0.504248 1 0.176925 0 0.17582 0.145871 0.166628 0.174467 0.17412 0.150609 0.294068 0.468035 0.470666 1 0.148194 0.174852 0.147398
0.292404 0.455444 0.302296 1 0.225829 1 0.292596 0.28414 0.457568 1.83619e-76 0.228351 1 0.227017 0.285568 0.254577 0.225385 0.224965 0.294174 0.679177 0.45326 0.455876 2.21007e-66 0.290069 0.225849 0.300376
0.149566 0.470231 0.148476 0 0.174835 0 0.149679 0.145091 0.504248 1 0.176925 0 0.17582 0.145871 0.166628 0.174467 0.17412 0.150609 0.294068 0.468035 0.470666 1 0.148194 0.174852 0.147398
0.292404 0.455444 0.302296 1 0.225829 1 0.292596 0.28414 0.457568 4.2239e-77 0.228351 1 0.227017 0.285568 0.254577 0.225385 0.224965 0.294174 0.679177 0.45326 0.455876 6.18648e-67 0.290069 0.225849 0.300376
0.149566 0.470231 0.148476 0 0.174835 0 0.149679 0.145091 0.504248 1 0.176925 0 0.17582 0.145871 0.166628 0.174467 0.17412 0.150609 0.294068 0.468035 0.470666 1 0.148194 0.174852 0.147398
0.292404 0.455444 0.302296 1 0.225829 1 0.292596 0.28414 0.457568 9.7165e-78 0.228351 1 0.227017 0.285568 0.254577 0.225385 0.224965 0.294174 0.679177 0.45326 0.455876 1.73173e-67 0.290069 0.225849 0.300376
0.149566 0.470231 0.148476 0 0.174835 0 0.149679 0.145091 0.504248 1 0.176925 0 0.17582 0.145871 0.166628 0.174467 0.17412 0.150609 0.294068 0.468035 0.470666 1 0.148194 0.174852 0.147398
0.292404 0.455444 0.302296 1 0.225829 1 0.292596 0.28414 0.457568 2.23515e-78 0.228351 1 0.227017 0.285568 0.254577 0.225385 0.224965 0.294174 0.679177 0.45326 0.455876 4.84748e-68 0.290069 0.225849 0.300376
0.149566 0.470231 0.148476 0 0.174835 0 0.149679 0.145091 0.504248 1 0.176925 0 0.17582 0.145871 0.166628 0.174467 0.17412 0.150609 0.294068 0.468035 0.470666 1 0.148194 0.174852 0.147398
0.292404 0.455444 0.302296 1 0.225829 1 0.292596 0.28414 0.457568 5.14165e-79 0.228351 1 0.227017 0.285568 0.254577 0.225385 0.224965 0.294174 0.679177 0.45326 0.455876 1.35691e-68 0.290069 0.225849 0.300376
0.149566 0.470231 0.148476 0 0.174835 0 0.149679 0.145091 0.504248 1 0.176925 0 0.17582 0.145871 0.166628 0.174467 0.17412 0.150609 0.294068 0.468035 0.470666 1 0.148194 0.174852 0.147398
0.292404 0.455444 0.302296 1 0.225829 1 0.292596 0.28414 0.457568 1.18277e-79 0.228351 1 0.227017 0.285568 0.254577 0.225385 0.224965 0.294174 0.679177 0.45326 0.455876 3.7983e-69 0.290069 0.225849 0.300376
0.149566 0.470231 0.148476 0 0.174835 0 0.149679 0.145091 0.504248 1 0.176925 0 0.17582 0.145871 0.166628 0.174467 0.17412 0.150609 0.294068 0.468035 0.470666 1 0.148194 0.174852 0.147398
0.292404 0.455444 0.302296 1 0.225829 1 0.292596 0.28414 0.457568 2.72079e-80 0.228351 1 0.227017 0.285568 0.254577 0.225385 0.224965 0.294174 0.679177 0.45326 0.455876 1.06323e-69 0.290069 0.225849 0.300376
0.149566 0.470231 0.148476 0 0.174835 0 0.149679 0.145091 0.504248 1 0.176925 0 0.17582 0.145871 0.166628 0.174467 0.17412 0.150609 0.294068 0.468035 0.470666 1 0.148194 0.174852 0.147398
0.292404 0.455444 0.302296 1 0.225829 1 0.292596 0.28414 0.457568 6.2588e-81 0.228351 1 0.227017 0.285568 0.254577 0.225385 0.224965 0.294174 0.679177 0.45326 0.455876 2.9762e-70 0.290069 0.225849 0.300376
0.149566 0.470231 0.148476 0 0.174835 0 0.149679 0.145091 0.504248 1 0.176925 0 0.17582 0.145871 0.166628 0.174467 0.17412 0.150609 0.294068 0.468035 0.470666 1 0.148194 0.174852 0.147398
0.292404 0.455444 0.302296 1 0.225829 1 0.292596 0.28414 0.457568 1.43975e-81 0.228351 1 0.227017 0.285568 0.254577 0.225385 0.224965 0.294174 0.679177 0.45326 0.455876 8.33102e-71 0.290069 0.225849 0.300376
0.149566 0.470231 0.148476 0 0.174835 0 0.149679 0.145091 0.504248 1 0.176925 0 0.17582 0.145871 0.166628 0.174467 0.17412 0.150609 0.294068 0.468035 0.470666 1 0.148194 0.174852 0.147398
0.292404 0.455444 0.302296 1 0.225829 1 0.292596 0.28414 0.457568 3.31195e-82 0.228351 1 0.227017 0.285568 0.254577 0.225385 0.224965 0.294174 0.679177 0.45326 0.455876 2.33203e-71 0.290069 0.225849 0.300376
0.149566 0.470231 0.148476 0 0.174835 0 0.149679 0.145091 0.504248 1 0.176925 0 0.17582 0.145871 0.166628 0.174467 0.17412 0.150609 0.294068 0.468035 0.470666 1 0.148194 0.174852 0.147398
0.292404 0.455444 0.302296 1 0.225829 1 0.292596 0.28414 0.457568 7.61868e-83 0.228351 1 0.227017 0.285568 0.254577 0.225385 0.224965 0.294174 0.679177 0.45326 0.455876 6.52787e-72 0.290069 0.225849 0.300376
0.149566 0.470231 0.148476 0 0.174835 0 0.149679 0.145091 0.504248 1 0.176925 0 0.17582 0.145871 0.166628 0.174467 0.17412 0.150609 0.294068 0.468035 0.470666 1 0.148194 0.174852 0.147398
0.292404 0.455444 0.302296 1 0.225829 1 0.292596 0.28414 0.457568 1.75257e-83 0.228351 1 0.227017 0.285568 0.254577 0.225385 0.224965 0.294174 0.679177 0.45326 0.455876 1.82729e-72 0.290069 0.225849 0.300376
0.149566 0.470231 0.148476 0 0.174835 0 0.149679 0.145091 0.504248 1 0.176925 0 0.17582 0.145871 0.166628 0.174467 0.17412 0.150609 0.294068 0.468035 0.470666 1 0.148194 0.174852 0.147398
0.292404 0.455444 0.302296 1 0.225829 1 0.292596 0.28414 0.457568 4.03155e-84 0.228351 1 0.227017 0.285568 0.254577 0.225385 0.224965 0.294174 0.679177 0.45326 0.455876 5.11498e-73 0.290069 0.225849 0.300376
0.149566 0.470231 0.148476 0 0.174835 0 0.149679 0.145091 0.504248 1 0.176925 0 0.17582 0.145871 0.166628 0.174467 0.17412 0.150609 0.294068 0.468035 0.470666 1 0.148194 0.174852 0.147398
0.292404 0.455444 0.302296 1 0.225829 1 0.292596 0.28414 0.457568 9.27404e-85 0.228351 1 0.227017 0.285568 0.254577 0.225385 0.224965 0.294174 0.679177 0.45326 0.455876 1.43179e-73 0.290069 0.225849 0.300376
0.149566 0.470231 0.148476 0 0.174835 0 0.149679 0.145091 0.504248 1 0.176925 0 0.17582 0.145871 0.166628 0.174467 0.17412 0.150609 0.294068 0.468035 0.470666 1 0.148194 0.174852 0.147398
0.292404 0.455444 0.302296 1 0.225829 1 0.292596 0.28414 0.457568 2.13336e-85 0.228351 1 0.227017 0.285568 0.254577 0.225385 0.224965 0.294174 0.679177 0.45326 0.455876 4.0079e-74 0.290069 0.225849 0.300376
0.149566 0.470231 0.148476 0 0.174835 0 0.149679 0.145091 0.504248 1 0.176925 0 0.17582 0.145871 0.166628 0.174467 0.17412 0.150609 0.294068 0.468035 0.470666 1 0.148194 0.174852 0.147398
0.292404 0.455444 0.302296 1 0.225829 1 0.292596 0.28414 0.457568 4.90751e-86 0.228351 1 0.227017 0.285568 0.254577 0.225385 0.224965 0.294174 0.679177 0.45326 0.455876 1.1219e-74 0.290069 0.225849 0.300376
0.149566 0.470231 0.148476 0 0.174835 0 0.149679 0.145091 0.504248 1 0.176925 0 0.17582 0.145871 0.166628 0.174467 0.17412 0.150609 0.294068 0.468035 0.470666 1 0.148194 0.174852 0.147398
0.292404 0.455444 0.302296 1 0.225829 1 0.292596 0.28414 0.457568 1.12891e-86 0.228351 1 0.227017 0.285568 0.254577 0.225385 0.224965 0.294174 0.679177 0.45326 0.455876 3.14043e-75 0.290069 0.225849 0.300376
0.149566 0.470231 0.148476 0 0.174835 0 0.149679 0.145091 0.504248 1 0.176925 0 0.17582 0.145871 0.166628 0.174467 0.17412 0.150609 0.294068 0.468035 0.470666 1 0.148194 0.174852 0.147398
0.292404 0.455444 0.302296 1 0.225829 1 0.292596 0.28414 0.457568 2.59689e-87 0.228351 1 0.227017 0.285568 0.254577 0.225385 0.224965 0.294174 0.679177 0.45326 0.455876 8.79075e-76 0.290069 0.225849 0.300376
0.149566 0.470231 0.148476 0 0.174835 0 0.149679 0.145091 0.504248 1 0.176925 0 0.17582 0.145871 0.166628 0.174467 0.17412 0.150609 0.294068 0.468035 0.470666 1 0.148194 0.174852 0.147398
0.292404 0.455444 0.302296 1 0.225829 1 0.292596 0.28414 0.457568 5.97379e-88 0.228351 1 0.227017 0.285568 0.254577 0.225385 0.224965 0.294174 0.679177 0.45326 0.455876 2.46072e-76 0.290069 0.225849 0.300376
0.149566 0.470231 0.148476 0 0.174835 0 0.149679 0.145091 0.504248 1 0.176925 0 0.17582 0.145871 0.166628 0.174467 0.17412 0.150609 0.294068 0.468035 0.470666 1 0.148194 0.174852 0.147398
0.292404 0.455444 0.302296 1 0.225829 1 0.292596 0.28414 0.457568 1.37419e-88 0.228351 1 0.227017 0.285568 0.254577 0.225385 0.224965 0.294174 0.679177 0.45326 0.455876 6.88809e-77 0.290069 0.225849 0.300376
0.149566 0.470231 0.148476 0 0.174835 0 0.149679 0.145091 0.504248 1 0.176925 0 0.17582 0.145871 0.166628 0.174467 0.17412 0.150609 0.294068 0.468035 0.470666 1 0.148194 0.174852 0.147398
0.292404 0.455444 0.302296 1 0.225829 1 0.292596 0.28414 0.457568 3.16113e-89 0.228351 1 0.227017 0.285568 0.254577 0.225385 0.224965 0.294174 0.679177 0.45326 0.455876 1.92813e-77 0.290069 0.225849 0.300376
0.149566 0.470231 0.148476 0 0.174835 0 0.149679 0.145091 0.504248 1 0.176925 0 0.17582 0.145871 0.166628 0.174467 0.17412 0.150609 0.294068 0.468035 0.470666 1 0.148194 0.174852 0.147398
0.292404 0.455444 0.302296 1 0.225829 1 0.292596 0.28414 0.457568 7.27175e-90 0.228351 1 0.227017 0.285568 0.254577 0.225385 0.224965 0.294174 0.679177 0.45326 0.455876 5.39724e-78 0.290069 0.225849 0.300376
0.149566 0.470231 0.148476 0 0.174835 0 0.149679 0.145091 0.504248 1 0.176925 0 0.17582 0.145871 0.166628 0.174467 0.17412 0.150609 0.294068 0.468035 0.470666 1 0.148194 0.174852 0.147398
0.292404 0.455444 0.302296 1 0.225829 1 0.292596 0.28414 0.457568 1.67277e-90 0.228351 1 0.227017 0.285568 0.254577 0.225385 0.224965 0.294174 0.679177 0.45326 0.455876 1.5108e-78 0.290069 0.225849 0.300376
0.149566 0.470231 0.148476 0 0.174835 0 0.149679 0.145091 0.504248 1 0.176925 0 0.17582 0.145871 0.166628 0.174467 0.17412 0.150609 0.294068 0.468035 0.470666 1 0.148194 0.174852 0.147398
0.292404 0.455444 0.302296 1 0.225829 1 0.292596 0.28414 0.457568 3.84797e-91 0.228351 1 0.227017 0.285568 0.254577 0.225385 0.224965 0.294174 0.679177 0.45326 0.455876 4.22907e-79 0.290069 0.225849 0.300376
0.149566 0.470231 0.148476 0 0.174835 0 0.149679 0.145091 0.504248 1 0.176925 0 0.17582 0.145871 0.166628 0.174467 0.17412 0.150609 0.294068 0.468035 0.470666 1 0.148194 0.174852 0.147398
0.292404 0.455444 0.302296 1 0.225829 1 0.292596 0.28414 0.457568 8.85172e-92 0.228351 1 0.227017 0.285568 0.254577 0.225385 0.224965 0.294174 0.679177 0.45326 0.455876 1.18381e-79 0.290069 0.225849 0.300376
0.149566 0.470231 0.148476 0 0.174835 0 0.149679 0.145091 0.504248 1 0.176925 0 0.17582 0.145871 0.166628 0.174467 0.17412 0.150609 0.294068 0.468035 0.470666 1 0.148194 0.174852 0.147398
0.292404 0.455444 0.302296 1 0.225829 1 0.292596 0.28414 0.457568 2.03622e-92 0.228351 1 0.227017 0.285568 0.254577 0.225385 0.224965 0.294174 0.679177 0.45326 0.455876 3.31373e-80 0.290069 0.225849 0.300376
0.149566 0.470231 0.148476 0 0.174835 0 0.149679 0.145091 0.504248 1 0.176925 0 0.17582 0.145871 0.166628 0.174467 0.17412 0.150609 0.294068 0.468035 0.470666 1 0.148194 0.174852 0.147398
0.292404 0.455444 0.302296 1 0.225829 1 0.292596 0.28414 0.457568 4.68404e-93 0.228351 1 0.227017 0.285568 0.254577 0.225385 0.224965 0.294174 0.679177 0.45326 0.455876 9.27586e-81 0.290069 0.225849 0.300376
0.149566 0.470231 0.148476 0 0.174835 0 0.149679 0.145091 0.504248 1 0.176925 0 0.17582 0.145871 0.166628 0.174467 0.17412 0.150609 0.294068 0.468035 0.470666 1 0.148194 0.174852 0.147398
0.292404 0.455444 0.302296 1 0.225829 1 0.292596 0.28414 0.457568 1.0775e-93 0.228351 1 0.227017 0.285568 0.254577 0.225385 0.224965 0.294174 0.679177 0.45326 0.455876 2.59651e-81 0.290069 0.225849 0.300376
0.149566 0.470231 0.148476 0 0.174835 0 0.149679 0.145091 0.504248 1 0.176925 0 0.17582 0.145871 0.166628 0.174467 0.17412 0.150609 0.294068 0.468035 0.470666 1 0.148194 0.174852 0.147398
0.292404 0.455444 0.302296 1 0.225829 1 0.292596 0.28414 0.457568 2.47864e-94 0.228351 1 0.227017 0.285568 0.254577 0.225385 0.224965 0.294174 0.679177 0.45326 0.455876 7.2682e-82 0.290069 0.225849 0.300376
0.149566 0.470231 0.148476 0 0.174835 0 0.149679 0.145091 0.504248 1 0.176925 0 0.17582 0.145871 0.166628 0.174467 0.17412 0.150609 0.294068 0.468035 0.470666 1 0.148194 0.174852 0.147398
0.292404 0.455444 0.302296 1 0.225829 1 0.292596 0.28414 0.457568 5.70176e-95 0.228351 1 0.227017 0.285568 0.254577 0.225385 0.224965 0.294174 0.679177 0.45326 0.455876 2.03453e-82 0.290069 0.225849 0.300376
0.149566 0.470231 0.148476 0 0.174835 0 0.149679 0.145091 0.504248 1 0.176925 0 0.17582 0.145871 0.166628 0.174467 0.17412 0.150609 0.294068 0.468035 0.470666 1 0.148194 0.174852 0.147398
0.292404 0.455444 0.302296 1 0.225829 1 0.292596 0.28414 0.457568 1.31161e-95 0.228351 1 0.227017 0.285568 0.254577 0.225385 0.224965 0.294174 0.679177 0.45326 0.455876 5.69508e-83 0.290069 0.225849 0.300376
0.149566 0.470231 0.148476 0 0.174835 0 0.149679 0.145091 0.504248 1 0.176925 0 0.17582 0.145871 0.166628 0.174467 0.17412 0.150609 0.294068 0.468035 0.470666 1 0.148194 0.174852 0.147398
0.292404 0.455444 0.302296 1 0.225829 1 0.292596 0.28414 0.457568 3.01718e-96 0.228351 1 0.227017 0.285568 0.254577 0.225385 0.224965 0.294174 0.679177 0.45326 0.455876 1.59418e-83 0.290069 0.225849 0.300376
0.149566 0.470231 0.148476 0 0.174835 0 0.149679 0.145091 0.504248 1 0.176925 0 0.17582 0.145871 0.166628 0.174467 0.17412 0.150609 0.294068 0.468035 0.470666 1 0.148194 0.174852 0.147398
0.292404 0.455444 0.302296 1 0.225829 1 0.292596 0.28414 0.457568 6.94062e-97 0.228351 1 0.227017 0.285568 0.254577 0.225385 0.224965 0.294174 0.679177 0.45326 0.455876 4.46244e-84 0.290069 0.225849 0.300376
0.149566 0.470231 0.148476 0 0.174835 0 0.149679 0.145091 0.504248 1 0.176925 0 0.17582 0.145871 0.166628 0.174467 0.17412 0.150609 0.294068 0.468035 0.470666 1 0.148194 0.174852 0.147398
0.292404 0.455444 0.302296 1 0.225829 1 0.292596 0.28414 0.457568 1.59659e-97 0.228351 1 0.227017 0.285568 0.254577 0.225385 0.224965 0.294174 0.679177 0.45326 0.455876 1.24913e-84 0.290069 0.225849 0.300376
0.149566 0.470231 0.148476 0 0.174835 0 0.149679 0.145091 0.504248 1 0.176925 0 0.17582 0.145871 0.166628 0.174467 0.17412 0.150609 0.294068 0.468035 0.470666 1 0.148194 0.174852 0.147398
0.292404 0.455444 0.302296 1 0.225829 1 0.292596 0.28414 0.457568 3.67274e-98 0.228351 1 0.227017 0.285568 0.254577 0.225385 0.224965 0.294174 0.679177 0.45326 0.455876 3.4966e-85 0.290069 0.225849 0.300376
0.149566 0.470231 0.148476 0 0.174835 0 0.149679 0.145091 0.504248 1 0.176925 0 0.17582 0.145871 0.166628 0.174467 0.17412 0.150609 0.294068 0.468035 0.470666 1 0.148194 0.174852 0.147398
0.292404 0.455444 0.302296 1 0.225829 1 0.292596 0.28414 0.457568 8.44864e-99 0.228351 1 0.227017 0.285568 0.254577 0.225385 0.224965 0.294174 0.679177 0.45326 0.455876 9.78773e-86 0.290069 0.225849 0.300376
0.149566 0.470231 0.148476 0 0.174835 0 0.149679 0.145091 0.504248 1 0.176925 0 0.17582 0.145871 0.166628 0.174467 0.17412 0.150609 0.294068 0.468035 0.470666 1 0.148194 0.174852 0.147398
0.292404 0.455444 0.302296 1 0.225829 1 0.292596 0.28414 0.457568 1.94349e-99 0.228351 1 0.227017 0.285568 0.254577 0.225385 0.224965 0.294174 0.679177 0.45326 0.455876 2.7398e-86 0.290069 0.225849 0.300376
0.149566 0.470231 0.148476 0 0.174835 0 0.149679 0.145091 0.504248 1 0.176925 0 0.17582 0.145871 0.166628 0.174467 0.17412 0.150609 0.294068 0.468035 0.470666 1 0.148194 0.174852 0.147398
0.292404 0.455444 0.302296 1 0.225829 1 0.292596 0.28414 0.457568 4.47074e-100 0.228351 1 0.227017 0.285568 0.254577 0.225385 0.224965 0.294174 0.679177 0.45326 0.455876 7.66928e-87 0.290069 0.225849 0.300376
0.149566 0.470231 0.148476 0 0.174835 0 0.149679 0.145091 0.504248 1 0.176925 0 0.17582 0.145871 0.166628 0.174467 0.17412 0.150609 0.294068 0.468035 0.470666 1 0.148194 0.174852 0.147398
0.292404 0.455444 0.302296 1 0.225829 1 0.292596 0.28414 0.457568 1.02843e-100 0.228351 1 0.227017 0.285568 0.254577 0.225385 0.224965 0.294174 0.679177 0.45326 0.455876 2.1468e-87 0.290069 0.225849 0.300376
0.149566 0.470231 0.148476 0 0.174835 0 0.149679 0.145091 0.504248 1 0.176925 0 0.17582 0.145871 0.166628 0.174467 0.17412 0.150609 0.294068 0.468035 0.470666 1 0.148194 0.174852 0.147398
0.292404 0.455444 0.302296 1 0.225829 1 0.292596 0.28414 0.457568 2.36577e-101 0.228351 1 0.227017 0.285568 0.254577 0.225385 0.224965 0.294174 0.679177 0.45326 0.455876 6.00935e-88 0.290069 0.225849 0.300376
0.149566 0.470231 0.148476 0 0.174835 0 0.149679 0.145091 0.504248 1 0.176925 0 0.17582 0.145871 0.166628 0.174467 0.17412 0.150609 0.294068 0.468035 0.470666 1 0.148194 0.174852 0.147398
0.292404 0.455444 0.302296 1 0.225829 1 0.292596 0.28414 0.457568 5.44212e-102 0.228351 1 0.227017 0.285568 0.254577 0.225385 0.224965 0.294174 0.679177 0.45326 0.455876 1.68215e-88 0.290069 0.225849 0.300376
0.149566 0.470231 0.148476 0 0.174835 0 0.149679 0.145091 0.504248 1 0.176925 0 0.17582 0.145871 0.166628 0.174467 0.17412 0.150609 0.294068 0.468035 0.470666 1 0.148194 0.174852 0.147398
0.292404 0.455444 0.302296 1 0.225829 1 0.292596 0.28414 0.457568 1.25189e-102 0.228351 1 0.227017 0.285568 0.254577 0.225385 0.224965 0.294174 0.679177 0.45326 0.455876 4.70869e-89 0.290069 0.225849 0.300376
0.149566 0.470231 0.148476 0 0.174835 0 0.149679 0.145091 0.504248 1 0.176925 0 0.17582 0.145871 0.166628 0.174467 0.17412 0.150609 0.294068 0.468035 0.470666 1 0.148194 0.174852 0.147398
0.292404 0.455444 0.302296 1 0.225829 1 0.292596 0.28414 0.457568 2.87979e-103 0.228351 1 0.227017 0.285568 0.254577 0.225385 0.224965 0.294174 0.679177 0.45326 0.455876 1.31807e-89 0.290069 0.225849 0.300376
0.149566 0.470231 0.148476 0 0.174835 0 0.149679 0.145091 0.504248 1 0.176925 0 0.17582 0.145871 0.166628 0.174467 0.17412 0.150609 0.294068 0.468035 0.470666 1 0.148194 0.174852 0.147398
0.292404 0.455444 0.302296 1 0.225829 1 0.292596 0.28414 0.457568 6.62456e-104 0.228351 1 0.227017 0.285568 0.254577 0.225385 0.224965 0.294174 0.679177 0.45326 0.455876 3.68955e-90 0.290069 0.225849 0.300376
0.149566 0.470231 0.148476 0 0.174835 0 0.149679 0.145091 0.504248 1 0.176925 0 0.17582 0.145871 0.166628 0.174467 0.17412 0.150609 0.294068 0.468035 0.470666 1 0.148194 0.174852 0.147398
0.292404 0.455444 0.302296 1 0.225829 1 0.292596 0.28414 0.457568 1.52389e-104 0.228351 1 0.227017 0.285568 0.254577 0.225385 0.224965 0.294174 0.679177 0.45326 0.455876 1.03278e-90 0.290069 0.225849 0.300376
0.149566 0.470231 0.148476 0 0.174835 0 0.149679 0.145091 0.504248 1 0.176925 0 0.17582 0.145871 0.166628 0.174467 0.17412 0.150609 0.294068 0.468035 0.470666 1 0.148194 0.174852 0.147398
0.292404 0.455444 0.302296 1 0.225829 1 0.292596 0.28414 0.457568 3.5055e-105 0.228351 1 0.227017 0.285568 0.254577 0.225385 0.224965 0.294174 0.679177 0.45326 0.455876 2.89099e-91 0.290069 0.225849 0.300376
0.149566 0.470231 0.148476 0 0.174835 0 0.149679 0.145091 0.504248 1 0.176925 0 0.17582 0.145871 0.166628 0.174467 0.17412 0.150609 0.294068 0.468035 0.470666 1 0.148194 0.174852 0.147398
0.292404 0.455444 0.302296 1 0.225829 1 0.292596 0.28414 0.457568 8.06391e-106 0.228351 1 0.227017 0.285568 0.254577 0.225385 0.224965 0.294174 0.679177 0.45326 0.455876 8.0925e-92 0.290069 0.225849 0.300376
0.149566 0.470231 0.148476 0 0.174835 0 0.149679 0.145091 0.504248 1 0.176925 0 0.17582 0.145871 0.166628 0.174467 0.17412 0.150609 0.294068 0.468035 0.470666 1 0.148194 0.174852 0.147398
0.292404 0.455444 0.302296 1 0.225829 1 0.292596 0.28414 0.457568 1.85499e-106 0.228351 1 0.227017 0.285568 0.254577 0.225385 0.224965 0.294174 0.679177 0.45326 0.455876 2.26526e-92 0.290069 0.225849 0.300376
0.149566 0.470231 0.148476 0 0.174835 0 0.149679 0.145091 0.504248 1 0.176925 0 0.17582 0.145871 0.166628 0.174467 0.17412 0.150609 0.294068 0.468035 0.470666 1 0.148194 0.174852 0.147398
0.292404 0.455444 0.302296 1 0.225829 1 0.292596 0.28414 0.457568 4.26716e-107 0.228351 1 0.227017 0.285568 0.254577 0.225385 0.224965 0.294174 0.679177 0.45326 0.455876 6.34097e-93 0.290069 0.225849 0.300376
0.149566 0.470231 0.148476 0 0.174835 0 0.149679 0.145091 0.504248 1 0.176925 0 0.17582 0.145871 0.166628 0.174467 0.17412 0.150609 0.294068 0.468035 0.470666 1 0.148194 0.174852 0.147398
0.292404 0.455444 0.302296 1 0.225829 1 0.292596 0.28414 0.457568 9.816e-108 0.228351 1 0.227017 0.285568 0.254577 0.225385 0.224965 0.294174 0.679177 0.45326 0.455876 1.77497e-93 0.290069 0.225849 0.300376
0.149566 0.470231 0.148476 0 0.174835 0 0.149679 0.145091 0.504248 1 0.176925 0 0.17582 0.145871 0.166628 0.174467 0.17412 0.150609 0.294068 0.468035 0.470666 1 0.148194 0.174852 0.147398
0.292404 0.455444 0.302296 1 0.225829 1 0.292596 0.28414 0.457568 2.25804e-108 0.228351 1 0.227017 0.285568 0.254577 0.225385 0.224965 0.294174 0.679177 0.45326 0.455876 4.96853e-94 0.290069 0.225849 0.300376
0.149566 0.470231 0.148476 0 0.174835 0 0.149679 0.145091 0.504248 1 0.176925 0 0.17582 0.145871 0.166628 0.174467 0.17412 0.150609 0.294068 0.468035 0.470666 1 0.148194 0.174852 0.147398
0.292404 0.455444 0.302296 1 0.225829 1 0.292596 0.28414 0.457568 5.1943e-109 0.228351 1 0.227017 0.285568 0.254577 0.225385 0.224965 0.294174 0.679177 0.45326 0.455876 1.3908e-94 0.290069 0.225849 0.300376
0.149566 0.470231 0.148476 0 0.174835 0 0.149679 0.145091 0.504248 1 0.176925 0 0.17582 0.145871 0.166628 0.174467 0.17412 0.150609 0.294068 0.468035 0.470666 1 0.148194 0.174852 0.147398
0.292404 0.455444 0.302296 1 0.225829 1 0.292596 0.28414 0.457568 1.19488e-109 0.228351 1 0.227017 0.285568 0.254577 0.225385 0.224965 0.294174 0.679177 0.45326 0.455876 3.89315e-95 0.290069 0.225849 0.300376
0.149566 0.470231 0.148476 0 0.174835 0 0.149679 0.145091 0.504248 1 0.176925 0 0.17582 0.145871 0.166628 0.174467 0.17412 0.150609 0.294068 0.468035 0.470666 1 0.148194 0.174852 0.147398
0.292404 0.455444 0.302296 1 0.225829 1 0.292596 0.28414 0.457568 2.74865e-110 0.228351 1 0.227017 0.285568 0.254577 0.225385 0.224965 0.294174 0.679177 0.45326 0.455876 1.08978e-95 0.290069 0.225849 0.300376
0.149566 0.470231 0.148476 0 0.174835 0 0.149679 0.145091 0.504248 1 0.176925 0 0.17582 0.145871 0.166628 0.174467 0.17412 0.150609 0.294068 0.468035 0.470666 1 0.148194 0.174852 0.147398
0.292404 0.455444 0.302296 1 0.225829 1 0.292596 0.28414 0.457568 6.3229e-111 0.228351 1 0.227017 0.285568 0.254577 0.225385 0.224965 0.294174 0.679177 0.45326 0.455876 3.05052e-96 0.290069 0.225849 0.300376
0.149566 0.470231 0.148476 0 0.174835 0 0.149679 0.145091 0.504248 1 0.176925 0 0.17582 0.145871 0.166628 0.174467 0.17412 0.150609 0.294068 0.468035 0.470666 1 0.148194 0.174852 0.147398
0.292404 0.455444 0.302296 1 0.225829 1 0.292596 0.28414 0.457568 1.4545e-111 0.228351 1 0.227017 0.285568 0.254577 0.225385 0.224965 0.294174 0.679177 0.45326 0.455876 8.53907e-97 0.290069 0.225849 0.300376
0.149566 0.470231 0.148476 0 0.174835 0 0.149679 0.145091 0.504248 1 0.176925 0 0.17582 0.145871 0.166628 0.174467 0.17412 0.150609 0.294068 0.468035 0.470666 1 0.148194 0.174852 0.147398
0.292404 0.455444 0.302296 1 0.225829 1 0.292596 0.28414 0.457568 3.34587e-112 0.228351 1 0.227017 0.285568 0.254577 0.225385 0.224965 0.294174 0.679177 0.45326 0.455876 2.39027e-97 0.290069 0.225849 0.300376
0.149566 0.470231 0.148476 0 0.174835 0 0.149679 0.145091 0.504248 1 0.176925 0 0.17582 0.145871 0.166628 0.174467 0.17412 0.150609 0.294068 0.468035 0.470666 1 0.148194 0.174852 0.147398
0.292404 0.455444 0.302296 1 0.225829 1 0.292596 0.28414 0.457568 7.69671e-113 0.228351 1 0.227017 0.285568 0.254577 0.225385 0.224965 0.294174 0.679177 0.45326 0.455876 6.69088e-98 0.290069 0.225849 0.300376
0.149566 0.470231 0.148476 0 0.174835 0 0.149679 0.145091 0.504248 1 0.176925 0 0.17582 0.145871 0.166628 0.174467 0.17412 0.150609 0.294068 0.468035 0.470666 1 0.148194 0.174852 0.147398
0.292404 0.455444 0.302296 1 0.225829 1 0.292596 0.28414 0.457568 1.77052e-113 0.228351 1 0.227017 0.285568 0.254577 0.225385 0.224965 0.294174 0.679177 0.45326 0.455876 1.87292e-98 0.290069 0.225849 0.300376
0.149566 0.470231 0.148476 0 0.174835 0 0.149679 0.145091 0.504248 1 0.176925 0 0.17582 0.145871 0.166628 0.174467 0.17412 0.150609 0.294068 0.468035 0.470666 1 0.148194 0.174852 0.147398
0.292404 0.455444 0.302296 1 0.225829 1 0.292596 0.28414 0.457568 4.07284e-114 0.228351 1 0.227017 0.285568 0.254577 0.225385 0.224965 0.294174 0.679177 0.45326 0.455876 5.24271e-99 0.290069 0.225849 0.300376
0.149566 0.470231 0.148476 0 0.174835 0 0.149679 0.145091 0.504248 1 0.176925 0 0.17582 0.145871 0.166628 0.174467 0.17412 0.150609 0.294068 0.468035 0.470666 1 0.148194 0.174852 0.147398
0.292404 0.455444 0.302296 1 0.225829 1 0.292596 0.28414 0.457568 9.36901e-115 0.228351 1 0.227017 0.285568 0.254577 0.225385 0.224965 0.294174 0.679177 0.45326 0.455876 1.46755e-99 0.290069 0.225849 0.300376
0.149566 0.470231 0.148476 0 0.174835 0 0.149679 0.145091 0.504248 1 0.176925 0 0.17582 0.145871 0.166628 0.174467 0.17412 0.150609 0.294068 0.468035 0.470666 1 0.148194 0.174852 0.147398
0.292404 0.455444 0.302296 1 0.225829 1 0.292596 0.28414 0.457568 2.15521e-115 0.228351 1 0.227017 0.285568 0.254577 0.225385 0.224965 0.294174 0.679177 0.45326 0.455876 4.10799e-100 0.290069 0.225849 0.300376
0.149566 0.470231 0.148476 0 0.174835 0 0.149679 0.145091 0.504248 1 0.176925 0 0.17582 0.145871 0.166628 0.174467 0.17412 0.150609 0.294068 0.468035 0.470666 1 0.148194 0.174852 0.147398
0.292404 0.455444 0.302296 1 0.225829 1 0.292596 0.28414 0.457568 4.95777e-116 0.228351 1 0.227017 0.285568 0.254577 0.225385 0.224965 0.294174 0.679177 0.45326 0.455876 1.14991e-100 0.290069 0.225849 0.300376
0.149566 0.470231 0.148476 0 0.174835 0 0.149679 0.145091 0.504248 1 0.176925 0 0.17582 0.145871 0.166628 0.174467 0.17412 0.150609 0.294068 0.468035 0.470666 1 0.148194 0.174852 0.147398
0.292404 0.455444 0.302296 1 0.225829 1 0.292596 0.28414 0.457568 1.14047e-116 0.228351 1 0.227017 0.285568 0.254577 0.225385 0.224965 0.294174 0.679177 0.45326 0.455876 3.21886e-101 0.290069 0.225849 0.300376
0.149566 0.470231 0.148476 0 0.174835 0 0.149679 0.145091 0.504248 1 0.176925 0 0.17582 0.145871 0.166628 0.174467 0.17412 0.150609 0.294068 0.468035 0.470666 1 0.148194 0.174852 0.147398
0.292404 0.455444 0.302296 1 0.225829 1 0.292596 0.28414 0.457568 2.62349e-117 0.228351 1 0.227017 0.285568 0.254577 0.225385 0.224965 0.294174 0.679177 0.45326 0.455876 9.01028e-102 0.290069 0.225849 0.300376
0.149566 0.470231 0.148476 0 0.174835 0 0.149679 0.145091 0.504248 1 0.176925 0 0.17582 0.145871 0.166628 0.174467 0.17412 0.150609 0.294068 0.468035 0.470666 1 0.148194 0.174852 0.147398
0.292404 0.455444 0.302296 1 0.225829 1 0.292596 0.28414 0.457568 6.03497e-118 0.228351 1 0.227017 0.285568 0.254577 0.225385 0.224965 0.294174 0.679177 0.45326 0.455876 2.52217e-102 0.290069 0.225849 0.300376
0.149566 0.470231 0.148476 0 0.174835 0 0.149679 0.145091 0.504248 1 0.176925 0 0.17582 0.145871 0.166628 0.174467 0.17412 0.150609 0.294068 0.468035 0.470666 1 0.148194 0.174852 0.147398
0.292404 0.455444 0.302296 1 0.225829 1 0.292596 0.28414 0.457568 1.38826e-118 0.228351 1 0.227017 0.285568 0.254577 0.225385 0.224965 0.294174 0.679177 0.45326 0.455876 7.0601e-103 0.290069 0.225849 0.300376
0.149566 0.470231 0.148476 0 0.174835 0 0.149679 0.145091 0.504248 1 0.176925 0 0.17582 0.145871 0.166628 0.174467 0.17412 0.150609 0.294068 0.468035 0.470666 1 0.148194 0.174852 0.147398
0.292404 0.455444 0.302296 1 0.225829 1 0.292596 0.28414 0.457568 3.19351e-119 0.228351 1 0.227017 0.285568 0.254577 0.225385 0.224965 0.294174 0.679177 0.45326 0.455876 1.97628e-103 0.290069 0.225849 0.300376
0.149566 0.470231 0.148476 0 0.174835 0 0.149679 0.145091 0.504248 1 0.176925 0 0.17582 0.145871 0.166628 0.174467 0.17412 0.150609 0.294068 0.468035 0.470666 1 0.148194 0.174852 0.147398
0.292404 0.455444 0.302296 1 0.225829 1 0.292596 0.28414 0.457568 7.34622e-120 0.228351 1 0.227017 0.285568 0.254577 0.225385 0.224965 0.294174 0.679177 0.45326 0.455876 5.53202e-104 0.290069 0.225849 0.300376
0.149566 0.470231 0.148476 0 0.174835 0 0.149679 0.145091 0.504248 1 0.176925 0 0.17582 0.145871 0.166628 0.174467 0.17412 0.150609 0.294068 0.468035 0.470666 1 0.148194 0.174852 0.147398
0.292404 0.455444 0.302296 1 0.225829 1 0.292596 0.28414 0.457568 1.6899e-120 0.228351 1 0.227017 0.285568 0.254577 0.225385 0.224965 0.294174 0.679177 0.45326 0.455876 1.54853e-104 0.290069 0.225849 0.300376
0.149566 0.470231 0.148476 0 0.174835 0 0.149679 0.145091 0.504248 1 0.176925 0 0.17582 0.145871 0.166628 0.174467 0.17412 0.150609 0.294068 0.468035 0.470666 1 0.148194 0.174852 0.147398
0.292404 0.455444 0.302296 1 0.225829 1 0.292596 0.28414 0.457568 3.88738e-121 0.228351 1 0.227017 0.285568 0.254577 0.225385 0.224965 0.294174 0.679177 0.45326 0.455876 4.33468e-105 0.290069 0.225849 0.300376
0.149566 0.470231 0.148476 0 0.174835 0 0.149679 0.145091 0.504248 1 0.176925 0 0.17582 0.145871 0.166628 0.174467 0.17412 0.150609 0.294068 0.468035 0.470666 1 0.148194 0.174852 0.147398
0.292404 0.455444 0.302296 1 0.225829 1 0.292596 0.28414 0.457568 8.94237e-122 0.228351 1 0.227017 0.285568 0.254577 0.225385 0.224965 0.294174 0.679177 0.45326 0.455876 1.21337e-105 0.290069 0.225849 0.300376
0.149566 0.470231 0.148476 0 0.174835 0 0.149679 0.145091 0.504248 1 0.176925 0 0.17582 0.145871 0.166628 0.174467 0.17412 0.150609 0.294068 0.468035 0.470666 1 0.148194 0.174852 0.147398
0.292404 0.455444 0.302296 1 0.225829 1 0.292596 0.28414 0.457568 2.05707e-122 0.228351 1 0.227017 0.285568 0.254577 0.225385 0.224965 0.294174 0.679177 0.45326 0.455876 3.39648e-106 0.290069 0.225849 0.300376
0.149566 0.470231 0.148476 0 0.174835 0 0.149679 0.145091 0.504248 1 0.176925 0 0.17582 0.145871 0.166628 0.174467 0.17412 0.150609 0.294068 0.468035 0.470666 1 0.148194 0.174852 0.147398
0.292404 0.455444 0.302296 1 0.225829 1 0.292596 0.28414 0.457568 4.73201e-123 0.228351 1 0.227017 0.285568 0.254577 0.225385 0.224965 0.294174 0.679177 0.45326 0.455876 9.50749e-107 0.290069 0.225849 0.300376
0.149566 0.470231 0.148476 0 0.174835 0 0.149679 0.145091 0.504248 1 0.176925 0 0.17582 0.145871 0.166628 0.174467 0.17412 0.150609 0.294068 0.468035 0.470666 1 0.148194 0.174852 0.147398
0.292404 0.455444 0.302296 1 0.225829 1 0.292596 0.28414 0.457568 1.08853e-123 0.228351 1 0.227017 0.285568 0.254577 0.225385 0.224965 0.294174 0.679177 0.45326 0.455876 2.66135e-107 0.290069 0.225849 0.300376
0.149566 0.470231 0.148476 0 0.174835 0 0.149679 0.145091 0.504248 1 0.176925 0 0.17582 0.145871 0.166628 0.174467 0.17412 0.150609 0.294068 0.468035 0.470666 1 0.148194 0.174852 0.147398
0.292404 0.455444 0.302296 1 0.225829 1 0.292596 0.28414 0.457568 2.50402e-124 0.228351 1 0.227017 0.285568 0.254577 0.225385 0.224965 0.294174 0.679177 0.45326 0.455876 7.4497e-108 0.290069 0.225849 0.300376
0.149566 0.470231 0.148476 0 0.174835 0 0.149679 0.145091 0.504248 1 0.176925 0 0.17582 0.145871 0.166628 0.174467 0.17412 0.150609 0.294068 0.468035 0.470666 1 0.148194 0.174852 0.147398
0.292404 0.455444 0.302296 1 0.225829 1 0.292596 0.28414 0.457568 5.76015e-125 0.228351 1 0.227017 0.285568 0.254577 0.225385 0.224965 0.294174 0.679177 0.45326 0.455876 2.08533e-108 0.290069 0.225849 0.300376
0.149566 0.470231 0.148476 0 0.174835 0 0.149679 0.145091 0.504248 1 0.176925 0 0.17582 0.145871 0.166628 0.174467 0.17412 0.150609 0.294068 0.468035 0.470666 1 0.148194 0.174852 0.147398
0.292404 0.455444 0.302296 1 0.225829 1 0.292596 0.28414 0.457568 1.32504e-125 0.228351 1 0.227017 0.285568 0.254577 0.225385 0.224965 0.294174 0.679177 0.45326 0.455876 5.8373e-109 0.290069 0.225849 0.300376
0.149566 0.470231 0.148476 0 0.174835 0 0.149679 0.145091 0.504248 1 0.176925 0 0.17582 0.145871 0.166628 0.174467 0.17412 0.150609 0.294068 0.468035 0.470666 1 0.148194 0.174852 0.147398
0.292404 0.455444 0.302296 1 0.225829 1 0.292596 0.28414 0.457568 3.04808e-126 0.228351 1 0.227017 0.285568 0.254577 0.225385 0.224965 0.294174 0.679177 0.45326 0.455876 1.63399e-109 0.290069 0.225849 0.300376
0.149566 0.470231 0.148476 0 0.174835 0 0.149679 0.145091 0.504248 1 0.176925 0 0.17582 0.145871 0.166628 0.174467 0.17412 0.150609 0.294068 0.468035 0.470666 1 0.148194 0.174852 0.147398
0.292404 0.455444 0.302296 1 0.225829 1 0.292596 0.28414 0.457568 7.01169e-127 0.228351 1 0.227017 0.285568 0.254577 0.225385 0.224965 0.294174 0.679177 0.45326 0.455876 4.57388e-110 0.290069 0.225849 0.300376
0.149566 0.470231 0.148476 0 0.174835 0 0.149679 0.145091 0.504248 1 0.176925 0 0.17582 0.145871 0.166628 0.174467 0.17412 0.150609 0.294068 0.468035 0.470666 1 0.148194 0.174852 0.147398
0.292404 0.455444 0.302296 1 0.225829 1 0.292596 0.28414 0.457568 1.61294e-127 0.228351 1 0.227017 0.285568 0.254577 0.225385 0.224965 0.294174 0.679177 0.45326 0.455876 1.28033e-110 0.290069 0.225849 0.300376
