0.281412 0.292636 0.300438 0.228435 0.165402 0.230042 0.281569 0.250736 0.294242 0.472821 0.166851 0.229712 0.166085 0.251968 0.154311 0.165147 0.164906 0.28286 0.381086 0.290998 0.292961 0.438701 0.279502 0.165414 0.298781
0.344602 0.353309 0.368892 0.823405 0.22277 0.822364 0.344799 0.31709 0.517955 0.502714 0.225078 0.822578 0.223858 0.318486 0.268106 0.222363 0.221979 0.346418 0.487422 0.351273 0.353712 0.520899 0.342204 0.222789 0.366923
0.21389 0.313387 0.215485 0.0773866 0.166805 0.0789505 0.214036 0.198913 0.318318 0.671471 0.168776 0.0786275 0.167734 0.199899 0.181555 0.166458 0.166131 0.215241 0.328907 0.311469 0.313768 0.63869 0.21211 0.166821 0.214077
0.341538 0.370198 0.370682 0.978778 0.236669 0.978188 0.341742 0.308635 0.515062 0.275349 0.239257 0.97831 0.237889 0.310066 0.29679 0.236213 0.235782 0.343409 0.580126 0.368101 0.370613 0.2955 0.339068 0.23669 0.368634
0.178132 0.346033 0.180283 0.00174462 0.164526 0.00184486 0.178261 0.159993 0.351117 0.85642 0.166515 0.00182384 0.165463 0.160827 0.177838 0.164176 0.163845 0.179314 0.292942 0.344018 0.346432 0.826622 0.176576 0.164542 0.179051
0.334763 0.380277 0.36402 0.999971 0.238249 0.999968 0.334967 0.300327 0.497647 0.112233 0.240863 0.999969 0.239481 0.301782 0.305191 0.237788 0.237353 0.336641 0.635431 0.378172 0.380695 0.134046 0.332283 0.23827 0.361952
0.169849 0.380632 0.172875 2.60733e-08 0.168763 3.02313e-08 0.169973 0.148308 0.395822 0.941203 0.170796 2.93275e-08 0.169721 0.149094 0.183632 0.168405 0.168067 0.170991 0.286092 0.378537 0.381048 0.918563 0.168346 0.168779 0.17168
0.323098 0.39178 0.348006 1 0.233335 1 0.323299 0.289467 0.474395 0.0473783 0.235914 1 0.234551 0.290906 0.297089 0.232881 0.232452 0.32495 0.655197 0.389663 0.392199 0.0652606 0.320654 0.233356 0.345971
0.16549 0.404064 0.16766 1.16412e-21 0.17215 1.73792e-21 0.165611 0.144187 0.433393 0.973039 0.174216 1.60077e-21 0.173123 0.144961 0.185658 0.171787 0.171443 0.166612 0.287534 0.401928 0.404487 0.957594 0.164013 0.172167 0.166488
0.315201 0.405167 0.33577 1 0.230576 1 0.3154 0.283842 0.460278 0.0225457 0.233135 1 0.231782 0.28527 0.288685 0.230126 0.2297 0.317033 0.665061 0.403033 0.40559 0.0352749 0.312784 0.230597 0.333764
0.161953 0.420437 0.163171 2.21337e-58 0.173641 6.6191e-58 0.162073 0.142469 0.457917 0.985954 0.175721 5.28694e-58 0.174621 0.143238 0.184253 0.173276 0.17293 0.163058 0.288743 0.41828 0.420864 0.975509 0.160499 0.173658 0.162021
0.30957 0.416664 0.326822 1 0.229042 1 0.309767 0.281572 0.454009 0.0121942 0.231589 1 0.230242 0.282996 0.281286 0.228593 0.228169 0.311387 0.671204 0.414516 0.41709 0.0211331 0.307172 0.229062 0.324838
0.159108 0.432591 0.159618 2.5297e-159 0.174294 5.10634e-158 0.159227 0.141949 0.473214 0.991769 0.17638 2.75672e-158 0.175277 0.142716 0.181693 0.173928 0.173581 0.160199 0.289151 0.430421 0.433021 0.984425 0.157672 0.174311 0.158485
0.305397 0.425785 0.32034 1 0.228114 1 0.305593 0.281034 0.451915 0.00739387 0.230654 1 0.229311 0.282457 0.275105 0.227667 0.227244 0.307203 0.675383 0.423627 0.426213 0.0138884 0.303014 0.228135 0.318371
0.156862 0.441798 0.156902 0 0.17458 0 0.15698 0.14201 0.482985 0.994667 0.176668 0 0.175564 0.142778 0.179 0.174213 0.173866 0.157942 0.289092 0.43962 0.442229 0.989229 0.155441 0.174597 0.155782
0.30225 0.432845 0.315614 1 0.227508 1 0.302446 0.281286 0.451673 0.00493463 0.230043 1 0.228702 0.28271 0.270102 0.227061 0.226639 0.304048 0.678337 0.43068 0.433274 0.00987867 0.299879 0.227528 0.313658
0.155113 0.448808 0.154852 0 0.174702 0 0.15523 0.142317 0.489498 0.996245 0.176791 0 0.175686 0.143086 0.176579 0.174334 0.173987 0.156185 0.288833 0.446625 0.449241 0.992008 0.153704 0.174719 0.153742
0.29986 0.438262 0.312137 1 0.227089 1 0.300055 0.281839 0.452134 0.00356273 0.229621 1 0.228282 0.283265 0.266132 0.226643 0.226222 0.301651 0.680473 0.436092 0.438692 0.00750409 0.297497 0.22711 0.310191
0.153763 0.454149 0.15331 0 0.17475 0 0.153878 0.142697 0.49402 0.997171 0.176839 0 0.175734 0.143467 0.174552 0.174382 0.174035 0.154827 0.288515 0.451963 0.454583 0.993716 0.152363 0.174767 0.152208
0.29804 0.442403 0.309557 1 0.226788 1 0.298234 0.282455 0.452783 0.00274159 0.229318 1 0.22798 0.283882 0.263022 0.226343 0.225922 0.299826 0.682047 0.44023 0.442834 0.00601535 0.295684 0.226809 0.307617
0.152726 0.458219 0.152152 0 0.174765 0 0.152841 0.143064 0.49726 0.997747 0.176854 0 0.175749 0.143836 0.172918 0.174397 0.17405 0.153785 0.288203 0.456029 0.458652 0.994821 0.151332 0.174782 0.151055
0.296653 0.445564 0.307629 1 0.226567 1 0.296847 0.283029 0.453415 0.00222113 0.229095 1 0.227759 0.284457 0.260609 0.226122 0.225702 0.298436 0.683224 0.443387 0.445995 0.00503699 0.294302 0.226588 0.305695
0.151932 0.461317 0.15128 0 0.174766 0 0.152047 0.143387 0.499632 0.998125 0.176855 0 0.17575 0.14416 0.17163 0.174398 0.174051 0.152987 0.287924 0.459126 0.461751 0.995566 0.150544 0.174783 0.150188
0.295597 0.447972 0.306182 1 0.226403 1 0.29579 0.283521 0.453959 0.0018756 0.228929 1 0.227594 0.28495 0.258747 0.225958 0.225538 0.297376 0.684111 0.445794 0.448404 0.00436886 0.29325 0.226424 0.304251
0.151327 0.463675 0.150623 0 0.174761 0 0.151441 0.143655 0.501393 0.998382 0.17685 0 0.175745 0.144429 0.170629 0.174393 0.174046 0.152378 0.287687 0.461483 0.464109 0.996085 0.149943 0.174778 0.149534
0.294793 0.449806 0.30509 1 0.226279 1 0.294986 0.283926 0.454402 0.00163748 0.228805 1 0.22747 0.285355 0.257317 0.225835 0.225414 0.29657 0.684785 0.447626 0.450238 0.00389816 0.292449 0.2263 0.303163
0.150865 0.465469 0.150126 0 0.174754 0 0.150979 0.143871 0.502714 0.998563 0.176844 0 0.175739 0.144646 0.169856 0.174387 0.174039 0.151914 0.287492 0.463276 0.465904 0.996457 0.149484 0.174771 0.14904
0.294181 0.451202 0.304266 1 0.226186 1 0.294374 0.284249 0.454751 0.0014684 0.228711 1 0.227376 0.28568 0.256223 0.225742 0.225321 0.295957 0.685298 0.449021 0.451634 0.00355811 0.29184 0.226207 0.302341
0.150513 0.466834 0.149751 0 0.174748 0 0.150627 0.144041 0.503709 0.998694 0.176837 0 0.175732 0.144817 0.169264 0.174381 0.174033 0.151561 0.287335 0.46464 0.467269 0.996729 0.149135 0.174765 0.148667
0.293716 0.452263 0.303642 1 0.226116 1 0.293909 0.284504 0.455022 0.00134541 0.22864 1 0.227305 0.285935 0.255387 0.225671 0.225251 0.29549 0.685689 0.450082 0.452696 0.00330744 0.291376 0.226136 0.301718
0.150246 0.467872 0.149467 0 0.174743 0 0.150359 0.144174 0.504462 0.99879 0.176832 0 0.175727 0.14495 0.168812 0.174375 0.174028 0.151292 0.28721 0.465677 0.468306 0.996932 0.148869 0.17476 0.148384
0.293363 0.45307 0.303169 1 0.226062 1 0.293555 0.284701 0.455231 0.00125421 0.228585 1 0.227251 0.286133 0.254749 0.225618 0.225197 0.295136 0.685987 0.450888 0.453503 0.00311962 0.291024 0.226082 0.301247
0.150043 0.468661 0.149252 0 0.174738 0 0.150156 0.144277 0.505033 0.998862 0.176827 0 0.175722 0.145053 0.168467 0.174371 0.174023 0.151088 0.287113 0.466466 0.469096 0.997085 0.148667 0.174755 0.14817
0.293094 0.453683 0.30281 1 0.226021 1 0.293287 0.284854 0.45539 0.00118552 0.228544 1 0.22721 0.286286 0.254263 0.225577 0.225157 0.294866 0.686213 0.451501 0.454116 0.00297704 0.290757 0.226042 0.300889
0.149888 0.469261 0.149089 0 0.174735 0 0.150001 0.144356 0.505467 0.998917 0.176824 0 0.175719 0.145133 0.168204 0.174367 0.17402 0.150932 0.287038 0.467066 0.469695 0.997203 0.148514 0.174752 0.148008
0.29289 0.454149 0.302538 1 0.22599 1 0.293083 0.284971 0.455511 0.00113314 0.228513 1 0.227179 0.286403 0.253894 0.225546 0.225126 0.294662 0.686386 0.451966 0.454582 0.00286766 0.290553 0.226011 0.300617
0.149771 0.469716 0.148966 0 0.174732 0 0.149884 0.144417 0.505796 0.998959 0.176821 0 0.175716 0.145193 0.168004 0.174365 0.174017 0.150814 0.28698 0.467521 0.470151 0.997293 0.148397 0.174749 0.147885
0.292735 0.454503 0.302331 1 0.225966 1 0.292927 0.285061 0.455603 0.0010928 0.228489 1 0.227155 0.286493 0.253613 0.225522 0.225102 0.294506 0.686517 0.45232 0.454936 0.00278305 0.290399 0.225987 0.300411
0.149681 0.470063 0.148872 0 0.17473 0 0.149795 0.144463 0.506047 0.998992 0.176819 0 0.175714 0.14524 0.167852 0.174362 0.174015 0.150725 0.286936 0.467868 0.470498 0.997364 0.148308 0.174747 0.147792
0.292617 0.454772 0.302174 1 0.225948 1 0.29281 0.285129 0.455672 0.00106149 0.228471 1 0.227137 0.286561 0.253399 0.225504 0.225084 0.294388 0.686617 0.452589 0.455205 0.00271715 0.290282 0.225969 0.300255
0.149613 0.470326 0.148801 0 0.174729 0 0.149727 0.144498 0.506237 0.999018 0.176817 0 0.175712 0.145275 0.167737 0.174361 0.174014 0.150657 0.286902 0.468131 0.470761 0.997419 0.148241 0.174745 0.147721
0.292528 0.454976 0.302054 1 0.225934 1 0.29272 0.285181 0.455725 0.00103703 0.228457 1 0.227123 0.286613 0.253236 0.22549 0.22507 0.294299 0.686692 0.452793 0.455409 0.00266555 0.290192 0.225955 0.300135
0.149562 0.470527 0.148747 0 0.174727 0 0.149675 0.144525 0.506382 0.999038 0.176816 0 0.175711 0.145302 0.167649 0.17436 0.174013 0.150605 0.286877 0.468331 0.470962 0.997462 0.14819 0.174744 0.147668
0.29246 0.455131 0.301964 1 0.225924 1 0.292652 0.28522 0.455764 0.00101782 0.228446 1 0.227113 0.286652 0.253113 0.22548 0.22506 0.294231 0.686749 0.452948 0.455564 0.00262496 0.290125 0.225944 0.300045
0.149523 0.470679 0.148706 0 0.174727 0 0.149636 0.144546 0.506493 0.999053 0.176815 0 0.175711 0.145323 0.167583 0.174359 0.174012 0.150565 0.286858 0.468483 0.471114 0.997496 0.148151 0.174744 0.147627
0.292409 0.455249 0.301895 1 0.225916 1 0.292601 0.28525 0.455794 0.00100267 0.228438 1 0.227105 0.286682 0.253019 0.225472 0.225052 0.294179 0.686792 0.453065 0.455682 0.00259293 0.290074 0.225936 0.299976
0.149493 0.470794 0.148675 0 0.174726 0 0.149606 0.144561 0.506577 0.999066 0.176815 0 0.17571 0.145339 0.167532 0.174358 0.174011 0.150536 0.286844 0.468599 0.471229 0.997523 0.148122 0.174743 0.147596
0.292369 0.455338 0.301842 1 0.22591 1 0.292562 0.285272 0.455817 0.000990696 0.228432 1 0.227098 0.286705 0.252948 0.225466 0.225046 0.29414 0.686825 0.453155 0.455771 0.00256758 0.290035 0.22593 0.299924
0.149471 0.470882 0.148652 0 0.174726 0 0.149584 0.144573 0.506641 0.999076 0.176814 0 0.17571 0.145351 0.167494 0.174358 0.174011 0.150513 0.286833 0.468687 0.471317 0.997545 0.148099 0.174743 0.147573
0.29234 0.455406 0.301802 1 0.225905 1 0.292532 0.285289 0.455833 0.000981198 0.228427 1 0.227094 0.286722 0.252894 0.225461 0.225041 0.29411 0.68685 0.453223 0.455839 0.00254747 0.290005 0.225926 0.299884
0.149453 0.470949 0.148634 0 0.174725 0 0.149567 0.144582 0.50669 0.999083 0.176814 0 0.175709 0.14536 0.167465 0.174358 0.17401 0.150496 0.286825 0.468754 0.471384 0.997562 0.148082 0.174742 0.147555
0.292317 0.455458 0.301772 1 0.225901 1 0.292509 0.285302 0.455846 0.00097365 0.228424 1 0.22709 0.286735 0.252853 0.225457 0.225037 0.294087 0.686868 0.453274 0.455891 0.00253148 0.289982 0.225922 0.299854
0.14944 0.471 0.14862 0 0.174725 0 0.149553 0.144589 0.506727 0.99909 0.176814 0 0.175709 0.145367 0.167442 0.174358 0.17401 0.150483 0.286819 0.468804 0.471435 0.997575 0.148069 0.174742 0.147541
0.2923 0.455497 0.301749 1 0.225899 1 0.292492 0.285312 0.455856 0.000967643 0.228421 1 0.227087 0.286745 0.252821 0.225454 0.225035 0.29407 0.686882 0.453313 0.45593 0.00251876 0.289965 0.225919 0.299831
0.14943 0.471039 0.14861 0 0.174725 0 0.149544 0.144594 0.506756 0.999095 0.176814 0 0.175709 0.145372 0.167426 0.174358 0.17401 0.150473 0.286815 0.468843 0.471474 0.997586 0.148059 0.174742 0.147531
0.292287 0.455527 0.301731 1 0.225896 1 0.292479 0.28532 0.455863 0.000962855 0.228419 1 0.227085 0.286752 0.252798 0.225452 0.225032 0.294057 0.686893 0.453343 0.45596 0.00250862 0.289952 0.225917 0.299813
0.149423 0.471068 0.148602 0 0.174725 0 0.149536 0.144598 0.506778 0.999099 0.176814 0 0.175709 0.145376 0.167413 0.174357 0.17401 0.150465 0.286812 0.468872 0.471503 0.997595 0.148052 0.174742 0.147523
0.292277 0.455549 0.301718 1 0.225895 1 0.292469 0.285325 0.455868 0.000959036 0.228417 1 0.227083 0.286758 0.25278 0.225451 0.225031 0.294047 0.686901 0.453365 0.455982 0.00250053 0.289943 0.225915 0.2998
0.149417 0.47109 0.148596 0 0.174725 0 0.14953 0.144602 0.506794 0.999102 0.176814 0 0.175709 0.145379 0.167403 0.174357 0.17401 0.150459 0.286809 0.468895 0.471525 0.997601 0.148046 0.174742 0.147518
0.29227 0.455566 0.301708 1 0.225894 1 0.292462 0.285329 0.455872 0.000955986 0.228416 1 0.227082 0.286762 0.252766 0.225449 0.22503 0.29404 0.686906 0.453383 0.455999 0.00249408 0.289935 0.225914 0.29979
0.149413 0.471107 0.148592 0 0.174725 0 0.149526 0.144604 0.506807 0.999104 0.176814 0 0.175709 0.145381 0.167396 0.174357 0.17401 0.150455 0.286808 0.468912 0.471542 0.997607 0.148042 0.174742 0.147513
0.292264 0.455579 0.3017 1 0.225893 1 0.292456 0.285332 0.455875 0.00095355 0.228415 1 0.227081 0.286765 0.252756 0.225448 0.225029 0.294034 0.686911 0.453396 0.456012 0.00248892 0.289929 0.225913 0.299782
0.14941 0.47112 0.148588 0 0.174725 0 0.149523 0.144606 0.506816 0.999106 0.176814 0 0.175709 0.145383 0.16739 0.174357 0.17401 0.150452 0.286806 0.468925 0.471555 0.997611 0.148039 0.174742 0.14751
0.29226 0.455589 0.301694 1 0.225892 1 0.292452 0.285335 0.455877 0.000951603 0.228414 1 0.22708 0.286767 0.252748 0.225448 0.225028 0.294029 0.686914 0.453405 0.456022 0.0024848 0.289925 0.225912 0.299776
0.149407 0.47113 0.148586 0 0.174725 0 0.14952 0.144607 0.506824 0.999108 0.176814 0 0.175709 0.145384 0.167386 0.174357 0.17401 0.150449 0.286806 0.468935 0.471565 0.997615 0.148036 0.174742 0.147507
0.292256 0.455597 0.30169 1 0.225891 1 0.292449 0.285337 0.455879 0.000950045 0.228414 1 0.22708 0.286769 0.252742 0.225447 0.225027 0.294026 0.686917 0.453413 0.45603 0.00248151 0.289922 0.225912 0.299772
0.149405 0.471138 0.148584 0 0.174725 0 0.149518 0.144608 0.506829 0.999109 0.176814 0 0.175709 0.145385 0.167383 0.174357 0.17401 0.150447 0.286805 0.468942 0.471573 0.997618 0.148034 0.174742 0.147505
0.292254 0.455603 0.301686 1 0.225891 1 0.292446 0.285338 0.45588 0.0009488 0.228413 1 0.227079 0.286771 0.252737 0.225447 0.225027 0.294024 0.686919 0.453419 0.456035 0.00247887 0.289919 0.225911 0.299768
0.149404 0.471143 0.148582 0 0.174725 0 0.149517 0.144609 0.506834 0.99911 0.176814 0 0.175709 0.145386 0.16738 0.174357 0.17401 0.150446 0.286804 0.468948 0.471578 0.99762 0.148033 0.174742 0.147504
0.292252 0.455607 0.301684 1 0.225891 1 0.292444 0.285339 0.455881 0.000947803 0.228413 1 0.227079 0.286772 0.252734 0.225446 0.225026 0.294022 0.68692 0.453423 0.45604 0.00247676 0.289917 0.225911 0.299766
0.149403 0.471148 0.148581 0 0.174725 0 0.149516 0.144609 0.506837 0.999111 0.176814 0 0.175709 0.145387 0.167378 0.174357 0.17401 0.150445 0.286804 0.468952 0.471583 0.997622 0.148032 0.174742 0.147502
0.29225 0.45561 0.301682 1 0.22589 1 0.292443 0.28534 0.455882 0.000947006 0.228412 1 0.227079 0.286772 0.252731 0.225446 0.225026 0.29402 0.686921 0.453426 0.456043 0.00247508 0.289916 0.225911 0.299764
0.149402 0.471151 0.14858 0 0.174725 0 0.149515 0.14461 0.50684 0.999112 0.176814 0 0.175709 0.145387 0.167377 0.174357 0.17401 0.150444 0.286804 0.468955 0.471586 0.997623 0.148031 0.174742 0.147502
0.292249 0.455613 0.30168 1 0.22589 1 0.292442 0.28534 0.455883 0.000946368 0.228412 1 0.227079 0.286773 0.252729 0.225446 0.225026 0.294019 0.686922 0.453429 0.456045 0.00247373 0.289915 0.225911 0.299762
0.149401 0.471154 0.14858 0 0.174725 0 0.149514 0.14461 0.506841 0.999112 0.176814 0 0.175709 0.145388 0.167376 0.174357 0.17401 0.150443 0.286804 0.468958 0.471589 0.997624 0.14803 0.174742 0.147501
0.292249 0.455615 0.301679 1 0.22589 1 0.292441 0.285341 0.455883 0.000945857 0.228412 1 0.227079 0.286773 0.252728 0.225446 0.225026 0.294018 0.686923 0.453431 0.456047 0.00247264 0.289914 0.22591 0.299761
0.149401 0.471155 0.148579 0 0.174725 0 0.149514 0.14461 0.506843 0.999113 0.176814 0 0.175709 0.145388 0.167375 0.174357 0.17401 0.150443 0.286804 0.46896 0.471591 0.997625 0.14803 0.174742 0.1475
0.292248 0.455616 0.301678 1 0.22589 1 0.29244 0.285341 0.455883 0.000945448 0.228412 1 0.227078 0.286774 0.252726 0.225446 0.225026 0.294018 0.686923 0.453432 0.456049 0.00247178 0.289914 0.22591 0.29976
0.1494 0.471157 0.148579 0 0.174725 0 0.149513 0.144611 0.506844 0.999113 0.176814 0 0.175709 0.145388 0.167374 0.174357 0.17401 0.150442 0.286803 0.468961 0.471592 0.997626 0.148029 0.174742 0.1475
0.292247 0.455617 0.301677 1 0.22589 1 0.29244 0.285341 0.455883 0.000945121 0.228412 1 0.227078 0.286774 0.252726 0.225446 0.225026 0.294017 0.686923 0.453433 0.45605 0.00247109 0.289913 0.22591 0.29976
0.1494 0.471158 0.148578 0 0.174725 0 0.149513 0.144611 0.506845 0.999113 0.176814 0 0.175709 0.145388 0.167374 0.174357 0.17401 0.150442 0.286803 0.468962 0.471593 0.997627 0.148029 0.174742 0.1475
0.292247 0.455618 0.301677 1 0.22589 1 0.292439 0.285342 0.455884 0.000944859 0.228412 1 0.227078 0.286774 0.252725 0.225445 0.225026 0.294017 0.686924 0.453434 0.456051 0.00247053 0.289913 0.22591 0.299759
0.1494 0.471159 0.148578 0 0.174725 0 0.149513 0.144611 0.506846 0.999114 0.176814 0 0.175709 0.145388 0.167374 0.174357 0.17401 0.150442 0.286803 0.468963 0.471594 0.997627 0.148029 0.174742 0.1475
0.292247 0.455619 0.301676 1 0.22589 1 0.292439 0.285342 0.455884 0.000944649 0.228412 1 0.227078 0.286774 0.252724 0.225445 0.225026 0.294017 0.686924 0.453435 0.456051 0.00247009 0.289912 0.22591 0.299759
0.1494 0.47116 0.148578 0 0.174725 0 0.149513 0.144611 0.506846 0.999114 0.176814 0 0.175709 0.145389 0.167373 0.174357 0.17401 0.150442 0.286803 0.468964 0.471595 0.997627 0.148029 0.174742 0.147499
0.292247 0.455619 0.301676 1 0.22589 1 0.292439 0.285342 0.455884 0.000944481 0.228412 1 0.227078 0.286774 0.252724 0.225445 0.225025 0.294016 0.686924 0.453435 0.456052 0.00246973 0.289912 0.22591 0.299758
0.1494 0.47116 0.148578 0 0.174725 0 0.149513 0.144611 0.506847 0.999114 0.176814 0 0.175709 0.145389 0.167373 0.174357 0.17401 0.150442 0.286803 0.468964 0.471595 0.997628 0.148029 0.174742 0.147499
0.292246 0.455619 0.301676 1 0.22589 1 0.292439 0.285342 0.455884 0.000944347 0.228412 1 0.227078 0.286774 0.252724 0.225445 0.225025 0.294016 0.686924 0.453436 0.456052 0.00246945 0.289912 0.22591 0.299758
0.149399 0.47116 0.148578 0 0.174725 0 0.149513 0.144611 0.506847 0.999114 0.176814 0 0.175709 0.145389 0.167373 0.174357 0.17401 0.150441 0.286803 0.468965 0.471595 0.997628 0.148029 0.174742 0.147499
0.292246 0.45562 0.301676 1 0.225889 1 0.292439 0.285342 0.455884 0.000944239 0.228412 1 0.227078 0.286775 0.252723 0.225445 0.225025 0.294016 0.686924 0.453436 0.456053 0.00246922 0.289912 0.22591 0.299758
0.149399 0.471161 0.148578 0 0.174725 0 0.149512 0.144611 0.506847 0.999114 0.176814 0 0.175709 0.145389 0.167373 0.174357 0.17401 0.150441 0.286803 0.468965 0.471596 0.997628 0.148029 0.174742 0.147499
0.292246 0.45562 0.301676 1 0.225889 1 0.292438 0.285342 0.455884 0.000944153 0.228412 1 0.227078 0.286775 0.252723 0.225445 0.225025 0.294016 0.686924 0.453436 0.456053 0.00246903 0.289912 0.22591 0.299758
0.149399 0.471161 0.148578 0 0.174725 0 0.149512 0.144611 0.506847 0.999114 0.176814 0 0.175709 0.145389 0.167373 0.174357 0.17401 0.150441 0.286803 0.468965 0.471596 0.997628 0.148028 0.174742 0.147499
0.292246 0.45562 0.301676 1 0.225889 1 0.292438 0.285342 0.455884 0.000944084 0.228412 1 0.227078 0.286775 0.252723 0.225445 0.225025 0.294016 0.686924 0.453436 0.456053 0.00246889 0.289912 0.22591 0.299758
0.149399 0.471161 0.148578 0 0.174725 0 0.149512 0.144611 0.506847 0.999114 0.176814 0 0.175709 0.145389 0.167373 0.174357 0.17401 0.150441 0.286803 0.468965 0.471596 0.997628 0.148028 0.174742 0.147499
0.292246 0.45562 0.301675 1 0.225889 1 0.292438 0.285342 0.455884 0.000944029 0.228412 1 0.227078 0.286775 0.252723 0.225445 0.225025 0.294016 0.686924 0.453436 0.456053 0.00246877 0.289912 0.22591 0.299758
0.149399 0.471161 0.148578 0 0.174725 0 0.149512 0.144611 0.506847 0.999114 0.176814 0 0.175709 0.145389 0.167373 0.174357 0.17401 0.150441 0.286803 0.468966 0.471596 0.997629 0.148028 0.174742 0.147499
0.292246 0.45562 0.301675 1 0.225889 1 0.292438 0.285342 0.455884 0.000943985 0.228412 1 0.227078 0.286775 0.252723 0.225445 0.225025 0.294016 0.686924 0.453436 0.456053 0.00246868 0.289912 0.22591 0.299758
0.149399 0.471161 0.148578 0 0.174725 0 0.149512 0.144611 0.506848 0.999114 0.176814 0 0.175709 0.145389 0.167373 0.174357 0.17401 0.150441 0.286803 0.468966 0.471596 0.997629 0.148028 0.174742 0.147499
0.292246 0.45562 0.301675 1 0.225889 1 0.292438 0.285342 0.455884 0.000943949 0.228412 1 0.227078 0.286775 0.252723 0.225445 0.225025 0.294016 0.686924 0.453436 0.456053 0.0024686 0.289912 0.22591 0.299758
0.149399 0.471161 0.148578 0 0.174725 0 0.149512 0.144611 0.506848 0.999114 0.176814 0 0.175709 0.145389 0.167373 0.174357 0.17401 0.150441 0.286803 0.468966 0.471596 0.997629 0.148028 0.174742 0.147499
0.292246 0.45562 0.301675 1 0.225889 1 0.292438 0.285342 0.455884 0.000943921 0.228412 1 0.227078 0.286775 0.252723 0.225445 0.225025 0.294016 0.686924 0.453437 0.456053 0.00246854 0.289912 0.22591 0.299758
0.149399 0.471161 0.148578 0 0.174725 0 0.149512 0.144611 0.506848 0.999114 0.176814 0 0.175709 0.145389 0.167373 0.174357 0.17401 0.150441 0.286803 0.468966 0.471596 0.997629 0.148028 0.174742 0.147499
0.292246 0.45562 0.301675 1 0.225889 1 0.292438 0.285342 0.455884 0.000943898 0.228412 1 0.227078 0.286775 0.252723 0.225445 0.225025 0.294016 0.686924 0.453437 0.456053 0.00246849 0.289912 0.22591 0.299757
0.149399 0.471161 0.148578 0 0.174725 0 0.149512 0.144611 0.506848 0.999114 0.176814 0 0.175709 0.145389 0.167373 0.174357 0.17401 0.150441 0.286803 0.468966 0.471597 0.997629 0.148028 0.174742 0.147499
0.292246 0.455621 0.301675 1 0.225889 1 0.292438 0.285342 0.455884 0.00094388 0.228412 1 0.227078 0.286775 0.252723 0.225445 0.225025 0.294016 0.686924 0.453437 0.456053 0.00246845 0.289912 0.22591 0.299757
0.149399 0.471162 0.148578 0 0.174725 0 0.149512 0.144611 0.506848 0.999114 0.176814 0 0.175709 0.145389 0.167373 0.174357 0.17401 0.150441 0.286803 0.468966 0.471597 0.997629 0.148028 0.174742 0.147499
0.292246 0.455621 0.301675 1 0.225889 1 0.292438 0.285342 0.455884 0.000943866 0.228412 1 0.227078 0.286775 0.252723 0.225445 0.225025 0.294016 0.686924 0.453437 0.456053 0.00246842 0.289912 0.22591 0.299757
0.149399 0.471162 0.148578 0 0.174725 0 0.149512 0.144611 0.506848 0.999114 0.176814 0 0.175709 0.145389 0.167372 0.174357 0.17401 0.150441 0.286803 0.468966 0.471597 0.997629 0.148028 0.174742 0.147499
0.292246 0.455621 0.301675 1 0.225889 1 0.292438 0.285342 0.455884 0.000943854 0.228412 1 0.227078 0.286775 0.252723 0.225445 0.225025 0.294016 0.686924 0.453437 0.456053 0.0024684 0.289912 0.22591 0.299757
0.149399 0.471162 0.148578 0 0.174725 0 0.149512 0.144611 0.506848 0.999114 0.176814 0 0.175709 0.145389 0.167372 0.174357 0.17401 0.150441 0.286803 0.468966 0.471597 0.997629 0.148028 0.174742 0.147499
0.292246 0.455621 0.301675 1 0.225889 1 0.292438 0.285342 0.455884 0.000943845 0.228412 1 0.227078 0.286775 0.252723 0.225445 0.225025 0.294016 0.686924 0.453437 0.456053 0.00246838 0.289912 0.22591 0.299757
0.149399 0.471162 0.148578 0 0.174725 0 0.149512 0.144611 0.506848 0.999114 0.176814 0 0.175709 0.145389 0.167372 0.174357 0.17401 0.150441 0.286803 0.468966 0.471597 0.997629 0.148028 0.174742 0.147499
0.292246 0.455621 0.301675 1 0.225889 1 0.292438 0.285342 0.455884 0.000943837 0.228412 1 0.227078 0.286775 0.252723 0.225445 0.225025 0.294016 0.686924 0.453437 0.456053 0.00246836 0.289912 0.22591 0.299757
0.149399 0.471162 0.148578 0 0.174725 0 0.149512 0.144611 0.506848 0.999114 0.176814 0 0.175709 0.145389 0.167372 0.174357 0.17401 0.150441 0.286803 0.468966 0.471597 0.997629 0.148028 0.174742 0.147499
0.292246 0.455621 0.301675 1 0.225889 1 0.292438 0.285342 0.455884 0.000943831 0.228412 1 0.227078 0.286775 0.252723 0.225445 0.225025 0.294016 0.686924 0.453437 0.456053 0.00246835 0.289912 0.22591 0.299757
0.149399 0.471162 0.148578 0 0.174725 0 0.149512 0.144611 0.506848 0.999114 0.176814 0 0.175709 0.145389 0.167372 0.174357 0.17401 0.150441 0.286803 0.468966 0.471597 0.997629 0.148028 0.174742 0.147499
0.292246 0.455621 0.301675 1 0.225889 1 0.292438 0.285342 0.455884 0.000943826 0.228412 1 0.227078 0.286775 0.252723 0.225445 0.225025 0.294016 0.686924 0.453437 0.456053 0.00246834 0.289912 0.22591 0.299757
0.149399 0.471162 0.148578 0 0.174725 0 0.149512 0.144611 0.506848 0.999114 0.176814 0 0.175709 0.145389 0.167372 0.174357 0.17401 0.150441 0.286803 0.468966 0.471597 0.997629 0.148028 0.174742 0.147499
0.292246 0.455621 0.301675 1 0.225889 1 0.292438 0.285342 0.455884 0.000943823 0.228412 1 0.227078 0.286775 0.252723 0.225445 0.225025 0.294016 0.686924 0.453437 0.456053 0.00246833 0.289912 0.22591 0.299757
0.149399 0.471162 0.148578 0 0.174725 0 0.149512 0.144611 0.506848 0.999114 0.176814 0 0.175709 0.145389 0.167372 0.174357 0.17401 0.150441 0.286803 0.468966 0.471597 0.997629 0.148028 0.174742 0.147499
0.292246 0.455621 0.301675 1 0.225889 1 0.292438 0.285342 0.455884 0.00094382 0.228412 1 0.227078 0.286775 0.252723 0.225445 0.225025 0.294016 0.686924 0.453437 0.456053 0.00246832 0.289912 0.22591 0.299757
0.149399 0.471162 0.148578 0 0.174725 0 0.149512 0.144611 0.506848 0.999114 0.176814 0 0.175709 0.145389 0.167372 0.174357 0.17401 0.150441 0.286803 0.468966 0.471597 0.997629 0.148028 0.174742 0.147499
0.292246 0.455621 0.301675 1 0.225889 1 0.292438 0.285342 0.455884 0.000943817 0.228412 1 0.227078 0.286775 0.252723 0.225445 0.225025 0.294016 0.686924 0.453437 0.456053 0.00246832 0.289912 0.22591 0.299757
0.149399 0.471162 0.148578 0 0.174725 0 0.149512 0.144611 0.506848 0.999114 0.176814 0 0.175709 0.145389 0.167372 0.174357 0.17401 0.150441 0.286803 0.468966 0.471597 0.997629 0.148028 0.174742 0.147499
0.292246 0.455621 0.301675 1 0.225889 1 0.292438 0.285342 0.455884 0.000943815 0.228412 1 0.227078 0.286775 0.252723 0.225445 0.225025 0.294016 0.686924 0.453437 0.456053 0.00246831 0.289912 0.22591 0.299757
0.149399 0.471162 0.148578 0 0.174725 0 0.149512 0.144611 0.506848 0.999114 0.176814 0 0.175709 0.145389 0.167372 0.174357 0.17401 0.150441 0.286803 0.468966 0.471597 0.997629 0.148028 0.174742 0.147499
0.292246 0.455621 0.301675 1 0.225889 1 0.292438 0.285342 0.455884 0.000943814 0.228412 1 0.227078 0.286775 0.252723 0.225445 0.225025 0.294016 0.686924 0.453437 0.456053 0.00246831 0.289912 0.22591 0.299757
0.149399 0.471162 0.148578 0 0.174725 0 0.149512 0.144611 0.506848 0.999114 0.176814 0 0.175709 0.145389 0.167372 0.174357 0.17401 0.150441 0.286803 0.468966 0.471597 0.997629 0.148028 0.174742 0.147499
0.292246 0.455621 0.301675 1 0.225889 1 0.292438 0.285342 0.455884 0.000943812 0.228412 1 0.227078 0.286775 0.252723 0.225445 0.225025 0.294016 0.686924 0.453437 0.456053 0.00246831 0.289912 0.22591 0.299757
0.149399 0.471162 0.148578 0 0.174725 0 0.149512 0.144611 0.506848 0.999114 0.176814 0 0.175709 0.145389 0.167372 0.174357 0.17401 0.150441 0.286803 0.468966 0.471597 0.997629 0.148028 0.174742 0.147499
0.292246 0.455621 0.301675 1 0.225889 1 0.292438 0.285342 0.455884 0.000943811 0.228412 1 0.227078 0.286775 0.252723 0.225445 0.225025 0.294016 0.686924 0.453437 0.456053 0.0024683 0.289912 0.22591 0.299757
0.149399 0.471162 0.148578 0 0.174725 0 0.149512 0.144611 0.506848 0.999114 0.176814 0 0.175709 0.145389 0.167372 0.174357 0.17401 0.150441 0.286803 0.468966 0.471597 0.997629 0.148028 0.174742 0.147499
0.292246 0.455621 0.301675 1 0.225889 1 0.292438 0.285342 0.455884 0.000943811 0.228412 1 0.227078 0.286775 0.252723 0.225445 0.225025 0.294016 0.686924 0.453437 0.456053 0.0024683 0.289912 0.22591 0.299757
0.149399 0.471162 0.148578 0 0.174725 0 0.149512 0.144611 0.506848 0.999114 0.176814 0 0.175709 0.145389 0.167372 0.174357 0.17401 0.150441 0.286803 0.468966 0.471597 0.997629 0.148028 0.174742 0.147499
0.292246 0.455621 0.301675 1 0.225889 1 0.292438 0.285342 0.455884 0.00094381 0.228412 1 0.227078 0.286775 0.252723 0.225445 0.225025 0.294016 0.686924 0.453437 0.456053 0.0024683 0.289912 0.22591 0.299757
0.149399 0.471162 0.148578 0 0.174725 0 0.149512 0.144611 0.506848 0.999114 0.176814 0 0.175709 0.145389 0.167372 0.174357 0.17401 0.150441 0.286803 0.468966 0.471597 0.997629 0.148028 0.174742 0.147499
0.292246 0.455621 0.301675 1 0.225889 1 0.292438 0.285342 0.455884 0.000943809 0.228412 1 0.227078 0.286775 0.252723 0.225445 0.225025 0.294016 0.686924 0.453437 0.456053 0.0024683 0.289912 0.22591 0.299757
0.149399 0.471162 0.148578 0 0.174725 0 0.149512 0.144611 0.506848 0.999114 0.176814 0 0.175709 0.145389 0.167372 0.174357 0.17401 0.150441 0.286803 0.468966 0.471597 0.997629 0.148028 0.174742 0.147499
0.292246 0.455621 0.301675 1 0.225889 1 0.292438 0.285342 0.455884 0.000943809 0.228412 1 0.227078 0.286775 0.252723 0.225445 0.225025 0.294016 0.686924 0.453437 0.456053 0.0024683 0.289912 0.22591 0.299757
0.149399 0.471162 0.148578 0 0.174725 0 0.149512 0.144611 0.506848 0.999114 0.176814 0 0.175709 0.145389 0.167372 0.174357 0.17401 0.150441 0.286803 0.468966 0.471597 0.997629 0.148028 0.174742 0.147499
0.292246 0.455621 0.301675 1 0.225889 1 0.292438 0.285342 0.455884 0.000943809 0.228412 1 0.227078 0.286775 0.252723 0.225445 0.225025 0.294016 0.686924 0.453437 0.456053 0.0024683 0.289912 0.22591 0.299757
0.149399 0.471162 0.148578 0 0.174725 0 0.149512 0.144611 0.506848 0.999114 0.176814 0 0.175709 0.145389 0.167372 0.174357 0.17401 0.150441 0.286803 0.468966 0.471597 0.997629 0.148028 0.174742 0.147499
0.292246 0.455621 0.301675 1 0.225889 1 0.292438 0.285342 0.455884 0.000943808 0.228412 1 0.227078 0.286775 0.252723 0.225445 0.225025 0.294016 0.686924 0.453437 0.456053 0.0024683 0.289912 0.22591 0.299757
0.149399 0.471162 0.148578 0 0.174725 0 0.149512 0.144611 0.506848 0.999114 0.176814 0 0.175709 0.145389 0.167372 0.174357 0.17401 0.150441 0.286803 0.468966 0.471597 0.997629 0.148028 0.174742 0.147499
0.292246 0.455621 0.301675 1 0.225889 1 0.292438 0.285342 0.455884 0.000943808 0.228412 1 0.227078 0.286775 0.252723 0.225445 0.225025 0.294016 0.686924 0.453437 0.456053 0.0024683 0.289912 0.22591 0.299757
0.149399 0.471162 0.148578 0 0.174725 0 0.149512 0.144611 0.506848 0.999114 0.176814 0 0.175709 0.145389 0.167372 0.174357 0.17401 0.150441 0.286803 0.468966 0.471597 0.997629 0.148028 0.174742 0.147499
0.292246 0.455621 0.301675 1 0.225889 1 0.292438 0.285342 0.455884 0.000943808 0.228412 1 0.227078 0.286775 0.252723 0.225445 0.225025 0.294016 0.686924 0.453437 0.456053 0.0024683 0.289912 0.22591 0.299757
0.149399 0.471162 0.148578 0 0.174725 0 0.149512 0.144611 0.506848 0.999114 0.176814 0 0.175709 0.145389 0.167372 0.174357 0.17401 0.150441 0.286803 0.468966 0.471597 0.997629 0.148028 0.174742 0.147499
0.292246 0.455621 0.301675 1 0.225889 1 0.292438 0.285342 0.455884 0.000943808 0.228412 1 0.227078 0.286775 0.252723 0.225445 0.225025 0.294016 0.686924 0.453437 0.456053 0.0024683 0.289912 0.22591 0.299757
0.149399 0.471162 0.148578 0 0.174725 0 0.149512 0.144611 0.506848 0.999114 0.176814 0 0.175709 0.145389 0.167372 0.174357 0.17401 0.150441 0.286803 0.468966 0.471597 0.997629 0.148028 0.174742 0.147499
0.292246 0.455621 0.301675 1 0.225889 1 0.292438 0.285342 0.455884 0.000943808 0.228412 1 0.227078 0.286775 0.252723 0.225445 0.225025 0.294016 0.686924 0.453437 0.456053 0.0024683 0.289912 0.22591 0.299757
0.149399 0.471162 0.148578 0 0.174725 0 0.149512 0.144611 0.506848 0.999114 0.176814 0 0.175709 0.145389 0.167372 0.174357 0.17401 0.150441 0.286803 0.468966 0.471597 0.997629 0.148028 0.174742 0.147499
0.292246 0.455621 0.301675 1 0.225889 1 0.292438 0.285342 0.455884 0.000943808 0.228412 1 0.227078 0.286775 0.252723 0.225445 0.225025 0.294016 0.686924 0.453437 0.456053 0.0024683 0.289912 0.22591 0.299757
0.149399 0.471162 0.148578 0 0.174725 0 0.149512 0.144611 0.506848 0.999114 0.176814 0 0.175709 0.145389 0.167372 0.174357 0.17401 0.150441 0.286803 0.468966 0.471597 0.997629 0.148028 0.174742 0.147499
0.292246 0.455621 0.301675 1 0.225889 1 0.292438 0.285342 0.455884 0.000943808 0.228412 1 0.227078 0.286775 0.252723 0.225445 0.225025 0.294016 0.686924 0.453437 0.456053 0.0024683 0.289912 0.22591 0.299757
0.149399 0.471162 0.148578 0 0.174725 0 0.149512 0.144611 0.506848 0.999114 0.176814 0 0.175709 0.145389 0.167372 0.174357 0.17401 0.150441 0.286803 0.468966 0.471597 0.997629 0.148028 0.174742 0.147499
0.292246 0.455621 0.301675 1 0.225889 1 0.292438 0.285342 0.455884 0.000943808 0.228412 1 0.227078 0.286775 0.252723 0.225445 0.225025 0.294016 0.686924 0.453437 0.456053 0.0024683 0.289912 0.22591 0.299757
0.149399 0.471162 0.148578 0 0.174725 0 0.149512 0.144611 0.506848 0.999114 0.176814 0 0.175709 0.145389 0.167372 0.174357 0.17401 0.150441 0.286803 0.468966 0.471597 0.997629 0.148028 0.174742 0.147499
0.292246 0.455621 0.301675 1 0.225889 1 0.292438 0.285342 0.455884 0.000943808 0.228412 1 0.227078 0.286775 0.252723 0.225445 0.225025 0.294016 0.686924 0.453437 0.456053 0.0024683 0.289912 0.22591 0.299757
0.149399 0.471162 0.148578 0 0.174725 0 0.149512 0.144611 0.506848 0.999114 0.176814 0 0.175709 0.145389 0.167372 0.174357 0.17401 0.150441 0.286803 0.468966 0.471597 0.997629 0.148028 0.174742 0.147499
0.292246 0.455621 0.301675 1 0.225889 1 0.292438 0.285342 0.455884 0.000943808 0.228412 1 0.227078 0.286775 0.252723 0.225445 0.225025 0.294016 0.686924 0.453437 0.456053 0.0024683 0.289912 0.22591 0.299757
0.149399 0.471162 0.148578 0 0.174725 0 0.149512 0.144611 0.506848 0.999114 0.176814 0 0.175709 0.145389 0.167372 0.174357 0.17401 0.150441 0.286803 0.468966 0.471597 0.997629 0.148028 0.174742 0.147499
0.292246 0.455621 0.301675 1 0.225889 1 0.292438 0.285342 0.455884 0.000943807 0.228412 1 0.227078 0.286775 0.252723 0.225445 0.225025 0.294016 0.686924 0.453437 0.456053 0.0024683 0.289912 0.22591 0.299757
0.149399 0.471162 0.148578 0 0.174725 0 0.149512 0.144611 0.506848 0.999114 0.176814 0 0.175709 0.145389 0.167372 0.174357 0.17401 0.150441 0.286803 0.468966 0.471597 0.997629 0.148028 0.174742 0.147499
0.292246 0.455621 0.301675 1 0.225889 1 0.292438 0.285342 0.455884 0.000943807 0.228412 1 0.227078 0.286775 0.252723 0.225445 0.225025 0.294016 0.686924 0.453437 0.456053 0.0024683 0.289912 0.22591 0.299757
0.149399 0.471162 0.148578 0 0.174725 0 0.149512 0.144611 0.506848 0.999114 0.176814 0 0.175709 0.145389 0.167372 0.174357 0.17401 0.150441 0.286803 0.468966 0.471597 0.997629 0.148028 0.174742 0.147499
0.292246 0.455621 0.301675 1 0.225889 1 0.292438 0.285342 0.455884 0.000943807 0.228412 1 0.227078 0.286775 0.252723 0.225445 0.225025 0.294016 0.686924 0.453437 0.456053 0.0024683 0.289912 0.22591 0.299757
0.149399 0.471162 0.148578 0 0.174725 0 0.149512 0.144611 0.506848 0.999114 0.176814 0 0.175709 0.145389 0.167372 0.174357 0.17401 0.150441 0.286803 0.468966 0.471597 0.997629 0.148028 0.174742 0.147499
0.292246 0.455621 0.301675 1 0.225889 1 0.292438 0.285342 0.455884 0.000943807 0.228412 1 0.227078 0.286775 0.252723 0.225445 0.225025 0.294016 0.686924 0.453437 0.456053 0.0024683 0.289912 0.22591 0.299757
0.149399 0.471162 0.148578 0 0.174725 0 0.149512 0.144611 0.506848 0.999114 0.176814 0 0.175709 0.145389 0.167372 0.174357 0.17401 0.150441 0.286803 0.468966 0.471597 0.997629 0.148028 0.174742 0.147499
0.292246 0.455621 0.301675 1 0.225889 1 0.292438 0.285342 0.455884 0.000943807 0.228412 1 0.227078 0.286775 0.252723 0.225445 0.225025 0.294016 0.686924 0.453437 0.456053 0.0024683 0.289912 0.22591 0.299757
0.149399 0.471162 0.148578 0 0.174725 0 0.149512 0.144611 0.506848 0.999114 0.176814 0 0.175709 0.145389 0.167372 0.174357 0.17401 0.150441 0.286803 0.468966 0.471597 0.997629 0.148028 0.174742 0.147499
0.292246 0.455621 0.301675 1 0.225889 1 0.292438 0.285342 0.455884 0.000943807 0.228412 1 0.227078 0.286775 0.252723 0.225445 0.225025 0.294016 0.686924 0.453437 0.456053 0.0024683 0.289912 0.22591 0.299757
0.149399 0.471162 0.148578 0 0.174725 0 0.149512 0.144611 0.506848 0.999114 0.176814 0 0.175709 0.145389 0.167372 0.174357 0.17401 0.150441 0.286803 0.468966 0.471597 0.997629 0.148028 0.174742 0.147499
0.292246 0.455621 0.301675 1 0.225889 1 0.292438 0.285342 0.455884 0.000943807 0.228412 1 0.227078 0.286775 0.252723 0.225445 0.225025 0.294016 0.686924 0.453437 0.456053 0.0024683 0.289912 0.22591 0.299757
0.149399 0.471162 0.148578 0 0.174725 0 0.149512 0.144611 0.506848 0.999114 0.176814 0 0.175709 0.145389 0.167372 0.174357 0.17401 0.150441 0.286803 0.468966 0.471597 0.997629 0.148028 0.174742 0.147499
0.292246 0.455621 0.301675 1 0.225889 1 0.292438 0.285342 0.455884 0.000943807 0.228412 1 0.227078 0.286775 0.252723 0.225445 0.225025 0.294016 0.686924 0.453437 0.456053 0.0024683 0.289912 0.22591 0.299757
0.149399 0.471162 0.148578 0 0.174725 0 0.149512 0.144611 0.506848 0.999114 0.176814 0 0.175709 0.145389 0.167372 0.174357 0.17401 0.150441 0.286803 0.468966 0.471597 0.997629 0.148028 0.174742 0.147499
0.292246 0.455621 0.301675 1 0.225889 1 0.292438 0.285342 0.455884 0.000943807 0.228412 1 0.227078 0.286775 0.252723 0.225445 0.225025 0.294016 0.686924 0.453437 0.456053 0.0024683 0.289912 0.22591 0.299757
0.149399 0.471162 0.148578 0 0.174725 0 0.149512 0.144611 0.506848 0.999114 0.176814 0 0.175709 0.145389 0.167372 0.174357 0.17401 0.150441 0.286803 0.468966 0.471597 0.997629 0.148028 0.174742 0.147499
0.292246 0.455621 0.301675 1 0.225889 1 0.292438 0.285342 0.455884 0.000943807 0.228412 1 0.227078 0.286775 0.252723 0.225445 0.225025 0.294016 0.686924 0.453437 0.456053 0.0024683 0.289912 0.22591 0.299757
0.149399 0.471162 0.148578 0 0.174725 0 0.149512 0.144611 0.506848 0.999114 0.176814 0 0.175709 0.145389 0.167372 0.174357 0.17401 0.150441 0.286803 0.468966 0.471597 0.997629 0.148028 0.174742 0.147499
0.292246 0.455621 0.301675 1 0.225889 1 0.292438 0.285342 0.455884 0.000943807 0.228412 1 0.227078 0.286775 0.252723 0.225445 0.225025 0.294016 0.686924 0.453437 0.456053 0.0024683 0.289912 0.22591 0.299757
0.149399 0.471162 0.148578 0 0.174725 0 0.149512 0.144611 0.506848 0.999114 0.176814 0 0.175709 0.145389 0.167372 0.174357 0.17401 0.150441 0.286803 0.468966 0.471597 0.997629 0.148028 0.174742 0.147499
0.292246 0.455621 0.301675 1 0.225889 1 0.292438 0.285342 0.455884 0.000943807 0.228412 1 0.227078 0.286775 0.252723 0.225445 0.225025 0.294016 0.686924 0.453437 0.456053 0.0024683 0.289912 0.22591 0.299757
0.149399 0.471162 0.148578 0 0.174725 0 0.149512 0.144611 0.506848 0.999114 0.176814 0 0.175709 0.145389 0.167372 0.174357 0.17401 0.150441 0.286803 0.468966 0.471597 0.997629 0.148028 0.174742 0.147499
0.292246 0.455621 0.301675 1 0.225889 1 0.292438 0.285342 0.455884 0.000943807 0.228412 1 0.227078 0.286775 0.252723 0.225445 0.225025 0.294016 0.686924 0.453437 0.456053 0.0024683 0.289912 0.22591 0.299757
0.149399 0.471162 0.148578 0 0.174725 0 0.149512 0.144611 0.506848 0.999114 0.176814 0 0.175709 0.145389 0.167372 0.174357 0.17401 0.150441 0.286803 0.468966 0.471597 0.997629 0.148028 0.174742 0.147499
0.292246 0.455621 0.301675 1 0.225889 1 0.292438 0.285342 0.455884 0.000943807 0.228412 1 0.227078 0.286775 0.252723 0.225445 0.225025 0.294016 0.686924 0.453437 0.456053 0.0024683 0.289912 0.22591 0.299757
0.149399 0.471162 0.148578 0 0.174725 0 0.149512 0.144611 0.506848 0.999114 0.176814 0 0.175709 0.145389 0.167372 0.174357 0.17401 0.150441 0.286803 0.468966 0.471597 0.997629 0.148028 0.174742 0.147499
0.292246 0.455621 0.301675 1 0.225889 1 0.292438 0.285342 0.455884 0.000943807 0.228412 1 0.227078 0.286775 0.252723 0.225445 0.225025 0.294016 0.686924 0.453437 0.456053 0.0024683 0.289912 0.22591 0.299757
0.149399 0.471162 0.148578 0 0.174725 0 0.149512 0.144611 0.506848 0.999114 0.176814 0 0.175709 0.145389 0.167372 0.174357 0.17401 0.150441 0.286803 0.468966 0.471597 0.997629 0.148028 0.174742 0.147499
0.292246 0.455621 0.301675 1 0.225889 1 0.292438 0.285342 0.455884 0.000943807 0.228412 1 0.227078 0.286775 0.252723 0.225445 0.225025 0.294016 0.686924 0.453437 0.456053 0.0024683 0.289912 0.22591 0.299757
0.149399 0.471162 0.148578 0 0.174725 0 0.149512 0.144611 0.506848 0.999114 0.176814 0 0.175709 0.145389 0.167372 0.174357 0.17401 0.150441 0.286803 0.468966 0.471597 0.997629 0.148028 0.174742 0.147499
0.292246 0.455621 0.301675 1 0.225889 1 0.292438 0.285342 0.455884 0.000943807 0.228412 1 0.227078 0.286775 0.252723 0.225445 0.225025 0.294016 0.686924 0.453437 0.456053 0.0024683 0.289912 0.22591 0.299757
0.149399 0.471162 0.148578 0 0.174725 0 0.149512 0.144611 0.506848 0.999114 0.176814 0 0.175709 0.145389 0.167372 0.174357 0.17401 0.150441 0.286803 0.468966 0.471597 0.997629 0.148028 0.174742 0.147499
0.292246 0.455621 0.301675 1 0.225889 1 0.292438 0.285342 0.455884 0.000943807 0.228412 1 0.227078 0.286775 0.252723 0.225445 0.225025 0.294016 0.686924 0.453437 0.456053 0.0024683 0.289912 0.22591 0.299757
0.149399 0.471162 0.148578 0 0.174725 0 0.149512 0.144611 0.506848 0.999114 0.176814 0 0.175709 0.145389 0.167372 0.174357 0.17401 0.150441 0.286803 0.468966 0.471597 0.997629 0.148028 0.174742 0.147499
0.292246 0.455621 0.301675 1 0.225889 1 0.292438 0.285342 0.455884 0.000943807 0.228412 1 0.227078 0.286775 0.252723 0.225445 0.225025 0.294016 0.686924 0.453437 0.456053 0.0024683 0.289912 0.22591 0.299757
0.149399 0.471162 0.148578 0 0.174725 0 0.149512 0.144611 0.506848 0.999114 0.176814 0 0.175709 0.145389 0.167372 0.174357 0.17401 0.150441 0.286803 0.468966 0.471597 0.997629 0.148028 0.174742 0.147499
0.292246 0.455621 0.301675 1 0.225889 1 0.292438 0.285342 0.455884 0.000943807 0.228412 1 0.227078 0.286775 0.252723 0.225445 0.225025 0.294016 0.686924 0.453437 0.456053 0.0024683 0.289912 0.22591 0.299757
0.149399 0.471162 0.148578 0 0.174725 0 0.149512 0.144611 0.506848 0.999114 0.176814 0 0.175709 0.145389 0.167372 0.174357 0.17401 0.150441 0.286803 0.468966 0.471597 0.997629 0.148028 0.174742 0.147499
0.292246 0.455621 0.301675 1 0.225889 1 0.292438 0.285342 0.455884 0.000943807 0.228412 1 0.227078 0.286775 0.252723 0.225445 0.225025 0.294016 0.686924 0.453437 0.456053 0.0024683 0.289912 0.22591 0.299757
0.149399 0.471162 0.148578 0 0.174725 0 0.149512 0.144611 0.506848 0.999114 0.176814 0 0.175709 0.145389 0.167372 0.174357 0.17401 0.150441 0.286803 0.468966 0.471597 0.997629 0.148028 0.174742 0.147499
0.292246 0.455621 0.301675 1 0.225889 1 0.292438 0.285342 0.455884 0.000943807 0.228412 1 0.227078 0.286775 0.252723 0.225445 0.225025 0.294016 0.686924 0.453437 0.456053 0.0024683 0.289912 0.22591 0.299757
0.149399 0.471162 0.148578 0 0.174725 0 0.149512 0.144611 0.506848 0.999114 0.176814 0 0.175709 0.145389 0.167372 0.174357 0.17401 0.150441 0.286803 0.468966 0.471597 0.997629 0.148028 0.174742 0.147499
0.292246 0.455621 0.301675 1 0.225889 1 0.292438 0.285342 0.455884 0.000943807 0.228412 1 0.227078 0.286775 0.252723 0.225445 0.225025 0.294016 0.686924 0.453437 0.456053 0.0024683 0.289912 0.22591 0.299757
0.149399 0.471162 0.148578 0 0.174725 0 0.149512 0.144611 0.506848 0.999114 0.176814 0 0.175709 0.145389 0.167372 0.174357 0.17401 0.150441 0.286803 0.468966 0.471597 0.997629 0.148028 0.174742 0.147499
0.292246 0.455621 0.301675 1 0.225889 1 0.292438 0.285342 0.455884 0.000943807 0.228412 1 0.227078 0.286775 0.252723 0.225445 0.225025 0.294016 0.686924 0.453437 0.456053 0.0024683 0.289912 0.22591 0.299757
0.149399 0.471162 0.148578 0 0.174725 0 0.149512 0.144611 0.506848 0.999114 0.176814 0 0.175709 0.145389 0.167372 0.174357 0.17401 0.150441 0.286803 0.468966 0.471597 0.997629 0.148028 0.174742 0.147499
0.292246 0.455621 0.301675 1 0.225889 1 0.292438 0.285342 0.455884 0.000943807 0.228412 1 0.227078 0.286775 0.252723 0.225445 0.225025 0.294016 0.686924 0.453437 0.456053 0.0024683 0.289912 0.22591 0.299757
0.149399 0.471162 0.148578 0 0.174725 0 0.149512 0.144611 0.506848 0.999114 0.176814 0 0.175709 0.145389 0.167372 0.174357 0.17401 0.150441 0.286803 0.468966 0.471597 0.997629 0.148028 0.174742 0.147499
0.292246 0.455621 0.301675 1 0.225889 1 0.292438 0.285342 0.455884 0.000943807 0.228412 1 0.227078 0.286775 0.252723 0.225445 0.225025 0.294016 0.686924 0.453437 0.456053 0.0024683 0.289912 0.22591 0.299757
0.149399 0.471162 0.148578 0 0.174725 0 0.149512 0.144611 0.506848 0.999114 0.176814 0 0.175709 0.145389 0.167372 0.174357 0.17401 0.150441 0.286803 0.468966 0.471597 0.997629 0.148028 0.174742 0.147499
0.292246 0.455621 0.301675 1 0.225889 1 0.292438 0.285342 0.455884 0.000943807 0.228412 1 0.227078 0.286775 0.252723 0.225445 0.225025 0.294016 0.686924 0.453437 0.456053 0.0024683 0.289912 0.22591 0.299757
0.149399 0.471162 0.148578 0 0.174725 0 0.149512 0.144611 0.506848 0.999114 0.176814 0 0.175709 0.145389 0.167372 0.174357 0.17401 0.150441 0.286803 0.468966 0.471597 0.997629 0.148028 0.174742 0.147499
0.292246 0.455621 0.301675 1 0.225889 1 0.292438 0.285342 0.455884 0.000943807 0.228412 1 0.227078 0.286775 0.252723 0.225445 0.225025 0.294016 0.686924 0.453437 0.456053 0.0024683 0.289912 0.22591 0.299757
0.149399 0.471162 0.148578 0 0.174725 0 0.149512 0.144611 0.506848 0.999114 0.176814 0 0.175709 0.145389 0.167372 0.174357 0.17401 0.150441 0.286803 0.468966 0.471597 0.997629 0.148028 0.174742 0.147499
0.292246 0.455621 0.301675 1 0.225889 1 0.292438 0.285342 0.455884 0.000943807 0.228412 1 0.227078 0.286775 0.252723 0.225445 0.225025 0.294016 0.686924 0.453437 0.456053 0.0024683 0.289912 0.22591 0.299757
0.149399 0.471162 0.148578 0 0.174725 0 0.149512 0.144611 0.506848 0.999114 0.176814 0 0.175709 0.145389 0.167372 0.174357 0.17401 0.150441 0.286803 0.468966 0.471597 0.997629 0.148028 0.174742 0.147499
0.292246 0.455621 0.301675 1 0.225889 1 0.292438 0.285342 0.455884 0.000943807 0.228412 1 0.227078 0.286775 0.252723 0.225445 0.225025 0.294016 0.686924 0.453437 0.456053 0.0024683 0.289912 0.22591 0.299757
0.149399 0.471162 0.148578 0 0.174725 0 0.149512 0.144611 0.506848 0.999114 0.176814 0 0.175709 0.145389 0.167372 0.174357 0.17401 0.150441 0.286803 0.468966 0.471597 0.997629 0.148028 0.174742 0.147499
0.292246 0.455621 0.301675 1 0.225889 1 0.292438 0.285342 0.455884 0.000943807 0.228412 1 0.227078 0.286775 0.252723 0.225445 0.225025 0.294016 0.686924 0.453437 0.456053 0.0024683 0.289912 0.22591 0.299757
0.149399 0.471162 0.148578 0 0.174725 0 0.149512 0.144611 0.506848 0.999114 0.176814 0 0.175709 0.145389 0.167372 0.174357 0.17401 0.150441 0.286803 0.468966 0.471597 0.997629 0.148028 0.174742 0.147499
0.292246 0.455621 0.301675 1 0.225889 1 0.292438 0.285342 0.455884 0.000943807 0.228412 1 0.227078 0.286775 0.252723 0.225445 0.225025 0.294016 0.686924 0.453437 0.456053 0.0024683 0.289912 0.22591 0.299757
0.149399 0.471162 0.148578 0 0.174725 0 0.149512 0.144611 0.506848 0.999114 0.176814 0 0.175709 0.145389 0.167372 0.174357 0.17401 0.150441 0.286803 0.468966 0.471597 0.997629 0.148028 0.174742 0.147499
0.292246 0.455621 0.301675 1 0.225889 1 0.292438 0.285342 0.455884 0.000943807 0.228412 1 0.227078 0.286775 0.252723 0.225445 0.225025 0.294016 0.686924 0.453437 0.456053 0.0024683 0.289912 0.22591 0.299757
0.149399 0.471162 0.148578 0 0.174725 0 0.149512 0.144611 0.506848 0.999114 0.176814 0 0.175709 0.145389 0.167372 0.174357 0.17401 0.150441 0.286803 0.468966 0.471597 0.997629 0.148028 0.174742 0.147499
0.292246 0.455621 0.301675 1 0.225889 1 0.292438 0.285342 0.455884 0.000943807 0.228412 1 0.227078 0.286775 0.252723 0.225445 0.225025 0.294016 0.686924 0.453437 0.456053 0.0024683 0.289912 0.22591 0.299757
0.149399 0.471162 0.148578 0 0.174725 0 0.149512 0.144611 0.506848 0.999114 0.176814 0 0.175709 0.145389 0.167372 0.174357 0.17401 0.150441 0.286803 0.468966 0.471597 0.997629 0.148028 0.174742 0.147499
0.292246 0.455621 0.301675 1 0.225889 1 0.292438 0.285342 0.455884 0.000943807 0.228412 1 0.227078 0.286775 0.252723 0.225445 0.225025 0.294016 0.686924 0.453437 0.456053 0.0024683 0.289912 0.22591 0.299757
0.149399 0.471162 0.148578 0 0.174725 0 0.149512 0.144611 0.506848 0.999114 0.176814 0 0.175709 0.145389 0.167372 0.174357 0.17401 0.150441 0.286803 0.468966 0.471597 0.997629 0.148028 0.174742 0.147499
0.292246 0.455621 0.301675 1 0.225889 1 0.292438 0.285342 0.455884 0.000943807 0.228412 1 0.227078 0.286775 0.252723 0.225445 0.225025 0.294016 0.686924 0.453437 0.456053 0.0024683 0.289912 0.22591 0.299757
0.149399 0.471162 0.148578 0 0.174725 0 0.149512 0.144611 0.506848 0.999114 0.176814 0 0.175709 0.145389 0.167372 0.174357 0.17401 0.150441 0.286803 0.468966 0.471597 0.997629 0.148028 0.174742 0.147499
0.292246 0.455621 0.301675 1 0.225889 1 0.292438 0.285342 0.455884 0.000943807 0.228412 1 0.227078 0.286775 0.252723 0.225445 0.225025 0.294016 0.686924 0.453437 0.456053 0.0024683 0.289912 0.22591 0.299757
0.149399 0.471162 0.148578 0 0.174725 0 0.149512 0.144611 0.506848 0.999114 0.176814 0 0.175709 0.145389 0.167372 0.174357 0.17401 0.150441 0.286803 0.468966 0.471597 0.997629 0.148028 0.174742 0.147499
0.292246 0.455621 0.301675 1 0.225889 1 0.292438 0.285342 0.455884 0.000943807 0.228412 1 0.227078 0.286775 0.252723 0.225445 0.225025 0.294016 0.686924 0.453437 0.456053 0.0024683 0.289912 0.22591 0.299757
0.149399 0.471162 0.148578 0 0.174725 0 0.149512 0.144611 0.506848 0.999114 0.176814 0 0.175709 0.145389 0.167372 0.174357 0.17401 0.150441 0.286803 0.468966 0.471597 0.997629 0.148028 0.174742 0.147499
0.292246 0.455621 0.301675 1 0.225889 1 0.292438 0.285342 0.455884 0.000943807 0.228412 1 0.227078 0.286775 0.252723 0.225445 0.225025 0.294016 0.686924 0.453437 0.456053 0.0024683 0.289912 0.22591 0.299757
0.149399 0.471162 0.148578 0 0.174725 0 0.149512 0.144611 0.506848 0.999114 0.176814 0 0.175709 0.145389 0.167372 0.174357 0.17401 0.150441 0.286803 0.468966 0.471597 0.997629 0.148028 0.174742 0.147499
0.292246 0.455621 0.301675 1 0.225889 1 0.292438 0.285342 0.455884 0.000943807 0.228412 1 0.227078 0.286775 0.252723 0.225445 0.225025 0.294016 0.686924 0.453437 0.456053 0.0024683 0.289912 0.22591 0.299757
0.149399 0.471162 0.148578 0 0.174725 0 0.149512 0.144611 0.506848 0.999114 0.176814 0 0.175709 0.145389 0.167372 0.174357 0.17401 0.150441 0.286803 0.468966 0.471597 0.997629 0.148028 0.174742 0.147499
0.292246 0.455621 0.301675 1 0.225889 1 0.292438 0.285342 0.455884 0.000943807 0.228412 1 0.227078 0.286775 0.252723 0.225445 0.225025 0.294016 0.686924 0.453437 0.456053 0.0024683 0.289912 0.22591 0.299757
0.149399 0.471162 0.148578 0 0.174725 0 0.149512 0.144611 0.506848 0.999114 0.176814 0 0.175709 0.145389 0.167372 0.174357 0.17401 0.150441 0.286803 0.468966 0.471597 0.997629 0.148028 0.174742 0.147499
0.292246 0.455621 0.301675 1 0.225889 1 0.292438 0.285342 0.455884 0.000943807 0.228412 1 0.227078 0.286775 0.252723 0.225445 0.225025 0.294016 0.686924 0.453437 0.456053 0.0024683 0.289912 0.22591 0.299757
0.149399 0.471162 0.148578 0 0.174725 0 0.149512 0.144611 0.506848 0.999114 0.176814 0 0.175709 0.145389 0.167372 0.174357 0.17401 0.150441 0.286803 0.468966 0.471597 0.997629 0.148028 0.174742 0.147499
0.292246 0.455621 0.301675 1 0.225889 1 0.292438 0.285342 0.455884 0.000943807 0.228412 1 0.227078 0.286775 0.252723 0.225445 0.225025 0.294016 0.686924 0.453437 0.456053 0.0024683 0.289912 0.22591 0.299757
0.149399 0.471162 0.148578 0 0.174725 0 0.149512 0.144611 0.506848 0.999114 0.176814 0 0.175709 0.145389 0.167372 0.174357 0.17401 0.150441 0.286803 0.468966 0.471597 0.997629 0.148028 0.174742 0.147499
0.292246 0.455621 0.301675 1 0.225889 1 0.292438 0.285342 0.455884 0.000943807 0.228412 1 0.227078 0.286775 0.252723 0.225445 0.225025 0.294016 0.686924 0.453437 0.456053 0.0024683 0.289912 0.22591 0.299757
0.149399 0.471162 0.148578 0 0.174725 0 0.149512 0.144611 0.506848 0.999114 0.176814 0 0.175709 0.145389 0.167372 0.174357 0.17401 0.150441 0.286803 0.468966 0.471597 0.997629 0.148028 0.174742 0.147499
0.292246 0.455621 0.301675 1 0.225889 1 0.292438 0.285342 0.455884 0.000943807 0.228412 1 0.227078 0.286775 0.252723 0.225445 0.225025 0.294016 0.686924 0.453437 0.456053 0.0024683 0.289912 0.22591 0.299757
0.149399 0.471162 0.148578 0 0.174725 0 0.149512 0.144611 0.506848 0.999114 0.176814 0 0.175709 0.145389 0.167372 0.174357 0.17401 0.150441 0.286803 0.468966 0.471597 0.997629 0.148028 0.174742 0.147499
0.292246 0.455621 0.301675 1 0.225889 1 0.292438 0.285342 0.455884 0.000943807 0.228412 1 0.227078 0.286775 0.252723 0.225445 0.225025 0.294016 0.686924 0.453437 0.456053 0.0024683 0.289912 0.22591 0.299757
0.149399 0.471162 0.148578 0 0.174725 0 0.149512 0.144611 0.506848 0.999114 0.176814 0 0.175709 0.145389 0.167372 0.174357 0.17401 0.150441 0.286803 0.468966 0.471597 0.997629 0.148028 0.174742 0.147499
0.292246 0.455621 0.301675 1 0.225889 1 0.292438 0.285342 0.455884 0.000943807 0.228412 1 0.227078 0.286775 0.252723 0.225445 0.225025 0.294016 0.686924 0.453437 0.456053 0.0024683 0.289912 0.22591 0.299757
0.149399 0.471162 0.148578 0 0.174725 0 0.149512 0.144611 0.506848 0.999114 0.176814 0 0.175709 0.145389 0.167372 0.174357 0.17401 0.150441 0.286803 0.468966 0.471597 0.997629 0.148028 0.174742 0.147499
0.292246 0.455621 0.301675 1 0.225889 1 0.292438 0.285342 0.455884 0.000943807 0.228412 1 0.227078 0.286775 0.252723 0.225445 0.225025 0.294016 0.686924 0.453437 0.456053 0.0024683 0.289912 0.22591 0.299757
0.149399 0.471162 0.148578 0 0.174725 0 0.149512 0.144611 0.506848 0.999114 0.176814 0 0.175709 0.145389 0.167372 0.174357 0.17401 0.150441 0.286803 0.468966 0.471597 0.997629 0.148028 0.174742 0.147499
0.292246 0.455621 0.301675 1 0.225889 1 0.292438 0.285342 0.455884 0.000943807 0.228412 1 0.227078 0.286775 0.252723 0.225445 0.225025 0.294016 0.686924 0.453437 0.456053 0.0024683 0.289912 0.22591 0.299757
0.149399 0.471162 0.148578 0 0.174725 0 0.149512 0.144611 0.506848 0.999114 0.176814 0 0.175709 0.145389 0.167372 0.174357 0.17401 0.150441 0.286803 0.468966 0.471597 0.997629 0.148028 0.174742 0.147499
0.292246 0.455621 0.301675 1 0.225889 1 0.292438 0.285342 0.455884 0.000943807 0.228412 1 0.227078 0.286775 0.252723 0.225445 0.225025 0.294016 0.686924 0.453437 0.456053 0.0024683 0.289912 0.22591 0.299757
0.149399 0.471162 0.148578 0 0.174725 0 0.149512 0.144611 0.506848 0.999114 0.176814 0 0.175709 0.145389 0.167372 0.174357 0.17401 0.150441 0.286803 0.468966 0.471597 0.997629 0.148028 0.174742 0.147499
0.292246 0.455621 0.301675 1 0.225889 1 0.292438 0.285342 0.455884 0.000943807 0.228412 1 0.227078 0.286775 0.252723 0.225445 0.225025 0.294016 0.686924 0.453437 0.456053 0.0024683 0.289912 0.22591 0.299757
0.149399 0.471162 0.148578 0 0.174725 0 0.149512 0.144611 0.506848 0.999114 0.176814 0 0.175709 0.145389 0.167372 0.174357 0.17401 0.150441 0.286803 0.468966 0.471597 0.997629 0.148028 0.174742 0.147499
0.292246 0.455621 0.301675 1 0.225889 1 0.292438 0.285342 0.455884 0.000943807 0.228412 1 0.227078 0.286775 0.252723 0.225445 0.225025 0.294016 0.686924 0.453437 0.456053 0.0024683 0.289912 0.22591 0.299757
0.149399 0.471162 0.148578 0 0.174725 0 0.149512 0.144611 0.506848 0.999114 0.176814 0 0.175709 0.145389 0.167372 0.174357 0.17401 0.150441 0.286803 0.468966 0.471597 0.997629 0.148028 0.174742 0.147499
0.292246 0.455621 0.301675 1 0.225889 1 0.292438 0.285342 0.455884 0.000943807 0.228412 1 0.227078 0.286775 0.252723 0.225445 0.225025 0.294016 0.686924 0.453437 0.456053 0.0024683 0.289912 0.22591 0.299757
0.149399 0.471162 0.148578 0 0.174725 0 0.149512 0.144611 0.506848 0.999114 0.176814 0 0.175709 0.145389 0.167372 0.174357 0.17401 0.150441 0.286803 0.468966 0.471597 0.997629 0.148028 0.174742 0.147499
0.292246 0.455621 0.301675 1 0.225889 1 0.292438 0.285342 0.455884 0.000943807 0.228412 1 0.227078 0.286775 0.252723 0.225445 0.225025 0.294016 0.686924 0.453437 0.456053 0.0024683 0.289912 0.22591 0.299757
0.149399 0.471162 0.148578 0 0.174725 0 0.149512 0.144611 0.506848 0.999114 0.176814 0 0.175709 0.145389 0.167372 0.174357 0.17401 0.150441 0.286803 0.468966 0.471597 0.997629 0.148028 0.174742 0.147499
0.292246 0.455621 0.301675 1 0.225889 1 0.292438 0.285342 0.455884 0.000943807 0.228412 1 0.227078 0.286775 0.252723 0.225445 0.225025 0.294016 0.686924 0.453437 0.456053 0.0024683 0.289912 0.22591 0.299757
0.149399 0.471162 0.148578 0 0.174725 0 0.149512 0.144611 0.506848 0.999114 0.176814 0 0.175709 0.145389 0.167372 0.174357 0.17401 0.150441 0.286803 0.468966 0.471597 0.997629 0.148028 0.174742 0.147499
0.292246 0.455621 0.301675 1 0.225889 1 0.292438 0.285342 0.455884 0.000943807 0.228412 1 0.227078 0.286775 0.252723 0.225445 0.225025 0.294016 0.686924 0.453437 0.456053 0.0024683 0.289912 0.22591 0.299757
0.149399 0.471162 0.148578 0 0.174725 0 0.149512 0.144611 0.506848 0.999114 0.176814 0 0.175709 0.145389 0.167372 0.174357 0.17401 0.150441 0.286803 0.468966 0.471597 0.997629 0.148028 0.174742 0.147499
0.292246 0.455621 0.301675 1 0.225889 1 0.292438 0.285342 0.455884 0.000943807 0.228412 1 0.227078 0.286775 0.252723 0.225445 0.225025 0.294016 0.686924 0.453437 0.456053 0.0024683 0.289912 0.22591 0.299757
0.149399 0.471162 0.148578 0 0.174725 0 0.149512 0.144611 0.506848 0.999114 0.176814 0 0.175709 0.145389 0.167372 0.174357 0.17401 0.150441 0.286803 0.468966 0.471597 0.997629 0.148028 0.174742 0.147499
0.292246 0.455621 0.301675 1 0.225889 1 0.292438 0.285342 0.455884 0.000943807 0.228412 1 0.227078 0.286775 0.252723 0.225445 0.225025 0.294016 0.686924 0.453437 0.456053 0.0024683 0.289912 0.22591 0.299757
0.149399 0.471162 0.148578 0 0.174725 0 0.149512 0.144611 0.506848 0.999114 0.176814 0 0.175709 0.145389 0.167372 0.174357 0.17401 0.150441 0.286803 0.468966 0.471597 0.997629 0.148028 0.174742 0.147499
0.292246 0.455621 0.301675 1 0.225889 1 0.292438 0.285342 0.455884 0.000943807 0.228412 1 0.227078 0.286775 0.252723 0.225445 0.225025 0.294016 0.686924 0.453437 0.456053 0.0024683 0.289912 0.22591 0.299757
0.149399 0.471162 0.148578 0 0.174725 0 0.149512 0.144611 0.506848 0.999114 0.176814 0 0.175709 0.145389 0.167372 0.174357 0.17401 0.150441 0.286803 0.468966 0.471597 0.997629 0.148028 0.174742 0.147499
0.292246 0.455621 0.301675 1 0.225889 1 0.292438 0.285342 0.455884 0.000943807 0.228412 1 0.227078 0.286775 0.252723 0.225445 0.225025 0.294016 0.686924 0.453437 0.456053 0.0024683 0.289912 0.22591 0.299757
0.149399 0.471162 0.148578 0 0.174725 0 0.149512 0.144611 0.506848 0.999114 0.176814 0 0.175709 0.145389 0.167372 0.174357 0.17401 0.150441 0.286803 0.468966 0.471597 0.997629 0.148028 0.174742 0.147499
0.292246 0.455621 0.301675 1 0.225889 1 0.292438 0.285342 0.455884 0.000943807 0.228412 1 0.227078 0.286775 0.252723 0.225445 0.225025 0.294016 0.686924 0.453437 0.456053 0.0024683 0.289912 0.22591 0.299757
0.149399 0.471162 0.148578 0 0.174725 0 0.149512 0.144611 0.506848 0.999114 0.176814 0 0.175709 0.145389 0.167372 0.174357 0.17401 0.150441 0.286803 0.468966 0.471597 0.997629 0.148028 0.174742 0.147499
0.292246 0.455621 0.301675 1 0.225889 1 0.292438 0.285342 0.455884 0.000943807 0.228412 1 0.227078 0.286775 0.252723 0.225445 0.225025 0.294016 0.686924 0.453437 0.456053 0.0024683 0.289912 0.22591 0.299757
0.149399 0.471162 0.148578 0 0.174725 0 0.149512 0.144611 0.506848 0.999114 0.176814 0 0.175709 0.145389 0.167372 0.174357 0.17401 0.150441 0.286803 0.468966 0.471597 0.997629 0.148028 0.174742 0.147499
0.292246 0.455621 0.301675 1 0.225889 1 0.292438 0.285342 0.455884 0.000943807 0.228412 1 0.227078 0.286775 0.252723 0.225445 0.225025 0.294016 0.686924 0.453437 0.456053 0.0024683 0.289912 0.22591 0.299757
0.149399 0.471162 0.148578 0 0.174725 0 0.149512 0.144611 0.506848 0.999114 0.176814 0 0.175709 0.145389 0.167372 0.174357 0.17401 0.150441 0.286803 0.468966 0.471597 0.997629 0.148028 0.174742 0.147499
0.292246 0.455621 0.301675 1 0.225889 1 0.292438 0.285342 0.455884 0.000943807 0.228412 1 0.227078 0.286775 0.252723 0.225445 0.225025 0.294016 0.686924 0.453437 0.456053 0.0024683 0.289912 0.22591 0.299757
0.149399 0.471162 0.148578 0 0.174725 0 0.149512 0.144611 0.506848 0.999114 0.176814 0 0.175709 0.145389 0.167372 0.174357 0.17401 0.150441 0.286803 0.468966 0.471597 0.997629 0.148028 0.174742 0.147499
0.292246 0.455621 0.301675 1 0.225889 1 0.292438 0.285342 0.455884 0.000943807 0.228412 1 0.227078 0.286775 0.252723 0.225445 0.225025 0.294016 0.686924 0.453437 0.456053 0.0024683 0.289912 0.22591 0.299757
0.149399 0.471162 0.148578 0 0.174725 0 0.149512 0.144611 0.506848 0.999114 0.176814 0 0.175709 0.145389 0.167372 0.174357 0.17401 0.150441 0.286803 0.468966 0.471597 0.997629 0.148028 0.174742 0.147499
0.292246 0.455621 0.301675 1 0.225889 1 0.292438 0.285342 0.455884 0.000943807 0.228412 1 0.227078 0.286775 0.252723 0.225445 0.225025 0.294016 0.686924 0.453437 0.456053 0.0024683 0.289912 0.22591 0.299757
0.149399 0.471162 0.148578 0 0.174725 0 0.149512 0.144611 0.506848 0.999114 0.176814 0 0.175709 0.145389 0.167372 0.174357 0.17401 0.150441 0.286803 0.468966 0.471597 0.997629 0.148028 0.174742 0.147499
0.292246 0.455621 0.301675 1 0.225889 1 0.292438 0.285342 0.455884 0.000943807 0.228412 1 0.227078 0.286775 0.252723 0.225445 0.225025 0.294016 0.686924 0.453437 0.456053 0.0024683 0.289912 0.22591 0.299757
0.149399 0.471162 0.148578 0 0.174725 0 0.149512 0.144611 0.506848 0.999114 0.176814 0 0.175709 0.145389 0.167372 0.174357 0.17401 0.150441 0.286803 0.468966 0.471597 0.997629 0.148028 0.174742 0.147499
0.292246 0.455621 0.301675 1 0.225889 1 0.292438 0.285342 0.455884 0.000943807 0.228412 1 0.227078 0.286775 0.252723 0.225445 0.225025 0.294016 0.686924 0.453437 0.456053 0.0024683 0.289912 0.22591 0.299757
0.149399 0.471162 0.148578 0 0.174725 0 0.149512 0.144611 0.506848 0.999114 0.176814 0 0.175709 0.145389 0.167372 0.174357 0.17401 0.150441 0.286803 0.468966 0.471597 0.997629 0.148028 0.174742 0.147499
0.292246 0.455621 0.301675 1 0.225889 1 0.292438 0.285342 0.455884 0.000943807 0.228412 1 0.227078 0.286775 0.252723 0.225445 0.225025 0.294016 0.686924 0.453437 0.456053 0.0024683 0.289912 0.22591 0.299757
0.149399 0.471162 0.148578 0 0.174725 0 0.149512 0.144611 0.506848 0.999114 0.176814 0 0.175709 0.145389 0.167372 0.174357 0.17401 0.150441 0.286803 0.468966 0.471597 0.997629 0.148028 0.174742 0.147499
0.292246 0.455621 0.301675 1 0.225889 1 0.292438 0.285342 0.455884 0.000943807 0.228412 1 0.227078 0.286775 0.252723 0.225445 0.225025 0.294016 0.686924 0.453437 0.456053 0.0024683 0.289912 0.22591 0.299757
0.149399 0.471162 0.148578 0 0.174725 0 0.149512 0.144611 0.506848 0.999114 0.176814 0 0.175709 0.145389 0.167372 0.174357 0.17401 0.150441 0.286803 0.468966 0.471597 0.997629 0.148028 0.174742 0.147499
0.292246 0.455621 0.301675 1 0.225889 1 0.292438 0.285342 0.455884 0.000943807 0.228412 1 0.227078 0.286775 0.252723 0.225445 0.225025 0.294016 0.686924 0.453437 0.456053 0.0024683 0.289912 0.22591 0.299757
0.149399 0.471162 0.148578 0 0.174725 0 0.149512 0.144611 0.506848 0.999114 0.176814 0 0.175709 0.145389 0.167372 0.174357 0.17401 0.150441 0.286803 0.468966 0.471597 0.997629 0.148028 0.174742 0.147499
0.292246 0.455621 0.301675 1 0.225889 1 0.292438 0.285342 0.455884 0.000943807 0.228412 1 0.227078 0.286775 0.252723 0.225445 0.225025 0.294016 0.686924 0.453437 0.456053 0.0024683 0.289912 0.22591 0.299757
0.149399 0.471162 0.148578 0 0.174725 0 0.149512 0.144611 0.506848 0.999114 0.176814 0 0.175709 0.145389 0.167372 0.174357 0.17401 0.150441 0.286803 0.468966 0.471597 0.997629 0.148028 0.174742 0.147499
0.292246 0.455621 0.301675 1 0.225889 1 0.292438 0.285342 0.455884 0.000943807 0.228412 1 0.227078 0.286775 0.252723 0.225445 0.225025 0.294016 0.686924 0.453437 0.456053 0.0024683 0.289912 0.22591 0.299757
0.149399 0.471162 0.148578 0 0.174725 0 0.149512 0.144611 0.506848 0.999114 0.176814 0 0.175709 0.145389 0.167372 0.174357 0.17401 0.150441 0.286803 0.468966 0.471597 0.997629 0.148028 0.174742 0.147499
0.292246 0.455621 0.301675 1 0.225889 1 0.292438 0.285342 0.455884 0.000943807 0.228412 1 0.227078 0.286775 0.252723 0.225445 0.225025 0.294016 0.686924 0.453437 0.456053 0.0024683 0.289912 0.22591 0.299757
0.149399 0.471162 0.148578 0 0.174725 0 0.149512 0.144611 0.506848 0.999114 0.176814 0 0.175709 0.145389 0.167372 0.174357 0.17401 0.150441 0.286803 0.468966 0.471597 0.997629 0.148028 0.174742 0.147499
0.292246 0.455621 0.301675 1 0.225889 1 0.292438 0.285342 0.455884 0.000943807 0.228412 1 0.227078 0.286775 0.252723 0.225445 0.225025 0.294016 0.686924 0.453437 0.456053 0.0024683 0.289912 0.22591 0.299757
0.149399 0.471162 0.148578 0 0.174725 0 0.149512 0.144611 0.506848 0.999114 0.176814 0 0.175709 0.145389 0.167372 0.174357 0.17401 0.150441 0.286803 0.468966 0.471597 0.997629 0.148028 0.174742 0.147499
0.292246 0.455621 0.301675 1 0.225889 1 0.292438 0.285342 0.455884 0.000943807 0.228412 1 0.227078 0.286775 0.252723 0.225445 0.225025 0.294016 0.686924 0.453437 0.456053 0.0024683 0.289912 0.22591 0.299757
0.149399 0.471162 0.148578 0 0.174725 0 0.149512 0.144611 0.506848 0.999114 0.176814 0 0.175709 0.145389 0.167372 0.174357 0.17401 0.150441 0.286803 0.468966 0.471597 0.997629 0.148028 0.174742 0.147499
0.292246 0.455621 0.301675 1 0.225889 1 0.292438 0.285342 0.455884 0.000943807 0.228412 1 0.227078 0.286775 0.252723 0.225445 0.225025 0.294016 0.686924 0.453437 0.456053 0.0024683 0.289912 0.22591 0.299757
0.149399 0.471162 0.148578 0 0.174725 0 0.149512 0.144611 0.506848 0.999114 0.176814 0 0.175709 0.145389 0.167372 0.174357 0.17401 0.150441 0.286803 0.468966 0.471597 0.997629 0.148028 0.174742 0.147499
0.292246 0.455621 0.301675 1 0.225889 1 0.292438 0.285342 0.455884 0.000943807 0.228412 1 0.227078 0.286775 0.252723 0.225445 0.225025 0.294016 0.686924 0.453437 0.456053 0.0024683 0.289912 0.22591 0.299757
0.149399 0.471162 0.148578 0 0.174725 0 0.149512 0.144611 0.506848 0.999114 0.176814 0 0.175709 0.145389 0.167372 0.174357 0.17401 0.150441 0.286803 0.468966 0.471597 0.997629 0.148028 0.174742 0.147499
0.292246 0.455621 0.301675 1 0.225889 1 0.292438 0.285342 0.455884 0.000943807 0.228412 1 0.227078 0.286775 0.252723 0.225445 0.225025 0.294016 0.686924 0.453437 0.456053 0.0024683 0.289912 0.22591 0.299757
0.149399 0.471162 0.148578 0 0.174725 0 0.149512 0.144611 0.506848 0.999114 0.176814 0 0.175709 0.145389 0.167372 0.174357 0.17401 0.150441 0.286803 0.468966 0.471597 0.997629 0.148028 0.174742 0.147499
0.292246 0.455621 0.301675 1 0.225889 1 0.292438 0.285342 0.455884 0.000943807 0.228412 1 0.227078 0.286775 0.252723 0.225445 0.225025 0.294016 0.686924 0.453437 0.456053 0.0024683 0.289912 0.22591 0.299757
0.149399 0.471162 0.148578 0 0.174725 0 0.149512 0.144611 0.506848 0.999114 0.176814 0 0.175709 0.145389 0.167372 0.174357 0.17401 0.150441 0.286803 0.468966 0.471597 0.997629 0.148028 0.174742 0.147499
0.292246 0.455621 0.301675 1 0.225889 1 0.292438 0.285342 0.455884 0.000943807 0.228412 1 0.227078 0.286775 0.252723 0.225445 0.225025 0.294016 0.686924 0.453437 0.456053 0.0024683 0.289912 0.22591 0.299757
0.149399 0.471162 0.148578 0 0.174725 0 0.149512 0.144611 0.506848 0.999114 0.176814 0 0.175709 0.145389 0.167372 0.174357 0.17401 0.150441 0.286803 0.468966 0.471597 0.997629 0.148028 0.174742 0.147499
0.292246 0.455621 0.301675 1 0.225889 1 0.292438 0.285342 0.455884 0.000943807 0.228412 1 0.227078 0.286775 0.252723 0.225445 0.225025 0.294016 0.686924 0.453437 0.456053 0.0024683 0.289912 0.22591 0.299757
0.149399 0.471162 0.148578 0 0.174725 0 0.149512 0.144611 0.506848 0.999114 0.176814 0 0.175709 0.145389 0.167372 0.174357 0.17401 0.150441 0.286803 0.468966 0.471597 0.997629 0.148028 0.174742 0.147499
0.292246 0.455621 0.301675 1 0.225889 1 0.292438 0.285342 0.455884 0.000943807 0.228412 1 0.227078 0.286775 0.252723 0.225445 0.225025 0.294016 0.686924 0.453437 0.456053 0.0024683 0.289912 0.22591 0.299757
0.149399 0.471162 0.148578 0 0.174725 0 0.149512 0.144611 0.506848 0.999114 0.176814 0 0.175709 0.145389 0.167372 0.174357 0.17401 0.150441 0.286803 0.468966 0.471597 0.997629 0.148028 0.174742 0.147499
0.292246 0.455621 0.301675 1 0.225889 1 0.292438 0.285342 0.455884 0.000943807 0.228412 1 0.227078 0.286775 0.252723 0.225445 0.225025 0.294016 0.686924 0.453437 0.456053 0.0024683 0.289912 0.22591 0.299757
0.149399 0.471162 0.148578 0 0.174725 0 0.149512 0.144611 0.506848 0.999114 0.176814 0 0.175709 0.145389 0.167372 0.174357 0.17401 0.150441 0.286803 0.468966 0.471597 0.997629 0.148028 0.174742 0.147499
0.292246 0.455621 0.301675 1 0.225889 1 0.292438 0.285342 0.455884 0.000943807 0.228412 1 0.227078 0.286775 0.252723 0.225445 0.225025 0.294016 0.686924 0.453437 0.456053 0.0024683 0.289912 0.22591 0.299757
0.149399 0.471162 0.148578 0 0.174725 0 0.149512 0.144611 0.506848 0.999114 0.176814 0 0.175709 0.145389 0.167372 0.174357 0.17401 0.150441 0.286803 0.468966 0.471597 0.997629 0.148028 0.174742 0.147499
0.292246 0.455621 0.301675 1 0.225889 1 0.292438 0.285342 0.455884 0.000943807 0.228412 1 0.227078 0.286775 0.252723 0.225445 0.225025 0.294016 0.686924 0.453437 0.456053 0.0024683 0.289912 0.22591 0.299757
0.149399 0.471162 0.148578 0 0.174725 0 0.149512 0.144611 0.506848 0.999114 0.176814 0 0.175709 0.145389 0.167372 0.174357 0.17401 0.150441 0.286803 0.468966 0.471597 0.997629 0.148028 0.174742 0.147499
0.292246 0.455621 0.301675 1 0.225889 1 0.292438 0.285342 0.455884 0.000943807 0.228412 1 0.227078 0.286775 0.252723 0.225445 0.225025 0.294016 0.686924 0.453437 0.456053 0.0024683 0.289912 0.22591 0.299757
0.149399 0.471162 0.148578 0 0.174725 0 0.149512 0.144611 0.506848 0.999114 0.176814 0 0.175709 0.145389 0.167372 0.174357 0.17401 0.150441 0.286803 0.468966 0.471597 0.997629 0.148028 0.174742 0.147499
0.292246 0.455621 0.301675 1 0.225889 1 0.292438 0.285342 0.455884 0.000943807 0.228412 1 0.227078 0.286775 0.252723 0.225445 0.225025 0.294016 0.686924 0.453437 0.456053 0.0024683 0.289912 0.22591 0.299757
0.149399 0.471162 0.148578 0 0.174725 0 0.149512 0.144611 0.506848 0.999114 0.176814 0 0.175709 0.145389 0.167372 0.174357 0.17401 0.150441 0.286803 0.468966 0.471597 0.997629 0.148028 0.174742 0.147499
0.292246 0.455621 0.301675 1 0.225889 1 0.292438 0.285342 0.455884 0.000943807 0.228412 1 0.227078 0.286775 0.252723 0.225445 0.225025 0.294016 0.686924 0.453437 0.456053 0.0024683 0.289912 0.22591 0.299757
0.149399 0.471162 0.148578 0 0.174725 0 0.149512 0.144611 0.506848 0.999114 0.176814 0 0.175709 0.145389 0.167372 0.174357 0.17401 0.150441 0.286803 0.468966 0.471597 0.997629 0.148028 0.174742 0.147499
0.292246 0.455621 0.301675 1 0.225889 1 0.292438 0.285342 0.455884 0.000943807 0.228412 1 0.227078 0.286775 0.252723 0.225445 0.225025 0.294016 0.686924 0.453437 0.456053 0.0024683 0.289912 0.22591 0.299757
0.149399 0.471162 0.148578 0 0.174725 0 0.149512 0.144611 0.506848 0.999114 0.176814 0 0.175709 0.145389 0.167372 0.174357 0.17401 0.150441 0.286803 0.468966 0.471597 0.997629 0.148028 0.174742 0.147499
0.292246 0.455621 0.301675 1 0.225889 1 0.292438 0.285342 0.455884 0.000943807 0.228412 1 0.227078 0.286775 0.252723 0.225445 0.225025 0.294016 0.686924 0.453437 0.456053 0.0024683 0.289912 0.22591 0.299757
0.149399 0.471162 0.148578 0 0.174725 0 0.149512 0.144611 0.506848 0.999114 0.176814 0 0.175709 0.145389 0.167372 0.174357 0.17401 0.150441 0.286803 0.468966 0.471597 0.997629 0.148028 0.174742 0.147499
0.292246 0.455621 0.301675 1 0.225889 1 0.292438 0.285342 0.455884 0.000943807 0.228412 1 0.227078 0.286775 0.252723 0.225445 0.225025 0.294016 0.686924 0.453437 0.456053 0.0024683 0.289912 0.22591 0.299757
0.149399 0.471162 0.148578 0 0.174725 0 0.149512 0.144611 0.506848 0.999114 0.176814 0 0.175709 0.145389 0.167372 0.174357 0.17401 0.150441 0.286803 0.468966 0.471597 0.997629 0.148028 0.174742 0.147499
0.292246 0.455621 0.301675 1 0.225889 1 0.292438 0.285342 0.455884 0.000943807 0.228412 1 0.227078 0.286775 0.252723 0.225445 0.225025 0.294016 0.686924 0.453437 0.456053 0.0024683 0.289912 0.22591 0.299757
0.149399 0.471162 0.148578 0 0.174725 0 0.149512 0.144611 0.506848 0.999114 0.176814 0 0.175709 0.145389 0.167372 0.174357 0.17401 0.150441 0.286803 0.468966 0.471597 0.997629 0.148028 0.174742 0.147499
0.292246 0.455621 0.301675 1 0.225889 1 0.292438 0.285342 0.455884 0.000943807 0.228412 1 0.227078 0.286775 0.252723 0.225445 0.225025 0.294016 0.686924 0.453437 0.456053 0.0024683 0.289912 0.22591 0.299757
0.149399 0.471162 0.148578 0 0.174725 0 0.149512 0.144611 0.506848 0.999114 0.176814 0 0.175709 0.145389 0.167372 0.174357 0.17401 0.150441 0.286803 0.468966 0.471597 0.997629 0.148028 0.174742 0.147499
0.292246 0.455621 0.301675 1 0.225889 1 0.292438 0.285342 0.455884 0.000943807 0.228412 1 0.227078 0.286775 0.252723 0.225445 0.225025 0.294016 0.686924 0.453437 0.456053 0.0024683 0.289912 0.22591 0.299757
0.149399 0.471162 0.148578 0 0.174725 0 0.149512 0.144611 0.506848 0.999114 0.176814 0 0.175709 0.145389 0.167372 0.174357 0.17401 0.150441 0.286803 0.468966 0.471597 0.997629 0.148028 0.174742 0.147499
0.292246 0.455621 0.301675 1 0.225889 1 0.292438 0.285342 0.455884 0.000943807 0.228412 1 0.227078 0.286775 0.252723 0.225445 0.225025 0.294016 0.686924 0.453437 0.456053 0.0024683 0.289912 0.22591 0.299757
0.149399 0.471162 0.148578 0 0.174725 0 0.149512 0.144611 0.506848 0.999114 0.176814 0 0.175709 0.145389 0.167372 0.174357 0.17401 0.150441 0.286803 0.468966 0.471597 0.997629 0.148028 0.174742 0.147499
0.292246 0.455621 0.301675 1 0.225889 1 0.292438 0.285342 0.455884 0.000943807 0.228412 1 0.227078 0.286775 0.252723 0.225445 0.225025 0.294016 0.686924 0.453437 0.456053 0.0024683 0.289912 0.22591 0.299757
0.149399 0.471162 0.148578 0 0.174725 0 0.149512 0.144611 0.506848 0.999114 0.176814 0 0.175709 0.145389 0.167372 0.174357 0.17401 0.150441 0.286803 0.468966 0.471597 0.997629 0.148028 0.174742 0.147499
0.292246 0.455621 0.301675 1 0.225889 1 0.292438 0.285342 0.455884 0.000943807 0.228412 1 0.227078 0.286775 0.252723 0.225445 0.225025 0.294016 0.686924 0.453437 0.456053 0.0024683 0.289912 0.22591 0.299757
0.149399 0.471162 0.148578 0 0.174725 0 0.149512 0.144611 0.506848 0.999114 0.176814 0 0.175709 0.145389 0.167372 0.174357 0.17401 0.150441 0.286803 0.468966 0.471597 0.997629 0.148028 0.174742 0.147499
0.292246 0.455621 0.301675 1 0.225889 1 0.292438 0.285342 0.455884 0.000943807 0.228412 1 0.227078 0.286775 0.252723 0.225445 0.225025 0.294016 0.686924 0.453437 0.456053 0.0024683 0.289912 0.22591 0.299757
0.149399 0.471162 0.148578 0 0.174725 0 0.149512 0.144611 0.506848 0.999114 0.176814 0 0.175709 0.145389 0.167372 0.174357 0.17401 0.150441 0.286803 0.468966 0.471597 0.997629 0.148028 0.174742 0.147499
0.292246 0.455621 0.301675 1 0.225889 1 0.292438 0.285342 0.455884 0.000943807 0.228412 1 0.227078 0.286775 0.252723 0.225445 0.225025 0.294016 0.686924 0.453437 0.456053 0.0024683 0.289912 0.22591 0.299757
0.149399 0.471162 0.148578 0 0.174725 0 0.149512 0.144611 0.506848 0.999114 0.176814 0 0.175709 0.145389 0.167372 0.174357 0.17401 0.150441 0.286803 0.468966 0.471597 0.997629 0.148028 0.174742 0.147499
0.292246 0.455621 0.301675 1 0.225889 1 0.292438 0.285342 0.455884 0.000943807 0.228412 1 0.227078 0.286775 0.252723 0.225445 0.225025 0.294016 0.686924 0.453437 0.456053 0.0024683 0.289912 0.22591 0.299757
0.149399 0.471162 0.148578 0 0.174725 0 0.149512 0.144611 0.506848 0.999114 0.176814 0 0.175709 0.145389 0.167372 0.174357 0.17401 0.150441 0.286803 0.468966 0.471597 0.997629 0.148028 0.174742 0.147499
0.292246 0.455621 0.301675 1 0.225889 1 0.292438 0.285342 0.455884 0.000943807 0.228412 1 0.227078 0.286775 0.252723 0.225445 0.225025 0.294016 0.686924 0.453437 0.456053 0.0024683 0.289912 0.22591 0.299757
0.149399 0.471162 0.148578 0 0.174725 0 0.149512 0.144611 0.506848 0.999114 0.176814 0 0.175709 0.145389 0.167372 0.174357 0.17401 0.150441 0.286803 0.468966 0.471597 0.997629 0.148028 0.174742 0.147499
0.292246 0.455621 0.301675 1 0.225889 1 0.292438 0.285342 0.455884 0.000943807 0.228412 1 0.227078 0.286775 0.252723 0.225445 0.225025 0.294016 0.686924 0.453437 0.456053 0.0024683 0.289912 0.22591 0.299757
0.149399 0.471162 0.148578 0 0.174725 0 0.149512 0.144611 0.506848 0.999114 0.176814 0 0.175709 0.145389 0.167372 0.174357 0.17401 0.150441 0.286803 0.468966 0.471597 0.997629 0.148028 0.174742 0.147499
0.292246 0.455621 0.301675 1 0.225889 1 0.292438 0.285342 0.455884 0.000943807 0.228412 1 0.227078 0.286775 0.252723 0.225445 0.225025 0.294016 0.686924 0.453437 0.456053 0.0024683 0.289912 0.22591 0.299757
0.149399 0.471162 0.148578 0 0.174725 0 0.149512 0.144611 0.506848 0.999114 0.176814 0 0.175709 0.145389 0.167372 0.174357 0.17401 0.150441 0.286803 0.468966 0.471597 0.997629 0.148028 0.174742 0.147499
0.292246 0.455621 0.301675 1 0.225889 1 0.292438 0.285342 0.455884 0.000943807 0.228412 1 0.227078 0.286775 0.252723 0.225445 0.225025 0.294016 0.686924 0.453437 0.456053 0.0024683 0.289912 0.22591 0.299757
0.149399 0.471162 0.148578 0 0.174725 0 0.149512 0.144611 0.506848 0.999114 0.176814 0 0.175709 0.145389 0.167372 0.174357 0.17401 0.150441 0.286803 0.468966 0.471597 0.997629 0.148028 0.174742 0.147499
0.292246 0.455621 0.301675 1 0.225889 1 0.292438 0.285342 0.455884 0.000943807 0.228412 1 0.227078 0.286775 0.252723 0.225445 0.225025 0.294016 0.686924 0.453437 0.456053 0.0024683 0.289912 0.22591 0.299757
0.149399 0.471162 0.148578 0 0.174725 0 0.149512 0.144611 0.506848 0.999114 0.176814 0 0.175709 0.145389 0.167372 0.174357 0.17401 0.150441 0.286803 0.468966 0.471597 0.997629 0.148028 0.174742 0.147499
0.292246 0.455621 0.301675 1 0.225889 1 0.292438 0.285342 0.455884 0.000943807 0.228412 1 0.227078 0.286775 0.252723 0.225445 0.225025 0.294016 0.686924 0.453437 0.456053 0.0024683 0.289912 0.22591 0.299757
0.149399 0.471162 0.148578 0 0.174725 0 0.149512 0.144611 0.506848 0.999114 0.176814 0 0.175709 0.145389 0.167372 0.174357 0.17401 0.150441 0.286803 0.468966 0.471597 0.997629 0.148028 0.174742 0.147499
0.292246 0.455621 0.301675 1 0.225889 1 0.292438 0.285342 0.455884 0.000943807 0.228412 1 0.227078 0.286775 0.252723 0.225445 0.225025 0.294016 0.686924 0.453437 0.456053 0.0024683 0.289912 0.22591 0.299757
0.149399 0.471162 0.148578 0 0.174725 0 0.149512 0.144611 0.506848 0.999114 0.176814 0 0.175709 0.145389 0.167372 0.174357 0.17401 0.150441 0.286803 0.468966 0.471597 0.997629 0.148028 0.174742 0.147499
0.292246 0.455621 0.301675 1 0.225889 1 0.292438 0.285342 0.455884 0.000943807 0.228412 1 0.227078 0.286775 0.252723 0.225445 0.225025 0.294016 0.686924 0.453437 0.456053 0.0024683 0.289912 0.22591 0.299757
0.149399 0.471162 0.148578 0 0.174725 0 0.149512 0.144611 0.506848 0.999114 0.176814 0 0.175709 0.145389 0.167372 0.174357 0.17401 0.150441 0.286803 0.468966 0.471597 0.997629 0.148028 0.174742 0.147499
0.292246 0.455621 0.301675 1 0.225889 1 0.292438 0.285342 0.455884 0.000943807 0.228412 1 0.227078 0.286775 0.252723 0.225445 0.225025 0.294016 0.686924 0.453437 0.456053 0.0024683 0.289912 0.22591 0.299757
0.149399 0.471162 0.148578 0 0.174725 0 0.149512 0.144611 0.506848 0.999114 0.176814 0 0.175709 0.145389 0.167372 0.174357 0.17401 0.150441 0.286803 0.468966 0.471597 0.997629 0.148028 0.174742 0.147499
0.292246 0.455621 0.301675 1 0.225889 1 0.292438 0.285342 0.455884 0.000943807 0.228412 1 0.227078 0.286775 0.252723 0.225445 0.225025 0.294016 0.686924 0.453437 0.456053 0.0024683 0.289912 0.22591 0.299757
0.149399 0.471162 0.148578 0 0.174725 0 0.149512 0.144611 0.506848 0.999114 0.176814 0 0.175709 0.145389 0.167372 0.174357 0.17401 0.150441 0.286803 0.468966 0.471597 0.997629 0.148028 0.174742 0.147499
0.292246 0.455621 0.301675 1 0.225889 1 0.292438 0.285342 0.455884 0.000943807 0.228412 1 0.227078 0.286775 0.252723 0.225445 0.225025 0.294016 0.686924 0.453437 0.456053 0.0024683 0.289912 0.22591 0.299757
0.149399 0.471162 0.148578 0 0.174725 0 0.149512 0.144611 0.506848 0.999114 0.176814 0 0.175709 0.145389 0.167372 0.174357 0.17401 0.150441 0.286803 0.468966 0.471597 0.997629 0.148028 0.174742 0.147499
0.292246 0.455621 0.301675 1 0.225889 1 0.292438 0.285342 0.455884 0.000943807 0.228412 1 0.227078 0.286775 0.252723 0.225445 0.225025 0.294016 0.686924 0.453437 0.456053 0.0024683 0.289912 0.22591 0.299757
0.149399 0.471162 0.148578 0 0.174725 0 0.149512 0.144611 0.506848 0.999114 0.176814 0 0.175709 0.145389 0.167372 0.174357 0.17401 0.150441 0.286803 0.468966 0.471597 0.997629 0.148028 0.174742 0.147499
0.292246 0.455621 0.301675 1 0.225889 1 0.292438 0.285342 0.455884 0.000943807 0.228412 1 0.227078 0.286775 0.252723 0.225445 0.225025 0.294016 0.686924 0.453437 0.456053 0.0024683 0.289912 0.22591 0.299757
0.149399 0.471162 0.148578 0 0.174725 0 0.149512 0.144611 0.506848 0.999114 0.176814 0 0.175709 0.145389 0.167372 0.174357 0.17401 0.150441 0.286803 0.468966 0.471597 0.997629 0.148028 0.174742 0.147499
0.292246 0.455621 0.301675 1 0.225889 1 0.292438 0.285342 0.455884 0.000943807 0.228412 1 0.227078 0.286775 0.252723 0.225445 0.225025 0.294016 0.686924 0.453437 0.456053 0.0024683 0.289912 0.22591 0.299757
0.149399 0.471162 0.148578 0 0.174725 0 0.149512 0.144611 0.506848 0.999114 0.176814 0 0.175709 0.145389 0.167372 0.174357 0.17401 0.150441 0.286803 0.468966 0.471597 0.997629 0.148028 0.174742 0.147499
0.292246 0.455621 0.301675 1 0.225889 1 0.292438 0.285342 0.455884 0.000943807 0.228412 1 0.227078 0.286775 0.252723 0.225445 0.225025 0.294016 0.686924 0.453437 0.456053 0.0024683 0.289912 0.22591 0.299757
0.149399 0.471162 0.148578 0 0.174725 0 0.149512 0.144611 0.506848 0.999114 0.176814 0 0.175709 0.145389 0.167372 0.174357 0.17401 0.150441 0.286803 0.468966 0.471597 0.997629 0.148028 0.174742 0.147499
0.292246 0.455621 0.301675 1 0.225889 1 0.292438 0.285342 0.455884 0.000943807 0.228412 1 0.227078 0.286775 0.252723 0.225445 0.225025 0.294016 0.686924 0.453437 0.456053 0.0024683 0.289912 0.22591 0.299757
0.149399 0.471162 0.148578 0 0.174725 0 0.149512 0.144611 0.506848 0.999114 0.176814 0 0.175709 0.145389 0.167372 0.174357 0.17401 0.150441 0.286803 0.468966 0.471597 0.997629 0.148028 0.174742 0.147499
0.292246 0.455621 0.301675 1 0.225889 1 0.292438 0.285342 0.455884 0.000943807 0.228412 1 0.227078 0.286775 0.252723 0.225445 0.225025 0.294016 0.686924 0.453437 0.456053 0.0024683 0.289912 0.22591 0.299757
0.149399 0.471162 0.148578 0 0.174725 0 0.149512 0.144611 0.506848 0.999114 0.176814 0 0.175709 0.145389 0.167372 0.174357 0.17401 0.150441 0.286803 0.468966 0.471597 0.997629 0.148028 0.174742 0.147499
0.292246 0.455621 0.301675 1 0.225889 1 0.292438 0.285342 0.455884 0.000943807 0.228412 1 0.227078 0.286775 0.252723 0.225445 0.225025 0.294016 0.686924 0.453437 0.456053 0.0024683 0.289912 0.22591 0.299757
