0.281412 0.292636 0.300438 0.228435 0.165402 0.230042 0.281569 0.250736 0.294242 0.472821 0.166851 0.229712 0.166085 0.251968 0.154311 0.165147 0.164906 0.28286 0.381086 0.290998 0.292961 0.438701 0.279502 0.165414 0.298781
0.344602 0.353309 0.368892 0.35323 0.22277 0.355262 0.344799 0.31709 0.355303 0.475563 0.225078 0.354845 0.223858 0.318486 0.268106 0.222363 0.221979 0.346418 0.396418 0.351273 0.353712 0.459473 0.342204 0.222789 0.366923
0.323351 0.334203 0.345987 0.3409 0.20207 0.342825 0.323542 0.295331 0.336147 0.5041 0.204356 0.34243 0.203147 0.296619 0.236966 0.201668 0.201288 0.325108 0.390859 0.332218 0.334597 0.479716 0.321032 0.202089 0.344101
0.322976 0.333546 0.346996 0.365135 0.205614 0.367131 0.323167 0.29578 0.335496 0.511396 0.207963 0.366721 0.206721 0.297087 0.246596 0.205201 0.20481 0.324739 0.3859 0.331556 0.333941 0.489133 0.320648 0.205634 0.345098
0.316517 0.327099 0.340758 0.377093 0.204025 0.379104 0.316706 0.28987 0.329031 0.523497 0.206371 0.378692 0.20513 0.29116 0.244084 0.203612 0.203222 0.318262 0.380371 0.325128 0.32749 0.49983 0.314213 0.204044 0.338877
0.311959 0.322169 0.33672 0.391594 0.204379 0.39363 0.312147 0.286053 0.324088 0.532995 0.206729 0.393212 0.205486 0.287338 0.244894 0.203965 0.203574 0.313693 0.374859 0.320211 0.322558 0.509094 0.309669 0.204398 0.334846
0.307183 0.316902 0.332319 0.404637 0.204337 0.40669 0.30737 0.282014 0.318807 0.542591 0.206688 0.406269 0.205444 0.283291 0.244652 0.203923 0.203531 0.308905 0.369334 0.314959 0.317288 0.518153 0.30491 0.204356 0.330456
0.302804 0.31188 0.328296 0.417497 0.20444 0.419567 0.30299 0.278414 0.31377 0.551637 0.206793 0.419142 0.205549 0.279684 0.244592 0.204026 0.203635 0.304514 0.363853 0.30995 0.312263 0.526821 0.300546 0.20446 0.326442
0.298632 0.306962 0.32441 0.429877 0.204498 0.431959 0.298817 0.275043 0.308839 0.560386 0.206851 0.431532 0.205607 0.276307 0.244353 0.204084 0.203693 0.300332 0.3584 0.305047 0.307342 0.535233 0.29639 0.204518 0.322565
0.294699 0.3022 0.320691 0.441901 0.204554 0.443993 0.294883 0.271935 0.304063 0.568791 0.206907 0.443564 0.205663 0.273192 0.244028 0.20414 0.203748 0.296388 0.352982 0.3003 0.302578 0.54339 0.292472 0.204573 0.318855
0.290975 0.29759 0.317097 0.453554 0.204593 0.455654 0.291157 0.269054 0.299439 0.576875 0.206947 0.455224 0.205702 0.270305 0.243585 0.204179 0.203787 0.292653 0.347602 0.295704 0.297965 0.551314 0.288761 0.204613 0.31527
0.287448 0.293144 0.313613 0.464852 0.204622 0.466958 0.287629 0.266383 0.294979 0.584635 0.206976 0.466526 0.205731 0.267629 0.243032 0.204208 0.203816 0.289115 0.34227 0.291272 0.293515 0.559008 0.285248 0.204641 0.311794
0.284105 0.288867 0.31022 0.475792 0.204641 0.477903 0.284285 0.263906 0.290689 0.592068 0.206995 0.47747 0.20575 0.265146 0.242369 0.204226 0.203835 0.285763 0.336998 0.287009 0.289236 0.566475 0.281918 0.20466 0.30841
0.280938 0.28477 0.306909 0.486372 0.204651 0.488484 0.281117 0.261605 0.286579 0.599171 0.207005 0.488051 0.20576 0.26284 0.241603 0.204237 0.203845 0.282586 0.331802 0.282926 0.285136 0.573711 0.278764 0.20467 0.305107
0.277937 0.28086 0.303671 0.496583 0.204655 0.498696 0.278115 0.259466 0.282655 0.60594 0.207009 0.498263 0.205764 0.260696 0.240741 0.20424 0.203848 0.279576 0.326702 0.279028 0.281223 0.580709 0.275775 0.204674 0.301878
0.275097 0.277142 0.300504 0.506415 0.204653 0.508527 0.275274 0.257476 0.278925 0.612371 0.207007 0.508094 0.205762 0.258702 0.239793 0.204238 0.203847 0.276727 0.321714 0.275324 0.277503 0.587462 0.272946 0.204672 0.29872
0.27241 0.273623 0.297408 0.515858 0.204647 0.517968 0.272586 0.255624 0.275394 0.618462 0.207001 0.517536 0.205756 0.256846 0.238771 0.204232 0.203841 0.274032 0.31686 0.271817 0.273981 0.59396 0.270271 0.204666 0.295632
0.269873 0.270305 0.294384 0.5249 0.204638 0.527008 0.270048 0.253899 0.272065 0.624212 0.206992 0.526576 0.205747 0.255117 0.237686 0.204223 0.203831 0.271487 0.312156 0.268511 0.270661 0.600194 0.267745 0.204657 0.292618
0.267481 0.267191 0.291438 0.533532 0.204626 0.535636 0.267655 0.252292 0.26894 0.629621 0.20698 0.535205 0.205735 0.253506 0.236553 0.204212 0.20382 0.269087 0.30762 0.265408 0.267545 0.606156 0.265363 0.204645 0.28968
0.265229 0.264281 0.288575 0.541744 0.204613 0.543844 0.265403 0.250794 0.266019 0.634692 0.206967 0.543413 0.205722 0.252005 0.235385 0.204199 0.203807 0.266828 0.303267 0.262508 0.264632 0.611836 0.263121 0.204632 0.286825
0.263115 0.261572 0.285802 0.54953 0.2046 0.551625 0.263287 0.249399 0.2633 0.63943 0.206953 0.551195 0.205709 0.250607 0.234196 0.204185 0.203794 0.264706 0.299109 0.259809 0.261921 0.61723 0.261016 0.204619 0.28406
0.261133 0.259061 0.283124 0.556886 0.204585 0.558975 0.261305 0.248099 0.26078 0.64384 0.206939 0.558547 0.205694 0.249304 0.232999 0.204171 0.20378 0.262718 0.295158 0.257308 0.259409 0.622332 0.259042 0.204605 0.281391
0.25928 0.256742 0.28055 0.56381 0.204572 0.565893 0.259451 0.246889 0.258453 0.647933 0.206925 0.565466 0.20568 0.248091 0.231806 0.204157 0.203766 0.260859 0.29142 0.254998 0.257089 0.62714 0.257198 0.204591 0.278824
0.257552 0.254611 0.278085 0.570305 0.204558 0.572381 0.257723 0.245764 0.256313 0.651717 0.206911 0.571956 0.205667 0.246963 0.230628 0.204144 0.203752 0.259125 0.287901 0.252875 0.254955 0.631654 0.255478 0.204577 0.276367
0.255944 0.252657 0.275734 0.576375 0.204545 0.578445 0.256115 0.244718 0.254353 0.655206 0.206899 0.57802 0.205654 0.245914 0.229476 0.204131 0.203739 0.257512 0.284602 0.250929 0.253 0.635876 0.253877 0.204564 0.274023
0.254453 0.250874 0.273502 0.582028 0.204533 0.584091 0.254622 0.243747 0.252562 0.658412 0.206887 0.583669 0.205642 0.244941 0.228358 0.204119 0.203728 0.256016 0.281523 0.249153 0.251216 0.639812 0.252392 0.204553 0.271798
0.253072 0.249251 0.271392 0.587276 0.204522 0.589332 0.253241 0.242847 0.250933 0.661349 0.206875 0.588911 0.205631 0.244039 0.227281 0.204108 0.203717 0.25463 0.278661 0.247536 0.249592 0.643467 0.251018 0.204542 0.269694
0.251798 0.247779 0.269404 0.59213 0.204512 0.594181 0.251966 0.242014 0.249456 0.664032 0.206865 0.593761 0.205621 0.243204 0.226251 0.204098 0.203707 0.253351 0.276011 0.24607 0.248118 0.64685 0.24975 0.204532 0.267713
0.250624 0.246448 0.26754 0.596608 0.204503 0.598653 0.250792 0.241245 0.248119 0.666477 0.206856 0.598234 0.205612 0.242433 0.225271 0.204089 0.203698 0.252173 0.273566 0.244744 0.246786 0.649971 0.248581 0.204523 0.265855
0.249545 0.245247 0.265798 0.600725 0.204495 0.602764 0.249713 0.240535 0.246914 0.668699 0.206848 0.602346 0.205604 0.241722 0.224346 0.204081 0.20369 0.251091 0.271319 0.243548 0.245585 0.652842 0.247508 0.204515 0.264119
0.248557 0.244167 0.264177 0.604501 0.204488 0.606534 0.248724 0.239881 0.24583 0.670713 0.206841 0.606118 0.205597 0.241066 0.223477 0.204074 0.203683 0.250099 0.26926 0.242473 0.244504 0.655475 0.246524 0.204508 0.262503
0.247652 0.243198 0.262673 0.607954 0.204482 0.609982 0.24782 0.23928 0.244857 0.672536 0.206835 0.609566 0.205591 0.240464 0.222664 0.204068 0.203676 0.249192 0.26738 0.241508 0.243534 0.657883 0.245624 0.204501 0.261004
0.246827 0.24233 0.261282 0.611104 0.204477 0.613127 0.246994 0.238729 0.243986 0.674183 0.206829 0.612713 0.205585 0.239911 0.221908 0.204063 0.203671 0.248363 0.265667 0.240643 0.242666 0.66008 0.244802 0.204496 0.259618
0.246075 0.241555 0.26 0.613972 0.204472 0.61599 0.246242 0.238223 0.243207 0.675666 0.206825 0.615577 0.20558 0.239404 0.221207 0.204058 0.203666 0.247609 0.264111 0.239871 0.241889 0.662079 0.244054 0.204491 0.25834
0.245391 0.240863 0.258822 0.616576 0.204468 0.61859 0.245558 0.237761 0.242513 0.677001 0.20682 0.618178 0.205576 0.238941 0.220559 0.204054 0.203662 0.246923 0.2627 0.239182 0.241197 0.663894 0.243373 0.204487 0.257166
0.244771 0.240248 0.257742 0.618937 0.204464 0.620947 0.244937 0.237339 0.241895 0.6782 0.206817 0.620536 0.205573 0.238518 0.219964 0.20405 0.203659 0.2463 0.261425 0.238569 0.240581 0.665539 0.242756 0.204484 0.256089
0.244208 0.2397 0.256754 0.621074 0.204461 0.62308 0.244374 0.236954 0.241345 0.679276 0.206814 0.622669 0.20557 0.238131 0.219418 0.204047 0.203656 0.245735 0.260274 0.238023 0.240033 0.667028 0.242196 0.204481 0.255105
0.243699 0.239214 0.255852 0.623004 0.204459 0.625007 0.243865 0.236603 0.240857 0.680239 0.206811 0.624597 0.205567 0.23778 0.218918 0.204045 0.203653 0.245224 0.259238 0.237539 0.239546 0.668371 0.241689 0.204478 0.254206
0.243239 0.238783 0.255032 0.624746 0.204457 0.626746 0.243404 0.236284 0.240424 0.681102 0.206809 0.626336 0.205565 0.23746 0.218463 0.204042 0.203651 0.244762 0.258305 0.23711 0.239115 0.669583 0.241231 0.204476 0.253388
0.242824 0.238401 0.254285 0.626314 0.204455 0.628312 0.242989 0.235994 0.240041 0.681873 0.206807 0.627902 0.205563 0.237169 0.218049 0.204041 0.203649 0.244345 0.257468 0.23673 0.238733 0.670674 0.240818 0.204474 0.252645
0.242449 0.238063 0.253608 0.627726 0.204453 0.62972 0.242614 0.235731 0.239702 0.682561 0.206805 0.629312 0.205561 0.236906 0.217672 0.204039 0.203647 0.24397 0.256718 0.236393 0.238395 0.671655 0.240445 0.204472 0.25197
0.242112 0.237765 0.252995 0.628994 0.204452 0.630986 0.242277 0.235493 0.239402 0.683176 0.206804 0.630578 0.20556 0.236667 0.217331 0.204038 0.203646 0.243631 0.256046 0.236096 0.238096 0.672536 0.240109 0.204471 0.251359
0.241808 0.237501 0.25244 0.630133 0.20445 0.632123 0.241973 0.235277 0.239137 0.683724 0.206803 0.631716 0.205559 0.236451 0.217023 0.204036 0.203645 0.243326 0.255445 0.235833 0.237832 0.673326 0.239807 0.20447 0.250806
0.241535 0.237268 0.251939 0.631154 0.204449 0.633143 0.2417 0.235082 0.238903 0.684212 0.206802 0.632736 0.205558 0.236255 0.216745 0.204035 0.203644 0.243052 0.254908 0.235602 0.237599 0.674035 0.239535 0.204469 0.250307
0.24129 0.237063 0.251487 0.63207 0.204449 0.634057 0.241454 0.234905 0.238697 0.684647 0.206801 0.63365 0.205557 0.236078 0.216493 0.204034 0.203643 0.242806 0.254428 0.235397 0.237394 0.674669 0.239291 0.204468 0.249856
0.241069 0.236882 0.251079 0.63289 0.204448 0.634875 0.241234 0.234746 0.238515 0.685034 0.2068 0.634469 0.205556 0.235918 0.216267 0.204034 0.203642 0.242585 0.254001 0.235217 0.237212 0.675237 0.239072 0.204467 0.249449
0.240872 0.236722 0.250712 0.633624 0.204447 0.635608 0.241036 0.234602 0.238355 0.685378 0.206799 0.635201 0.205555 0.235774 0.216064 0.204033 0.203642 0.242387 0.25362 0.235058 0.237053 0.675745 0.238875 0.204466 0.249084
0.240695 0.236582 0.250382 0.63428 0.204447 0.636263 0.240859 0.234472 0.238214 0.685684 0.206799 0.635857 0.205555 0.235644 0.215881 0.204032 0.203641 0.242209 0.25328 0.234918 0.236912 0.676199 0.238699 0.204466 0.248754
0.240536 0.236458 0.250084 0.634867 0.204446 0.636849 0.2407 0.234355 0.23809 0.685956 0.206798 0.636443 0.205554 0.235527 0.215717 0.204032 0.203641 0.242049 0.252978 0.234795 0.236789 0.676604 0.238541 0.204465 0.248458
0.240394 0.23635 0.249818 0.635392 0.204446 0.637372 0.240558 0.23425 0.237981 0.686198 0.206798 0.636966 0.205554 0.235421 0.215569 0.204032 0.20364 0.241907 0.252709 0.234687 0.23668 0.676966 0.2384 0.204465 0.248192
0.240266 0.236254 0.249578 0.63586 0.204445 0.637839 0.24043 0.234155 0.237885 0.686413 0.206798 0.637434 0.205554 0.235326 0.215437 0.204031 0.20364 0.241779 0.25247 0.234592 0.236584 0.677289 0.238273 0.204464 0.247954
0.240152 0.23617 0.249363 0.636278 0.204445 0.638257 0.240316 0.23407 0.2378 0.686604 0.206797 0.637852 0.205553 0.235241 0.215319 0.204031 0.203639 0.241664 0.252257 0.234508 0.2365 0.677577 0.238159 0.204464 0.247739
0.24005 0.236096 0.24917 0.636651 0.204445 0.638629 0.240214 0.233993 0.237726 0.686773 0.206797 0.638224 0.205553 0.235164 0.215213 0.204031 0.203639 0.241562 0.252068 0.234434 0.236426 0.677834 0.238058 0.204464 0.247547
0.239959 0.236031 0.248997 0.636984 0.204444 0.638962 0.240123 0.233924 0.237661 0.686924 0.206797 0.638557 0.205553 0.235094 0.215118 0.20403 0.203639 0.24147 0.2519 0.234369 0.236361 0.678063 0.237967 0.204464 0.247375
0.239877 0.235974 0.248842 0.637282 0.204444 0.639258 0.240041 0.233862 0.237604 0.687057 0.206797 0.638853 0.205553 0.235032 0.215034 0.20403 0.203639 0.241388 0.251751 0.234312 0.236303 0.678267 0.237886 0.204463 0.247221
0.239804 0.235923 0.248704 0.637546 0.204444 0.639523 0.239968 0.233806 0.237553 0.687176 0.206796 0.639118 0.205552 0.234976 0.214958 0.20403 0.203638 0.241315 0.251619 0.234262 0.236253 0.678449 0.237813 0.204463 0.247082
0.239739 0.235879 0.248579 0.637783 0.204444 0.639758 0.239903 0.233756 0.237509 0.687281 0.206796 0.639354 0.205552 0.234926 0.21489 0.20403 0.203638 0.24125 0.251501 0.234219 0.236209 0.678611 0.237748 0.204463 0.246958
0.239681 0.23584 0.248468 0.637993 0.204444 0.639969 0.239845 0.233711 0.23747 0.687374 0.206796 0.639564 0.205552 0.234881 0.21483 0.20403 0.203638 0.241191 0.251397 0.23418 0.23617 0.678755 0.23769 0.204463 0.246848
0.239628 0.235806 0.248369 0.638181 0.204444 0.640156 0.239792 0.233671 0.237436 0.687457 0.206796 0.639751 0.205552 0.234841 0.214776 0.204029 0.203638 0.241139 0.251305 0.234146 0.236136 0.678883 0.237638 0.204463 0.246749
0.239582 0.235777 0.24828 0.638348 0.204443 0.640323 0.239746 0.233635 0.237406 0.687531 0.206796 0.639918 0.205552 0.234804 0.214728 0.204029 0.203638 0.241092 0.251223 0.234116 0.236106 0.678998 0.237592 0.204463 0.24666
0.23954 0.23575 0.2482 0.638497 0.204443 0.640472 0.239704 0.233602 0.237379 0.687596 0.206796 0.640067 0.205552 0.234772 0.214685 0.204029 0.203638 0.24105 0.25115 0.23409 0.23608 0.6791 0.23755 0.204463 0.24658
0.239503 0.235727 0.248129 0.63863 0.204443 0.640604 0.239667 0.233573 0.237356 0.687654 0.206796 0.6402 0.205552 0.234743 0.214647 0.204029 0.203638 0.241013 0.251085 0.234067 0.236057 0.67919 0.237513 0.204462 0.24651
0.23947 0.235707 0.248065 0.638748 0.204443 0.640722 0.239634 0.233547 0.237336 0.687705 0.206796 0.640318 0.205552 0.234716 0.214612 0.204029 0.203638 0.24098 0.251028 0.234047 0.236037 0.679271 0.23748 0.204462 0.246446
0.23944 0.235689 0.248008 0.638854 0.204443 0.640827 0.239604 0.233524 0.237318 0.687751 0.206795 0.640423 0.205551 0.234693 0.214582 0.204029 0.203638 0.24095 0.250977 0.234029 0.236019 0.679343 0.237451 0.204462 0.246389
0.239414 0.235674 0.247958 0.638948 0.204443 0.640921 0.239578 0.233503 0.237302 0.687791 0.206795 0.640517 0.205551 0.234672 0.214555 0.204029 0.203638 0.240923 0.250932 0.234014 0.236003 0.679406 0.237425 0.204462 0.246339
0.23939 0.23566 0.247912 0.639031 0.204443 0.641005 0.239554 0.233484 0.237289 0.687827 0.206795 0.6406 0.205551 0.234653 0.21453 0.204029 0.203637 0.2409 0.250892 0.234 0.23599 0.679463 0.237401 0.204462 0.246294
0.239369 0.235648 0.247872 0.639106 0.204443 0.641079 0.239533 0.233467 0.237277 0.687859 0.206795 0.640675 0.205551 0.234636 0.214509 0.204029 0.203637 0.240879 0.250857 0.233988 0.235978 0.679514 0.23738 0.204462 0.246253
0.23935 0.235637 0.247835 0.639172 0.204443 0.641145 0.239514 0.233452 0.237266 0.687887 0.206795 0.640741 0.205551 0.234621 0.21449 0.204029 0.203637 0.24086 0.250826 0.233978 0.235967 0.679559 0.237361 0.204462 0.246217
0.239334 0.235628 0.247803 0.639231 0.204443 0.641204 0.239498 0.233438 0.237257 0.687912 0.206795 0.6408 0.205551 0.234607 0.214472 0.204029 0.203637 0.240843 0.250798 0.233968 0.235958 0.679599 0.237345 0.204462 0.246185
0.239319 0.23562 0.247774 0.639284 0.204443 0.641256 0.239483 0.233426 0.237248 0.687934 0.206795 0.640852 0.205551 0.234595 0.214457 0.204029 0.203637 0.240828 0.250773 0.23396 0.23595 0.679634 0.23733 0.204462 0.246156
0.239305 0.235613 0.247748 0.63933 0.204443 0.641303 0.239469 0.233415 0.237241 0.687954 0.206795 0.640899 0.205551 0.234584 0.214443 0.204029 0.203637 0.240814 0.250751 0.233953 0.235942 0.679666 0.237316 0.204462 0.24613
0.239293 0.235607 0.247725 0.639372 0.204443 0.641345 0.239457 0.233405 0.237235 0.687972 0.206795 0.640941 0.205551 0.234574 0.214431 0.204029 0.203637 0.240802 0.250732 0.233947 0.235936 0.679694 0.237305 0.204462 0.246107
0.239283 0.235601 0.247705 0.639409 0.204443 0.641382 0.239447 0.233397 0.23723 0.687987 0.206795 0.640978 0.205551 0.234566 0.214421 0.204029 0.203637 0.240792 0.250715 0.233942 0.235931 0.679719 0.237294 0.204462 0.246087
0.239273 0.235596 0.247686 0.639442 0.204443 0.641415 0.239437 0.233389 0.237225 0.688001 0.206795 0.641011 0.205551 0.234558 0.214411 0.204029 0.203637 0.240782 0.2507 0.233937 0.235926 0.679742 0.237285 0.204462 0.246068
0.239265 0.235592 0.24767 0.639472 0.204443 0.641444 0.239429 0.233382 0.23722 0.688013 0.206795 0.64104 0.205551 0.234551 0.214402 0.204029 0.203637 0.240774 0.250686 0.233932 0.235922 0.679761 0.237276 0.204462 0.246052
0.239257 0.235588 0.247655 0.639498 0.204443 0.64147 0.239421 0.233376 0.237217 0.688024 0.206795 0.641066 0.205551 0.234544 0.214395 0.204029 0.203637 0.240766 0.250674 0.233929 0.235918 0.679779 0.237269 0.204462 0.246037
0.23925 0.235585 0.247642 0.639521 0.204443 0.641493 0.239414 0.23337 0.237213 0.688034 0.206795 0.641089 0.205551 0.234539 0.214388 0.204029 0.203637 0.240759 0.250663 0.233926 0.235915 0.679795 0.237262 0.204462 0.246024
0.239244 0.235582 0.24763 0.639542 0.204443 0.641514 0.239408 0.233365 0.23721 0.688042 0.206795 0.64111 0.205551 0.234534 0.214382 0.204029 0.203637 0.240753 0.250654 0.233923 0.235912 0.679809 0.237256 0.204462 0.246013
0.239239 0.23558 0.24762 0.63956 0.204443 0.641533 0.239403 0.23336 0.237208 0.68805 0.206795 0.641129 0.205551 0.234529 0.214376 0.204029 0.203637 0.240748 0.250646 0.23392 0.235909 0.679821 0.23725 0.204462 0.246002
0.239234 0.235577 0.247611 0.639577 0.204443 0.641549 0.239398 0.233356 0.237206 0.688056 0.206795 0.641145 0.205551 0.234525 0.214372 0.204029 0.203637 0.240743 0.250638 0.233918 0.235907 0.679832 0.237246 0.204462 0.245993
0.23923 0.235575 0.247602 0.639591 0.204443 0.641564 0.239394 0.233353 0.237204 0.688062 0.206795 0.64116 0.205551 0.234522 0.214367 0.204029 0.203637 0.240739 0.250632 0.233916 0.235905 0.679842 0.237241 0.204462 0.245985
0.239226 0.235574 0.247595 0.639605 0.204443 0.641577 0.23939 0.23335 0.237202 0.688068 0.206795 0.641173 0.205551 0.234518 0.214364 0.204029 0.203637 0.240735 0.250626 0.233914 0.235903 0.679851 0.237238 0.204462 0.245978
0.239223 0.235572 0.247588 0.639616 0.204443 0.641588 0.239387 0.233347 0.237201 0.688072 0.206795 0.641184 0.205551 0.234516 0.21436 0.204029 0.203637 0.240731 0.250621 0.233913 0.235902 0.679859 0.237234 0.204462 0.245971
0.23922 0.235571 0.247582 0.639626 0.204443 0.641599 0.239383 0.233344 0.237199 0.688077 0.206795 0.641195 0.205551 0.234513 0.214357 0.204029 0.203637 0.240728 0.250616 0.233912 0.2359 0.679865 0.237231 0.204462 0.245965
0.239217 0.23557 0.247577 0.639636 0.204443 0.641608 0.239381 0.233342 0.237198 0.68808 0.206795 0.641204 0.205551 0.234511 0.214355 0.204029 0.203637 0.240726 0.250612 0.23391 0.235899 0.679872 0.237229 0.204462 0.24596
0.239215 0.235569 0.247573 0.639644 0.204443 0.641616 0.239378 0.23334 0.237197 0.688084 0.206795 0.641212 0.205551 0.234509 0.214352 0.204029 0.203637 0.240723 0.250609 0.233909 0.235898 0.679877 0.237226 0.204462 0.245955
0.239212 0.235568 0.247568 0.639651 0.204443 0.641623 0.239376 0.233338 0.237196 0.688087 0.206795 0.641219 0.205551 0.234507 0.21435 0.204029 0.203637 0.240721 0.250605 0.233908 0.235897 0.679882 0.237224 0.204462 0.245951
0.23921 0.235567 0.247565 0.639658 0.204443 0.64163 0.239374 0.233336 0.237195 0.688089 0.206795 0.641226 0.205551 0.234505 0.214348 0.204029 0.203637 0.240719 0.250603 0.233908 0.235897 0.679886 0.237222 0.204462 0.245947
0.239209 0.235566 0.247561 0.639663 0.204443 0.641635 0.239373 0.233335 0.237195 0.688091 0.206795 0.641232 0.205551 0.234504 0.214346 0.204029 0.203637 0.240717 0.2506 0.233907 0.235896 0.67989 0.23722 0.204462 0.245944
0.239207 0.235566 0.247558 0.639669 0.204443 0.641641 0.239371 0.233334 0.237194 0.688093 0.206795 0.641237 0.205551 0.234502 0.214345 0.204029 0.203637 0.240716 0.250598 0.233906 0.235895 0.679894 0.237219 0.204462 0.245941
0.239206 0.235565 0.247556 0.639673 0.204443 0.641645 0.23937 0.233332 0.237194 0.688095 0.206795 0.641241 0.205551 0.234501 0.214344 0.204029 0.203637 0.240715 0.250596 0.233906 0.235895 0.679897 0.237218 0.204462 0.245938
0.239205 0.235565 0.247553 0.639677 0.204443 0.641649 0.239368 0.233331 0.237193 0.688097 0.206795 0.641245 0.205551 0.2345 0.214342 0.204029 0.203637 0.240713 0.250594 0.233905 0.235894 0.679899 0.237216 0.204462 0.245936
0.239204 0.235564 0.247551 0.639681 0.204443 0.641653 0.239367 0.23333 0.237193 0.688098 0.206795 0.641249 0.205551 0.234499 0.214341 0.204029 0.203637 0.240712 0.250593 0.233905 0.235894 0.679902 0.237215 0.204462 0.245934
0.239203 0.235564 0.247549 0.639684 0.204443 0.641656 0.239366 0.233329 0.237192 0.6881 0.206795 0.641252 0.205551 0.234498 0.21434 0.204028 0.203637 0.240711 0.250591 0.233905 0.235894 0.679904 0.237214 0.204462 0.245932
0.239202 0.235564 0.247548 0.639687 0.204443 0.641659 0.239366 0.233329 0.237192 0.688101 0.206795 0.641255 0.205551 0.234497 0.21434 0.204028 0.203637 0.24071 0.25059 0.233904 0.235893 0.679906 0.237213 0.204462 0.24593
0.239201 0.235563 0.247546 0.63969 0.204443 0.641662 0.239365 0.233328 0.237192 0.688102 0.206795 0.641258 0.205551 0.234497 0.214339 0.204028 0.203637 0.24071 0.250589 0.233904 0.235893 0.679907 0.237213 0.204462 0.245929
0.2392 0.235563 0.247545 0.639692 0.204443 0.641664 0.239364 0.233327 0.237192 0.688103 0.206795 0.64126 0.205551 0.234496 0.214338 0.204028 0.203637 0.240709 0.250588 0.233904 0.235893 0.679909 0.237212 0.204462 0.245928
0.2392 0.235563 0.247544 0.639694 0.204443 0.641666 0.239363 0.233327 0.237191 0.688103 0.206795 0.641262 0.205551 0.234496 0.214338 0.204028 0.203637 0.240708 0.250587 0.233904 0.235893 0.67991 0.237211 0.204462 0.245926
0.239199 0.235563 0.247543 0.639696 0.204443 0.641668 0.239363 0.233326 0.237191 0.688104 0.206795 0.641264 0.205551 0.234495 0.214337 0.204028 0.203637 0.240708 0.250586 0.233903 0.235892 0.679911 0.237211 0.204462 0.245925
0.239199 0.235563 0.247542 0.639697 0.204443 0.641669 0.239362 0.233326 0.237191 0.688105 0.206795 0.641265 0.205551 0.234495 0.214337 0.204028 0.203637 0.240707 0.250586 0.233903 0.235892 0.679913 0.23721 0.204462 0.245924
0.239198 0.235563 0.247541 0.639699 0.204443 0.641671 0.239362 0.233326 0.237191 0.688105 0.206795 0.641267 0.205551 0.234494 0.214336 0.204028 0.203637 0.240707 0.250585 0.233903 0.235892 0.679914 0.23721 0.204462 0.245924
0.239198 0.235562 0.24754 0.6397 0.204443 0.641672 0.239362 0.233325 0.237191 0.688106 0.206795 0.641268 0.205551 0.234494 0.214336 0.204028 0.203637 0.240707 0.250585 0.233903 0.235892 0.679914 0.23721 0.204462 0.245923
0.239197 0.235562 0.247539 0.639701 0.204443 0.641673 0.239361 0.233325 0.237191 0.688106 0.206795 0.641269 0.205551 0.234494 0.214335 0.204028 0.203637 0.240706 0.250584 0.233903 0.235892 0.679915 0.237209 0.204462 0.245922
0.239197 0.235562 0.247539 0.639702 0.204443 0.641674 0.239361 0.233325 0.23719 0.688107 0.206795 0.64127 0.205551 0.234493 0.214335 0.204028 0.203637 0.240706 0.250584 0.233903 0.235892 0.679916 0.237209 0.204462 0.245922
0.239197 0.235562 0.247538 0.639703 0.204443 0.641675 0.239361 0.233324 0.23719 0.688107 0.206795 0.641271 0.205551 0.234493 0.214335 0.204028 0.203637 0.240706 0.250583 0.233903 0.235892 0.679916 0.237209 0.204462 0.245921
0.239197 0.235562 0.247538 0.639704 0.204443 0.641676 0.23936 0.233324 0.23719 0.688107 0.206795 0.641272 0.205551 0.234493 0.214335 0.204028 0.203637 0.240705 0.250583 0.233903 0.235892 0.679917 0.237208 0.204462 0.245921
0.239196 0.235562 0.247537 0.639705 0.204443 0.641677 0.23936 0.233324 0.23719 0.688108 0.206795 0.641273 0.205551 0.234493 0.214334 0.204028 0.203637 0.240705 0.250583 0.233903 0.235891 0.679917 0.237208 0.204462 0.24592
0.239196 0.235562 0.247537 0.639705 0.204443 0.641677 0.23936 0.233324 0.23719 0.688108 0.206795 0.641273 0.205551 0.234493 0.214334 0.204028 0.203637 0.240705 0.250583 0.233903 0.235891 0.679918 0.237208 0.204462 0.24592
0.239196 0.235562 0.247537 0.639706 0.204443 0.641678 0.23936 0.233324 0.23719 0.688108 0.206795 0.641274 0.205551 0.234492 0.214334 0.204028 0.203637 0.240705 0.250582 0.233902 0.235891 0.679918 0.237208 0.204462 0.245919
0.239196 0.235562 0.247536 0.639706 0.204443 0.641678 0.23936 0.233324 0.23719 0.688108 0.206795 0.641274 0.205551 0.234492 0.214334 0.204028 0.203637 0.240705 0.250582 0.233902 0.235891 0.679918 0.237208 0.204462 0.245919
0.239196 0.235562 0.247536 0.639707 0.204443 0.641679 0.23936 0.233323 0.23719 0.688108 0.206795 0.641275 0.205551 0.234492 0.214334 0.204028 0.203637 0.240704 0.250582 0.233902 0.235891 0.679919 0.237207 0.204462 0.245919
0.239196 0.235562 0.247536 0.639707 0.204443 0.641679 0.239359 0.233323 0.23719 0.688109 0.206795 0.641275 0.205551 0.234492 0.214334 0.204028 0.203637 0.240704 0.250582 0.233902 0.235891 0.679919 0.237207 0.204462 0.245919
0.239196 0.235562 0.247536 0.639707 0.204443 0.641679 0.239359 0.233323 0.23719 0.688109 0.206795 0.641275 0.205551 0.234492 0.214334 0.204028 0.203637 0.240704 0.250582 0.233902 0.235891 0.679919 0.237207 0.204462 0.245918
0.239195 0.235562 0.247535 0.639708 0.204443 0.64168 0.239359 0.233323 0.23719 0.688109 0.206795 0.641276 0.205551 0.234492 0.214334 0.204028 0.203637 0.240704 0.250582 0.233902 0.235891 0.679919 0.237207 0.204462 0.245918
0.239195 0.235562 0.247535 0.639708 0.204443 0.64168 0.239359 0.233323 0.23719 0.688109 0.206795 0.641276 0.205551 0.234492 0.214333 0.204028 0.203637 0.240704 0.250581 0.233902 0.235891 0.67992 0.237207 0.204462 0.245918
0.239195 0.235562 0.247535 0.639708 0.204443 0.64168 0.239359 0.233323 0.23719 0.688109 0.206795 0.641276 0.205551 0.234492 0.214333 0.204028 0.203637 0.240704 0.250581 0.233902 0.235891 0.67992 0.237207 0.204462 0.245918
0.239195 0.235562 0.247535 0.639709 0.204443 0.641681 0.239359 0.233323 0.23719 0.688109 0.206795 0.641277 0.205551 0.234492 0.214333 0.204028 0.203637 0.240704 0.250581 0.233902 0.235891 0.67992 0.237207 0.204462 0.245918
0.239195 0.235562 0.247535 0.639709 0.204443 0.641681 0.239359 0.233323 0.23719 0.688109 0.206795 0.641277 0.205551 0.234492 0.214333 0.204028 0.203637 0.240704 0.250581 0.233902 0.235891 0.67992 0.237207 0.204462 0.245918
0.239195 0.235562 0.247535 0.639709 0.204443 0.641681 0.239359 0.233323 0.23719 0.688109 0.206795 0.641277 0.205551 0.234492 0.214333 0.204028 0.203637 0.240704 0.250581 0.233902 0.235891 0.67992 0.237207 0.204462 0.245917
0.239195 0.235562 0.247535 0.639709 0.204443 0.641681 0.239359 0.233323 0.23719 0.688109 0.206795 0.641277 0.205551 0.234492 0.214333 0.204028 0.203637 0.240704 0.250581 0.233902 0.235891 0.67992 0.237207 0.204462 0.245917
0.239195 0.235562 0.247535 0.639709 0.204443 0.641681 0.239359 0.233323 0.23719 0.688109 0.206795 0.641277 0.205551 0.234491 0.214333 0.204028 0.203637 0.240704 0.250581 0.233902 0.235891 0.67992 0.237207 0.204462 0.245917
0.239195 0.235562 0.247534 0.639709 0.204443 0.641681 0.239359 0.233323 0.23719 0.688109 0.206795 0.641277 0.205551 0.234491 0.214333 0.204028 0.203637 0.240704 0.250581 0.233902 0.235891 0.67992 0.237207 0.204462 0.245917
0.239195 0.235562 0.247534 0.639709 0.204443 0.641681 0.239359 0.233323 0.23719 0.688109 0.206795 0.641277 0.205551 0.234491 0.214333 0.204028 0.203637 0.240704 0.250581 0.233902 0.235891 0.679921 0.237207 0.204462 0.245917
0.239195 0.235562 0.247534 0.63971 0.204443 0.641682 0.239359 0.233323 0.23719 0.688109 0.206795 0.641278 0.205551 0.234491 0.214333 0.204028 0.203637 0.240704 0.250581 0.233902 0.235891 0.679921 0.237207 0.204462 0.245917
0.239195 0.235562 0.247534 0.63971 0.204443 0.641682 0.239359 0.233323 0.23719 0.688109 0.206795 0.641278 0.205551 0.234491 0.214333 0.204028 0.203637 0.240704 0.250581 0.233902 0.235891 0.679921 0.237207 0.204462 0.245917
0.239195 0.235562 0.247534 0.63971 0.204443 0.641682 0.239359 0.233323 0.23719 0.68811 0.206795 0.641278 0.205551 0.234491 0.214333 0.204028 0.203637 0.240704 0.250581 0.233902 0.235891 0.679921 0.237207 0.204462 0.245917
0.239195 0.235562 0.247534 0.63971 0.204443 0.641682 0.239359 0.233323 0.23719 0.68811 0.206795 0.641278 0.205551 0.234491 0.214333 0.204028 0.203637 0.240703 0.250581 0.233902 0.235891 0.679921 0.237207 0.204462 0.245917
0.239195 0.235562 0.247534 0.63971 0.204443 0.641682 0.239359 0.233323 0.23719 0.68811 0.206795 0.641278 0.205551 0.234491 0.214333 0.204028 0.203637 0.240703 0.250581 0.233902 0.235891 0.679921 0.237207 0.204462 0.245917
0.239195 0.235562 0.247534 0.63971 0.204443 0.641682 0.239359 0.233323 0.23719 0.68811 0.206795 0.641278 0.205551 0.234491 0.214333 0.204028 0.203637 0.240703 0.250581 0.233902 0.235891 0.679921 0.237206 0.204462 0.245917
0.239195 0.235561 0.247534 0.63971 0.204443 0.641682 0.239359 0.233323 0.23719 0.68811 0.206795 0.641278 0.205551 0.234491 0.214333 0.204028 0.203637 0.240703 0.250581 0.233902 0.235891 0.679921 0.237206 0.204462 0.245917
0.239195 0.235561 0.247534 0.63971 0.204443 0.641682 0.239359 0.233322 0.23719 0.68811 0.206795 0.641278 0.205551 0.234491 0.214333 0.204028 0.203637 0.240703 0.250581 0.233902 0.235891 0.679921 0.237206 0.204462 0.245917
0.239195 0.235561 0.247534 0.63971 0.204443 0.641682 0.239359 0.233322 0.23719 0.68811 0.206795 0.641278 0.205551 0.234491 0.214333 0.204028 0.203637 0.240703 0.250581 0.233902 0.235891 0.679921 0.237206 0.204462 0.245917
0.239195 0.235561 0.247534 0.63971 0.204443 0.641682 0.239359 0.233322 0.23719 0.68811 0.206795 0.641278 0.205551 0.234491 0.214333 0.204028 0.203637 0.240703 0.250581 0.233902 0.235891 0.679921 0.237206 0.204462 0.245917
0.239195 0.235561 0.247534 0.63971 0.204443 0.641682 0.239359 0.233322 0.23719 0.68811 0.206795 0.641278 0.205551 0.234491 0.214333 0.204028 0.203637 0.240703 0.250581 0.233902 0.235891 0.679921 0.237206 0.204462 0.245917
0.239195 0.235561 0.247534 0.63971 0.204443 0.641682 0.239359 0.233322 0.23719 0.68811 0.206795 0.641278 0.205551 0.234491 0.214333 0.204028 0.203637 0.240703 0.250581 0.233902 0.235891 0.679921 0.237206 0.204462 0.245917
0.239195 0.235561 0.247534 0.63971 0.204443 0.641682 0.239359 0.233322 0.23719 0.68811 0.206795 0.641278 0.205551 0.234491 0.214333 0.204028 0.203637 0.240703 0.250581 0.233902 0.235891 0.679921 0.237206 0.204462 0.245917
0.239195 0.235561 0.247534 0.63971 0.204443 0.641682 0.239359 0.233322 0.23719 0.68811 0.206795 0.641278 0.205551 0.234491 0.214333 0.204028 0.203637 0.240703 0.250581 0.233902 0.235891 0.679921 0.237206 0.204462 0.245917
0.239195 0.235561 0.247534 0.63971 0.204443 0.641682 0.239358 0.233322 0.23719 0.68811 0.206795 0.641278 0.205551 0.234491 0.214333 0.204028 0.203637 0.240703 0.250581 0.233902 0.235891 0.679921 0.237206 0.204462 0.245917
0.239195 0.235561 0.247534 0.63971 0.204443 0.641682 0.239358 0.233322 0.23719 0.68811 0.206795 0.641278 0.205551 0.234491 0.214333 0.204028 0.203637 0.240703 0.250581 0.233902 0.235891 0.679921 0.237206 0.204462 0.245917
0.239195 0.235561 0.247534 0.63971 0.204443 0.641682 0.239358 0.233322 0.23719 0.68811 0.206795 0.641278 0.205551 0.234491 0.214333 0.204028 0.203637 0.240703 0.250581 0.233902 0.235891 0.679921 0.237206 0.204462 0.245917
0.239195 0.235561 0.247534 0.63971 0.204443 0.641682 0.239358 0.233322 0.23719 0.68811 0.206795 0.641278 0.205551 0.234491 0.214333 0.204028 0.203637 0.240703 0.250581 0.233902 0.235891 0.679921 0.237206 0.204462 0.245917
0.239195 0.235561 0.247534 0.63971 0.204443 0.641682 0.239358 0.233322 0.23719 0.68811 0.206795 0.641278 0.205551 0.234491 0.214333 0.204028 0.203637 0.240703 0.250581 0.233902 0.235891 0.679921 0.237206 0.204462 0.245917
0.239195 0.235561 0.247534 0.63971 0.204443 0.641682 0.239358 0.233322 0.23719 0.68811 0.206795 0.641278 0.205551 0.234491 0.214333 0.204028 0.203637 0.240703 0.250581 0.233902 0.235891 0.679921 0.237206 0.204462 0.245917
0.239195 0.235561 0.247534 0.63971 0.204443 0.641682 0.239358 0.233322 0.23719 0.68811 0.206795 0.641278 0.205551 0.234491 0.214333 0.204028 0.203637 0.240703 0.250581 0.233902 0.235891 0.679921 0.237206 0.204462 0.245917
0.239195 0.235561 0.247534 0.63971 0.204443 0.641682 0.239358 0.233322 0.23719 0.68811 0.206795 0.641278 0.205551 0.234491 0.214333 0.204028 0.203637 0.240703 0.250581 0.233902 0.235891 0.679921 0.237206 0.204462 0.245917
0.239195 0.235561 0.247534 0.63971 0.204443 0.641682 0.239358 0.233322 0.23719 0.68811 0.206795 0.641278 0.205551 0.234491 0.214333 0.204028 0.203637 0.240703 0.250581 0.233902 0.235891 0.679921 0.237206 0.204462 0.245917
0.239195 0.235561 0.247534 0.63971 0.204443 0.641682 0.239358 0.233322 0.23719 0.68811 0.206795 0.641278 0.205551 0.234491 0.214333 0.204028 0.203637 0.240703 0.250581 0.233902 0.235891 0.679921 0.237206 0.204462 0.245917
0.239195 0.235561 0.247534 0.63971 0.204443 0.641682 0.239358 0.233322 0.23719 0.68811 0.206795 0.641278 0.205551 0.234491 0.214333 0.204028 0.203637 0.240703 0.250581 0.233902 0.235891 0.679921 0.237206 0.204462 0.245917
0.239195 0.235561 0.247534 0.63971 0.204443 0.641682 0.239358 0.233322 0.23719 0.68811 0.206795 0.641278 0.205551 0.234491 0.214333 0.204028 0.203637 0.240703 0.250581 0.233902 0.235891 0.679921 0.237206 0.204462 0.245917
0.239195 0.235561 0.247534 0.63971 0.204443 0.641682 0.239358 0.233322 0.23719 0.68811 0.206795 0.641278 0.205551 0.234491 0.214333 0.204028 0.203637 0.240703 0.250581 0.233902 0.235891 0.679921 0.237206 0.204462 0.245917
0.239195 0.235561 0.247534 0.63971 0.204443 0.641682 0.239358 0.233322 0.23719 0.68811 0.206795 0.641278 0.205551 0.234491 0.214333 0.204028 0.203637 0.240703 0.250581 0.233902 0.235891 0.679921 0.237206 0.204462 0.245917
0.239195 0.235561 0.247534 0.63971 0.204443 0.641682 0.239358 0.233322 0.23719 0.68811 0.206795 0.641278 0.205551 0.234491 0.214333 0.204028 0.203637 0.240703 0.250581 0.233902 0.235891 0.679921 0.237206 0.204462 0.245917
0.239195 0.235561 0.247534 0.63971 0.204443 0.641682 0.239358 0.233322 0.23719 0.68811 0.206795 0.641278 0.205551 0.234491 0.214333 0.204028 0.203637 0.240703 0.250581 0.233902 0.235891 0.679921 0.237206 0.204462 0.245917
0.239195 0.235561 0.247534 0.63971 0.204443 0.641682 0.239358 0.233322 0.23719 0.68811 0.206795 0.641278 0.205551 0.234491 0.214333 0.204028 0.203637 0.240703 0.250581 0.233902 0.235891 0.679921 0.237206 0.204462 0.245917
0.239195 0.235561 0.247534 0.63971 0.204443 0.641682 0.239358 0.233322 0.23719 0.68811 0.206795 0.641278 0.205551 0.234491 0.214333 0.204028 0.203637 0.240703 0.250581 0.233902 0.235891 0.679921 0.237206 0.204462 0.245917
0.239195 0.235561 0.247534 0.63971 0.204443 0.641682 0.239358 0.233322 0.23719 0.68811 0.206795 0.641278 0.205551 0.234491 0.214333 0.204028 0.203637 0.240703 0.250581 0.233902 0.235891 0.679921 0.237206 0.204462 0.245917
0.239195 0.235561 0.247534 0.63971 0.204443 0.641682 0.239358 0.233322 0.23719 0.68811 0.206795 0.641278 0.205551 0.234491 0.214333 0.204028 0.203637 0.240703 0.250581 0.233902 0.235891 0.679921 0.237206 0.204462 0.245917
0.239195 0.235561 0.247534 0.63971 0.204443 0.641682 0.239358 0.233322 0.23719 0.68811 0.206795 0.641278 0.205551 0.234491 0.214333 0.204028 0.203637 0.240703 0.250581 0.233902 0.235891 0.679921 0.237206 0.204462 0.245917
0.239195 0.235561 0.247534 0.63971 0.204443 0.641682 0.239358 0.233322 0.23719 0.68811 0.206795 0.641278 0.205551 0.234491 0.214333 0.204028 0.203637 0.240703 0.250581 0.233902 0.235891 0.679921 0.237206 0.204462 0.245917
0.239195 0.235561 0.247534 0.63971 0.204443 0.641682 0.239358 0.233322 0.23719 0.68811 0.206795 0.641278 0.205551 0.234491 0.214333 0.204028 0.203637 0.240703 0.250581 0.233902 0.235891 0.679921 0.237206 0.204462 0.245917
0.239195 0.235561 0.247534 0.63971 0.204443 0.641682 0.239358 0.233322 0.23719 0.68811 0.206795 0.641278 0.205551 0.234491 0.214333 0.204028 0.203637 0.240703 0.250581 0.233902 0.235891 0.679921 0.237206 0.204462 0.245917
0.239195 0.235561 0.247534 0.63971 0.204443 0.641682 0.239358 0.233322 0.23719 0.68811 0.206795 0.641278 0.205551 0.234491 0.214333 0.204028 0.203637 0.240703 0.250581 0.233902 0.235891 0.679921 0.237206 0.204462 0.245917
0.239195 0.235561 0.247534 0.63971 0.204443 0.641682 0.239358 0.233322 0.23719 0.68811 0.206795 0.641278 0.205551 0.234491 0.214333 0.204028 0.203637 0.240703 0.250581 0.233902 0.235891 0.679921 0.237206 0.204462 0.245917
0.239195 0.235561 0.247534 0.63971 0.204443 0.641682 0.239358 0.233322 0.23719 0.68811 0.206795 0.641278 0.205551 0.234491 0.214333 0.204028 0.203637 0.240703 0.250581 0.233902 0.235891 0.679921 0.237206 0.204462 0.245917
0.239195 0.235561 0.247534 0.63971 0.204443 0.641682 0.239358 0.233322 0.23719 0.68811 0.206795 0.641278 0.205551 0.234491 0.214333 0.204028 0.203637 0.240703 0.250581 0.233902 0.235891 0.679921 0.237206 0.204462 0.245917
0.239195 0.235561 0.247534 0.63971 0.204443 0.641682 0.239358 0.233322 0.23719 0.68811 0.206795 0.641278 0.205551 0.234491 0.214333 0.204028 0.203637 0.240703 0.250581 0.233902 0.235891 0.679921 0.237206 0.204462 0.245917
0.239195 0.235561 0.247534 0.63971 0.204443 0.641682 0.239358 0.233322 0.23719 0.68811 0.206795 0.641278 0.205551 0.234491 0.214333 0.204028 0.203637 0.240703 0.250581 0.233902 0.235891 0.679921 0.237206 0.204462 0.245917
0.239195 0.235561 0.247534 0.63971 0.204443 0.641682 0.239358 0.233322 0.23719 0.68811 0.206795 0.641278 0.205551 0.234491 0.214333 0.204028 0.203637 0.240703 0.250581 0.233902 0.235891 0.679921 0.237206 0.204462 0.245917
0.239195 0.235561 0.247534 0.63971 0.204443 0.641682 0.239358 0.233322 0.23719 0.68811 0.206795 0.641278 0.205551 0.234491 0.214333 0.204028 0.203637 0.240703 0.250581 0.233902 0.235891 0.679921 0.237206 0.204462 0.245917
0.239195 0.235561 0.247534 0.63971 0.204443 0.641682 0.239358 0.233322 0.23719 0.68811 0.206795 0.641278 0.205551 0.234491 0.214333 0.204028 0.203637 0.240703 0.250581 0.233902 0.235891 0.679921 0.237206 0.204462 0.245917
0.239195 0.235561 0.247534 0.63971 0.204443 0.641682 0.239358 0.233322 0.23719 0.68811 0.206795 0.641278 0.205551 0.234491 0.214333 0.204028 0.203637 0.240703 0.250581 0.233902 0.235891 0.679921 0.237206 0.204462 0.245917
0.239195 0.235561 0.247534 0.63971 0.204443 0.641682 0.239358 0.233322 0.23719 0.68811 0.206795 0.641278 0.205551 0.234491 0.214333 0.204028 0.203637 0.240703 0.250581 0.233902 0.235891 0.679921 0.237206 0.204462 0.245917
0.239195 0.235561 0.247534 0.63971 0.204443 0.641682 0.239358 0.233322 0.23719 0.68811 0.206795 0.641278 0.205551 0.234491 0.214333 0.204028 0.203637 0.240703 0.250581 0.233902 0.235891 0.679921 0.237206 0.204462 0.245917
0.239195 0.235561 0.247534 0.63971 0.204443 0.641682 0.239358 0.233322 0.23719 0.68811 0.206795 0.641278 0.205551 0.234491 0.214333 0.204028 0.203637 0.240703 0.250581 0.233902 0.235891 0.679921 0.237206 0.204462 0.245917
0.239195 0.235561 0.247534 0.63971 0.204443 0.641682 0.239358 0.233322 0.23719 0.68811 0.206795 0.641278 0.205551 0.234491 0.214333 0.204028 0.203637 0.240703 0.250581 0.233902 0.235891 0.679921 0.237206 0.204462 0.245917
0.239195 0.235561 0.247534 0.63971 0.204443 0.641682 0.239358 0.233322 0.23719 0.68811 0.206795 0.641278 0.205551 0.234491 0.214333 0.204028 0.203637 0.240703 0.250581 0.233902 0.235891 0.679921 0.237206 0.204462 0.245917
0.239195 0.235561 0.247534 0.63971 0.204443 0.641682 0.239358 0.233322 0.23719 0.68811 0.206795 0.641278 0.205551 0.234491 0.214333 0.204028 0.203637 0.240703 0.250581 0.233902 0.235891 0.679921 0.237206 0.204462 0.245917
0.239195 0.235561 0.247534 0.63971 0.204443 0.641682 0.239358 0.233322 0.23719 0.68811 0.206795 0.641278 0.205551 0.234491 0.214333 0.204028 0.203637 0.240703 0.250581 0.233902 0.235891 0.679921 0.237206 0.204462 0.245917
0.239195 0.235561 0.247534 0.63971 0.204443 0.641682 0.239358 0.233322 0.23719 0.68811 0.206795 0.641278 0.205551 0.234491 0.214333 0.204028 0.203637 0.240703 0.250581 0.233902 0.235891 0.679921 0.237206 0.204462 0.245917
0.239195 0.235561 0.247534 0.63971 0.204443 0.641682 0.239358 0.233322 0.23719 0.68811 0.206795 0.641278 0.205551 0.234491 0.214333 0.204028 0.203637 0.240703 0.250581 0.233902 0.235891 0.679921 0.237206 0.204462 0.245917
0.239195 0.235561 0.247534 0.63971 0.204443 0.641682 0.239358 0.233322 0.23719 0.68811 0.206795 0.641278 0.205551 0.234491 0.214333 0.204028 0.203637 0.240703 0.250581 0.233902 0.235891 0.679921 0.237206 0.204462 0.245917
0.239195 0.235561 0.247534 0.63971 0.204443 0.641682 0.239358 0.233322 0.23719 0.68811 0.206795 0.641278 0.205551 0.234491 0.214333 0.204028 0.203637 0.240703 0.250581 0.233902 0.235891 0.679921 0.237206 0.204462 0.245917
0.239195 0.235561 0.247534 0.63971 0.204443 0.641682 0.239358 0.233322 0.23719 0.68811 0.206795 0.641278 0.205551 0.234491 0.214333 0.204028 0.203637 0.240703 0.250581 0.233902 0.235891 0.679921 0.237206 0.204462 0.245917
0.239195 0.235561 0.247534 0.63971 0.204443 0.641682 0.239358 0.233322 0.23719 0.68811 0.206795 0.641278 0.205551 0.234491 0.214333 0.204028 0.203637 0.240703 0.250581 0.233902 0.235891 0.679921 0.237206 0.204462 0.245917
0.239195 0.235561 0.247534 0.63971 0.204443 0.641682 0.239358 0.233322 0.23719 0.68811 0.206795 0.641278 0.205551 0.234491 0.214333 0.204028 0.203637 0.240703 0.250581 0.233902 0.235891 0.679921 0.237206 0.204462 0.245917
0.239195 0.235561 0.247534 0.63971 0.204443 0.641682 0.239358 0.233322 0.23719 0.68811 0.206795 0.641278 0.205551 0.234491 0.214333 0.204028 0.203637 0.240703 0.250581 0.233902 0.235891 0.679921 0.237206 0.204462 0.245917
0.239195 0.235561 0.247534 0.63971 0.204443 0.641682 0.239358 0.233322 0.23719 0.68811 0.206795 0.641278 0.205551 0.234491 0.214333 0.204028 0.203637 0.240703 0.250581 0.233902 0.235891 0.679921 0.237206 0.204462 0.245917
0.239195 0.235561 0.247534 0.63971 0.204443 0.641682 0.239358 0.233322 0.23719 0.68811 0.206795 0.641278 0.205551 0.234491 0.214333 0.204028 0.203637 0.240703 0.250581 0.233902 0.235891 0.679921 0.237206 0.204462 0.245917
0.239195 0.235561 0.247534 0.63971 0.204443 0.641682 0.239358 0.233322 0.23719 0.68811 0.206795 0.641278 0.205551 0.234491 0.214333 0.204028 0.203637 0.240703 0.250581 0.233902 0.235891 0.679921 0.237206 0.204462 0.245917
0.239195 0.235561 0.247534 0.63971 0.204443 0.641682 0.239358 0.233322 0.23719 0.68811 0.206795 0.641278 0.205551 0.234491 0.214333 0.204028 0.203637 0.240703 0.250581 0.233902 0.235891 0.679921 0.237206 0.204462 0.245917
0.239195 0.235561 0.247534 0.63971 0.204443 0.641682 0.239358 0.233322 0.23719 0.68811 0.206795 0.641278 0.205551 0.234491 0.214333 0.204028 0.203637 0.240703 0.250581 0.233902 0.235891 0.679921 0.237206 0.204462 0.245917
0.239195 0.235561 0.247534 0.63971 0.204443 0.641682 0.239358 0.233322 0.23719 0.68811 0.206795 0.641278 0.205551 0.234491 0.214333 0.204028 0.203637 0.240703 0.250581 0.233902 0.235891 0.679921 0.237206 0.204462 0.245917
0.239195 0.235561 0.247534 0.63971 0.204443 0.641682 0.239358 0.233322 0.23719 0.68811 0.206795 0.641278 0.205551 0.234491 0.214333 0.204028 0.203637 0.240703 0.250581 0.233902 0.235891 0.679921 0.237206 0.204462 0.245917
0.239195 0.235561 0.247534 0.63971 0.204443 0.641682 0.239358 0.233322 0.23719 0.68811 0.206795 0.641278 0.205551 0.234491 0.214333 0.204028 0.203637 0.240703 0.250581 0.233902 0.235891 0.679921 0.237206 0.204462 0.245917
0.239195 0.235561 0.247534 0.63971 0.204443 0.641682 0.239358 0.233322 0.23719 0.68811 0.206795 0.641278 0.205551 0.234491 0.214333 0.204028 0.203637 0.240703 0.250581 0.233902 0.235891 0.679921 0.237206 0.204462 0.245917
0.239195 0.235561 0.247534 0.63971 0.204443 0.641682 0.239358 0.233322 0.23719 0.68811 0.206795 0.641278 0.205551 0.234491 0.214333 0.204028 0.203637 0.240703 0.250581 0.233902 0.235891 0.679921 0.237206 0.204462 0.245917
0.239195 0.235561 0.247534 0.63971 0.204443 0.641682 0.239358 0.233322 0.23719 0.68811 0.206795 0.641278 0.205551 0.234491 0.214333 0.204028 0.203637 0.240703 0.250581 0.233902 0.235891 0.679921 0.237206 0.204462 0.245917
0.239195 0.235561 0.247534 0.63971 0.204443 0.641682 0.239358 0.233322 0.23719 0.68811 0.206795 0.641278 0.205551 0.234491 0.214333 0.204028 0.203637 0.240703 0.250581 0.233902 0.235891 0.679921 0.237206 0.204462 0.245917
0.239195 0.235561 0.247534 0.63971 0.204443 0.641682 0.239358 0.233322 0.23719 0.68811 0.206795 0.641278 0.205551 0.234491 0.214333 0.204028 0.203637 0.240703 0.250581 0.233902 0.235891 0.679921 0.237206 0.204462 0.245917
0.239195 0.235561 0.247534 0.63971 0.204443 0.641682 0.239358 0.233322 0.23719 0.68811 0.206795 0.641278 0.205551 0.234491 0.214333 0.204028 0.203637 0.240703 0.250581 0.233902 0.235891 0.679921 0.237206 0.204462 0.245917
0.239195 0.235561 0.247534 0.63971 0.204443 0.641682 0.239358 0.233322 0.23719 0.68811 0.206795 0.641278 0.205551 0.234491 0.214333 0.204028 0.203637 0.240703 0.250581 0.233902 0.235891 0.679921 0.237206 0.204462 0.245917
0.239195 0.235561 0.247534 0.63971 0.204443 0.641682 0.239358 0.233322 0.23719 0.68811 0.206795 0.641278 0.205551 0.234491 0.214333 0.204028 0.203637 0.240703 0.250581 0.233902 0.235891 0.679921 0.237206 0.204462 0.245917
0.239195 0.235561 0.247534 0.63971 0.204443 0.641682 0.239358 0.233322 0.23719 0.68811 0.206795 0.641278 0.205551 0.234491 0.214333 0.204028 0.203637 0.240703 0.250581 0.233902 0.235891 0.679921 0.237206 0.204462 0.245917
0.239195 0.235561 0.247534 0.63971 0.204443 0.641682 0.239358 0.233322 0.23719 0.68811 0.206795 0.641278 0.205551 0.234491 0.214333 0.204028 0.203637 0.240703 0.250581 0.233902 0.235891 0.679921 0.237206 0.204462 0.245917
0.239195 0.235561 0.247534 0.63971 0.204443 0.641682 0.239358 0.233322 0.23719 0.68811 0.206795 0.641278 0.205551 0.234491 0.214333 0.204028 0.203637 0.240703 0.250581 0.233902 0.235891 0.679921 0.237206 0.204462 0.245917
0.239195 0.235561 0.247534 0.63971 0.204443 0.641682 0.239358 0.233322 0.23719 0.68811 0.206795 0.641278 0.205551 0.234491 0.214333 0.204028 0.203637 0.240703 0.250581 0.233902 0.235891 0.679921 0.237206 0.204462 0.245917
0.239195 0.235561 0.247534 0.63971 0.204443 0.641682 0.239358 0.233322 0.23719 0.68811 0.206795 0.641278 0.205551 0.234491 0.214333 0.204028 0.203637 0.240703 0.250581 0.233902 0.235891 0.679921 0.237206 0.204462 0.245917
0.239195 0.235561 0.247534 0.63971 0.204443 0.641682 0.239358 0.233322 0.23719 0.68811 0.206795 0.641278 0.205551 0.234491 0.214333 0.204028 0.203637 0.240703 0.250581 0.233902 0.235891 0.679921 0.237206 0.204462 0.245917
0.239195 0.235561 0.247534 0.63971 0.204443 0.641682 0.239358 0.233322 0.23719 0.68811 0.206795 0.641278 0.205551 0.234491 0.214333 0.204028 0.203637 0.240703 0.250581 0.233902 0.235891 0.679921 0.237206 0.204462 0.245917
0.239195 0.235561 0.247534 0.63971 0.204443 0.641682 0.239358 0.233322 0.23719 0.68811 0.206795 0.641278 0.205551 0.234491 0.214333 0.204028 0.203637 0.240703 0.250581 0.233902 0.235891 0.679921 0.237206 0.204462 0.245917
0.239195 0.235561 0.247534 0.63971 0.204443 0.641682 0.239358 0.233322 0.23719 0.68811 0.206795 0.641278 0.205551 0.234491 0.214333 0.204028 0.203637 0.240703 0.250581 0.233902 0.235891 0.679921 0.237206 0.204462 0.245917
0.239195 0.235561 0.247534 0.63971 0.204443 0.641682 0.239358 0.233322 0.23719 0.68811 0.206795 0.641278 0.205551 0.234491 0.214333 0.204028 0.203637 0.240703 0.250581 0.233902 0.235891 0.679921 0.237206 0.204462 0.245917
0.239195 0.235561 0.247534 0.63971 0.204443 0.641682 0.239358 0.233322 0.23719 0.68811 0.206795 0.641278 0.205551 0.234491 0.214333 0.204028 0.203637 0.240703 0.250581 0.233902 0.235891 0.679921 0.237206 0.204462 0.245917
0.239195 0.235561 0.247534 0.63971 0.204443 0.641682 0.239358 0.233322 0.23719 0.68811 0.206795 0.641278 0.205551 0.234491 0.214333 0.204028 0.203637 0.240703 0.250581 0.233902 0.235891 0.679921 0.237206 0.204462 0.245917
0.239195 0.235561 0.247534 0.63971 0.204443 0.641682 0.239358 0.233322 0.23719 0.68811 0.206795 0.641278 0.205551 0.234491 0.214333 0.204028 0.203637 0.240703 0.250581 0.233902 0.235891 0.679921 0.237206 0.204462 0.245917
0.239195 0.235561 0.247534 0.63971 0.204443 0.641682 0.239358 0.233322 0.23719 0.68811 0.206795 0.641278 0.205551 0.234491 0.214333 0.204028 0.203637 0.240703 0.250581 0.233902 0.235891 0.679921 0.237206 0.204462 0.245917
0.239195 0.235561 0.247534 0.63971 0.204443 0.641682 0.239358 0.233322 0.23719 0.68811 0.206795 0.641278 0.205551 0.234491 0.214333 0.204028 0.203637 0.240703 0.250581 0.233902 0.235891 0.679921 0.237206 0.204462 0.245917
0.239195 0.235561 0.247534 0.63971 0.204443 0.641682 0.239358 0.233322 0.23719 0.68811 0.206795 0.641278 0.205551 0.234491 0.214333 0.204028 0.203637 0.240703 0.250581 0.233902 0.235891 0.679921 0.237206 0.204462 0.245917
0.239195 0.235561 0.247534 0.63971 0.204443 0.641682 0.239358 0.233322 0.23719 0.68811 0.206795 0.641278 0.205551 0.234491 0.214333 0.204028 0.203637 0.240703 0.250581 0.233902 0.235891 0.679921 0.237206 0.204462 0.245917
0.239195 0.235561 0.247534 0.63971 0.204443 0.641682 0.239358 0.233322 0.23719 0.68811 0.206795 0.641278 0.205551 0.234491 0.214333 0.204028 0.203637 0.240703 0.250581 0.233902 0.235891 0.679921 0.237206 0.204462 0.245917
0.239195 0.235561 0.247534 0.63971 0.204443 0.641682 0.239358 0.233322 0.23719 0.68811 0.206795 0.641278 0.205551 0.234491 0.214333 0.204028 0.203637 0.240703 0.250581 0.233902 0.235891 0.679921 0.237206 0.204462 0.245917
0.239195 0.235561 0.247534 0.63971 0.204443 0.641682 0.239358 0.233322 0.23719 0.68811 0.206795 0.641278 0.205551 0.234491 0.214333 0.204028 0.203637 0.240703 0.250581 0.233902 0.235891 0.679921 0.237206 0.204462 0.245917
0.239195 0.235561 0.247534 0.63971 0.204443 0.641682 0.239358 0.233322 0.23719 0.68811 0.206795 0.641278 0.205551 0.234491 0.214333 0.204028 0.203637 0.240703 0.250581 0.233902 0.235891 0.679921 0.237206 0.204462 0.245917
0.239195 0.235561 0.247534 0.63971 0.204443 0.641682 0.239358 0.233322 0.23719 0.68811 0.206795 0.641278 0.205551 0.234491 0.214333 0.204028 0.203637 0.240703 0.250581 0.233902 0.235891 0.679921 0.237206 0.204462 0.245917
0.239195 0.235561 0.247534 0.63971 0.204443 0.641682 0.239358 0.233322 0.23719 0.68811 0.206795 0.641278 0.205551 0.234491 0.214333 0.204028 0.203637 0.240703 0.250581 0.233902 0.235891 0.679921 0.237206 0.204462 0.245917
0.239195 0.235561 0.247534 0.63971 0.204443 0.641682 0.239358 0.233322 0.23719 0.68811 0.206795 0.641278 0.205551 0.234491 0.214333 0.204028 0.203637 0.240703 0.250581 0.233902 0.235891 0.679921 0.237206 0.204462 0.245917
0.239195 0.235561 0.247534 0.63971 0.204443 0.641682 0.239358 0.233322 0.23719 0.68811 0.206795 0.641278 0.205551 0.234491 0.214333 0.204028 0.203637 0.240703 0.250581 0.233902 0.235891 0.679921 0.237206 0.204462 0.245917
0.239195 0.235561 0.247534 0.63971 0.204443 0.641682 0.239358 0.233322 0.23719 0.68811 0.206795 0.641278 0.205551 0.234491 0.214333 0.204028 0.203637 0.240703 0.250581 0.233902 0.235891 0.679921 0.237206 0.204462 0.245917
0.239195 0.235561 0.247534 0.63971 0.204443 0.641682 0.239358 0.233322 0.23719 0.68811 0.206795 0.641278 0.205551 0.234491 0.214333 0.204028 0.203637 0.240703 0.250581 0.233902 0.235891 0.679921 0.237206 0.204462 0.245917
0.239195 0.235561 0.247534 0.63971 0.204443 0.641682 0.239358 0.233322 0.23719 0.68811 0.206795 0.641278 0.205551 0.234491 0.214333 0.204028 0.203637 0.240703 0.250581 0.233902 0.235891 0.679921 0.237206 0.204462 0.245917
0.239195 0.235561 0.247534 0.63971 0.204443 0.641682 0.239358 0.233322 0.23719 0.68811 0.206795 0.641278 0.205551 0.234491 0.214333 0.204028 0.203637 0.240703 0.250581 0.233902 0.235891 0.679921 0.237206 0.204462 0.245917
0.239195 0.235561 0.247534 0.63971 0.204443 0.641682 0.239358 0.233322 0.23719 0.68811 0.206795 0.641278 0.205551 0.234491 0.214333 0.204028 0.203637 0.240703 0.250581 0.233902 0.235891 0.679921 0.237206 0.204462 0.245917
0.239195 0.235561 0.247534 0.63971 0.204443 0.641682 0.239358 0.233322 0.23719 0.68811 0.206795 0.641278 0.205551 0.234491 0.214333 0.204028 0.203637 0.240703 0.250581 0.233902 0.235891 0.679921 0.237206 0.204462 0.245917
0.239195 0.235561 0.247534 0.63971 0.204443 0.641682 0.239358 0.233322 0.23719 0.68811 0.206795 0.641278 0.205551 0.234491 0.214333 0.204028 0.203637 0.240703 0.250581 0.233902 0.235891 0.679921 0.237206 0.204462 0.245917
0.239195 0.235561 0.247534 0.63971 0.204443 0.641682 0.239358 0.233322 0.23719 0.68811 0.206795 0.641278 0.205551 0.234491 0.214333 0.204028 0.203637 0.240703 0.250581 0.233902 0.235891 0.679921 0.237206 0.204462 0.245917
0.239195 0.235561 0.247534 0.63971 0.204443 0.641682 0.239358 0.233322 0.23719 0.68811 0.206795 0.641278 0.205551 0.234491 0.214333 0.204028 0.203637 0.240703 0.250581 0.233902 0.235891 0.679921 0.237206 0.204462 0.245917
0.239195 0.235561 0.247534 0.63971 0.204443 0.641682 0.239358 0.233322 0.23719 0.68811 0.206795 0.641278 0.205551 0.234491 0.214333 0.204028 0.203637 0.240703 0.250581 0.233902 0.235891 0.679921 0.237206 0.204462 0.245917
0.239195 0.235561 0.247534 0.63971 0.204443 0.641682 0.239358 0.233322 0.23719 0.68811 0.206795 0.641278 0.205551 0.234491 0.214333 0.204028 0.203637 0.240703 0.250581 0.233902 0.235891 0.679921 0.237206 0.204462 0.245917
0.239195 0.235561 0.247534 0.63971 0.204443 0.641682 0.239358 0.233322 0.23719 0.68811 0.206795 0.641278 0.205551 0.234491 0.214333 0.204028 0.203637 0.240703 0.250581 0.233902 0.235891 0.679921 0.237206 0.204462 0.245917
0.239195 0.235561 0.247534 0.63971 0.204443 0.641682 0.239358 0.233322 0.23719 0.68811 0.206795 0.641278 0.205551 0.234491 0.214333 0.204028 0.203637 0.240703 0.250581 0.233902 0.235891 0.679921 0.237206 0.204462 0.245917
0.239195 0.235561 0.247534 0.63971 0.204443 0.641682 0.239358 0.233322 0.23719 0.68811 0.206795 0.641278 0.205551 0.234491 0.214333 0.204028 0.203637 0.240703 0.250581 0.233902 0.235891 0.679921 0.237206 0.204462 0.245917
0.239195 0.235561 0.247534 0.63971 0.204443 0.641682 0.239358 0.233322 0.23719 0.68811 0.206795 0.641278 0.205551 0.234491 0.214333 0.204028 0.203637 0.240703 0.250581 0.233902 0.235891 0.679921 0.237206 0.204462 0.245917
0.239195 0.235561 0.247534 0.63971 0.204443 0.641682 0.239358 0.233322 0.23719 0.68811 0.206795 0.641278 0.205551 0.234491 0.214333 0.204028 0.203637 0.240703 0.250581 0.233902 0.235891 0.679921 0.237206 0.204462 0.245917
0.239195 0.235561 0.247534 0.63971 0.204443 0.641682 0.239358 0.233322 0.23719 0.68811 0.206795 0.641278 0.205551 0.234491 0.214333 0.204028 0.203637 0.240703 0.250581 0.233902 0.235891 0.679921 0.237206 0.204462 0.245917
0.239195 0.235561 0.247534 0.63971 0.204443 0.641682 0.239358 0.233322 0.23719 0.68811 0.206795 0.641278 0.205551 0.234491 0.214333 0.204028 0.203637 0.240703 0.250581 0.233902 0.235891 0.679921 0.237206 0.204462 0.245917
0.239195 0.235561 0.247534 0.63971 0.204443 0.641682 0.239358 0.233322 0.23719 0.68811 0.206795 0.641278 0.205551 0.234491 0.214333 0.204028 0.203637 0.240703 0.250581 0.233902 0.235891 0.679921 0.237206 0.204462 0.245917
0.239195 0.235561 0.247534 0.63971 0.204443 0.641682 0.239358 0.233322 0.23719 0.68811 0.206795 0.641278 0.205551 0.234491 0.214333 0.204028 0.203637 0.240703 0.250581 0.233902 0.235891 0.679921 0.237206 0.204462 0.245917
0.239195 0.235561 0.247534 0.63971 0.204443 0.641682 0.239358 0.233322 0.23719 0.68811 0.206795 0.641278 0.205551 0.234491 0.214333 0.204028 0.203637 0.240703 0.250581 0.233902 0.235891 0.679921 0.237206 0.204462 0.245917
0.239195 0.235561 0.247534 0.63971 0.204443 0.641682 0.239358 0.233322 0.23719 0.68811 0.206795 0.641278 0.205551 0.234491 0.214333 0.204028 0.203637 0.240703 0.250581 0.233902 0.235891 0.679921 0.237206 0.204462 0.245917
0.239195 0.235561 0.247534 0.63971 0.204443 0.641682 0.239358 0.233322 0.23719 0.68811 0.206795 0.641278 0.205551 0.234491 0.214333 0.204028 0.203637 0.240703 0.250581 0.233902 0.235891 0.679921 0.237206 0.204462 0.245917
0.239195 0.235561 0.247534 0.63971 0.204443 0.641682 0.239358 0.233322 0.23719 0.68811 0.206795 0.641278 0.205551 0.234491 0.214333 0.204028 0.203637 0.240703 0.250581 0.233902 0.235891 0.679921 0.237206 0.204462 0.245917
0.239195 0.235561 0.247534 0.63971 0.204443 0.641682 0.239358 0.233322 0.23719 0.68811 0.206795 0.641278 0.205551 0.234491 0.214333 0.204028 0.203637 0.240703 0.250581 0.233902 0.235891 0.679921 0.237206 0.204462 0.245917
0.239195 0.235561 0.247534 0.63971 0.204443 0.641682 0.239358 0.233322 0.23719 0.68811 0.206795 0.641278 0.205551 0.234491 0.214333 0.204028 0.203637 0.240703 0.250581 0.233902 0.235891 0.679921 0.237206 0.204462 0.245917
0.239195 0.235561 0.247534 0.63971 0.204443 0.641682 0.239358 0.233322 0.23719 0.68811 0.206795 0.641278 0.205551 0.234491 0.214333 0.204028 0.203637 0.240703 0.250581 0.233902 0.235891 0.679921 0.237206 0.204462 0.245917
0.239195 0.235561 0.247534 0.63971 0.204443 0.641682 0.239358 0.233322 0.23719 0.68811 0.206795 0.641278 0.205551 0.234491 0.214333 0.204028 0.203637 0.240703 0.250581 0.233902 0.235891 0.679921 0.237206 0.204462 0.245917
0.239195 0.235561 0.247534 0.63971 0.204443 0.641682 0.239358 0.233322 0.23719 0.68811 0.206795 0.641278 0.205551 0.234491 0.214333 0.204028 0.203637 0.240703 0.250581 0.233902 0.235891 0.679921 0.237206 0.204462 0.245917
0.239195 0.235561 0.247534 0.63971 0.204443 0.641682 0.239358 0.233322 0.23719 0.68811 0.206795 0.641278 0.205551 0.234491 0.214333 0.204028 0.203637 0.240703 0.250581 0.233902 0.235891 0.679921 0.237206 0.204462 0.245917
0.239195 0.235561 0.247534 0.63971 0.204443 0.641682 0.239358 0.233322 0.23719 0.68811 0.206795 0.641278 0.205551 0.234491 0.214333 0.204028 0.203637 0.240703 0.250581 0.233902 0.235891 0.679921 0.237206 0.204462 0.245917
0.239195 0.235561 0.247534 0.63971 0.204443 0.641682 0.239358 0.233322 0.23719 0.68811 0.206795 0.641278 0.205551 0.234491 0.214333 0.204028 0.203637 0.240703 0.250581 0.233902 0.235891 0.679921 0.237206 0.204462 0.245917
0.239195 0.235561 0.247534 0.63971 0.204443 0.641682 0.239358 0.233322 0.23719 0.68811 0.206795 0.641278 0.205551 0.234491 0.214333 0.204028 0.203637 0.240703 0.250581 0.233902 0.235891 0.679921 0.237206 0.204462 0.245917
0.239195 0.235561 0.247534 0.63971 0.204443 0.641682 0.239358 0.233322 0.23719 0.68811 0.206795 0.641278 0.205551 0.234491 0.214333 0.204028 0.203637 0.240703 0.250581 0.233902 0.235891 0.679921 0.237206 0.204462 0.245917
0.239195 0.235561 0.247534 0.63971 0.204443 0.641682 0.239358 0.233322 0.23719 0.68811 0.206795 0.641278 0.205551 0.234491 0.214333 0.204028 0.203637 0.240703 0.250581 0.233902 0.235891 0.679921 0.237206 0.204462 0.245917
0.239195 0.235561 0.247534 0.63971 0.204443 0.641682 0.239358 0.233322 0.23719 0.68811 0.206795 0.641278 0.205551 0.234491 0.214333 0.204028 0.203637 0.240703 0.250581 0.233902 0.235891 0.679921 0.237206 0.204462 0.245917
0.239195 0.235561 0.247534 0.63971 0.204443 0.641682 0.239358 0.233322 0.23719 0.68811 0.206795 0.641278 0.205551 0.234491 0.214333 0.204028 0.203637 0.240703 0.250581 0.233902 0.235891 0.679921 0.237206 0.204462 0.245917
0.239195 0.235561 0.247534 0.63971 0.204443 0.641682 0.239358 0.233322 0.23719 0.68811 0.206795 0.641278 0.205551 0.234491 0.214333 0.204028 0.203637 0.240703 0.250581 0.233902 0.235891 0.679921 0.237206 0.204462 0.245917
0.239195 0.235561 0.247534 0.63971 0.204443 0.641682 0.239358 0.233322 0.23719 0.68811 0.206795 0.641278 0.205551 0.234491 0.214333 0.204028 0.203637 0.240703 0.250581 0.233902 0.235891 0.679921 0.237206 0.204462 0.245917
0.239195 0.235561 0.247534 0.63971 0.204443 0.641682 0.239358 0.233322 0.23719 0.68811 0.206795 0.641278 0.205551 0.234491 0.214333 0.204028 0.203637 0.240703 0.250581 0.233902 0.235891 0.679921 0.237206 0.204462 0.245917
0.239195 0.235561 0.247534 0.63971 0.204443 0.641682 0.239358 0.233322 0.23719 0.68811 0.206795 0.641278 0.205551 0.234491 0.214333 0.204028 0.203637 0.240703 0.250581 0.233902 0.235891 0.679921 0.237206 0.204462 0.245917
0.239195 0.235561 0.247534 0.63971 0.204443 0.641682 0.239358 0.233322 0.23719 0.68811 0.206795 0.641278 0.205551 0.234491 0.214333 0.204028 0.203637 0.240703 0.250581 0.233902 0.235891 0.679921 0.237206 0.204462 0.245917
0.239195 0.235561 0.247534 0.63971 0.204443 0.641682 0.239358 0.233322 0.23719 0.68811 0.206795 0.641278 0.205551 0.234491 0.214333 0.204028 0.203637 0.240703 0.250581 0.233902 0.235891 0.679921 0.237206 0.204462 0.245917
0.239195 0.235561 0.247534 0.63971 0.204443 0.641682 0.239358 0.233322 0.23719 0.68811 0.206795 0.641278 0.205551 0.234491 0.214333 0.204028 0.203637 0.240703 0.250581 0.233902 0.235891 0.679921 0.237206 0.204462 0.245917
0.239195 0.235561 0.247534 0.63971 0.204443 0.641682 0.239358 0.233322 0.23719 0.68811 0.206795 0.641278 0.205551 0.234491 0.214333 0.204028 0.203637 0.240703 0.250581 0.233902 0.235891 0.679921 0.237206 0.204462 0.245917
0.239195 0.235561 0.247534 0.63971 0.204443 0.641682 0.239358 0.233322 0.23719 0.68811 0.206795 0.641278 0.205551 0.234491 0.214333 0.204028 0.203637 0.240703 0.250581 0.233902 0.235891 0.679921 0.237206 0.204462 0.245917
0.239195 0.235561 0.247534 0.63971 0.204443 0.641682 0.239358 0.233322 0.23719 0.68811 0.206795 0.641278 0.205551 0.234491 0.214333 0.204028 0.203637 0.240703 0.250581 0.233902 0.235891 0.679921 0.237206 0.204462 0.245917
0.239195 0.235561 0.247534 0.63971 0.204443 0.641682 0.239358 0.233322 0.23719 0.68811 0.206795 0.641278 0.205551 0.234491 0.214333 0.204028 0.203637 0.240703 0.250581 0.233902 0.235891 0.679921 0.237206 0.204462 0.245917
0.239195 0.235561 0.247534 0.63971 0.204443 0.641682 0.239358 0.233322 0.23719 0.68811 0.206795 0.641278 0.205551 0.234491 0.214333 0.204028 0.203637 0.240703 0.250581 0.233902 0.235891 0.679921 0.237206 0.204462 0.245917
0.239195 0.235561 0.247534 0.63971 0.204443 0.641682 0.239358 0.233322 0.23719 0.68811 0.206795 0.641278 0.205551 0.234491 0.214333 0.204028 0.203637 0.240703 0.250581 0.233902 0.235891 0.679921 0.237206 0.204462 0.245917
0.239195 0.235561 0.247534 0.63971 0.204443 0.641682 0.239358 0.233322 0.23719 0.68811 0.206795 0.641278 0.205551 0.234491 0.214333 0.204028 0.203637 0.240703 0.250581 0.233902 0.235891 0.679921 0.237206 0.204462 0.245917
0.239195 0.235561 0.247534 0.63971 0.204443 0.641682 0.239358 0.233322 0.23719 0.68811 0.206795 0.641278 0.205551 0.234491 0.214333 0.204028 0.203637 0.240703 0.250581 0.233902 0.235891 0.679921 0.237206 0.204462 0.245917
0.239195 0.235561 0.247534 0.63971 0.204443 0.641682 0.239358 0.233322 0.23719 0.68811 0.206795 0.641278 0.205551 0.234491 0.214333 0.204028 0.203637 0.240703 0.250581 0.233902 0.235891 0.679921 0.237206 0.204462 0.245917
0.239195 0.235561 0.247534 0.63971 0.204443 0.641682 0.239358 0.233322 0.23719 0.68811 0.206795 0.641278 0.205551 0.234491 0.214333 0.204028 0.203637 0.240703 0.250581 0.233902 0.235891 0.679921 0.237206 0.204462 0.245917
0.239195 0.235561 0.247534 0.63971 0.204443 0.641682 0.239358 0.233322 0.23719 0.68811 0.206795 0.641278 0.205551 0.234491 0.214333 0.204028 0.203637 0.240703 0.250581 0.233902 0.235891 0.679921 0.237206 0.204462 0.245917
0.239195 0.235561 0.247534 0.63971 0.204443 0.641682 0.239358 0.233322 0.23719 0.68811 0.206795 0.641278 0.205551 0.234491 0.214333 0.204028 0.203637 0.240703 0.250581 0.233902 0.235891 0.679921 0.237206 0.204462 0.245917
0.239195 0.235561 0.247534 0.63971 0.204443 0.641682 0.239358 0.233322 0.23719 0.68811 0.206795 0.641278 0.205551 0.234491 0.214333 0.204028 0.203637 0.240703 0.250581 0.233902 0.235891 0.679921 0.237206 0.204462 0.245917
0.239195 0.235561 0.247534 0.63971 0.204443 0.641682 0.239358 0.233322 0.23719 0.68811 0.206795 0.641278 0.205551 0.234491 0.214333 0.204028 0.203637 0.240703 0.250581 0.233902 0.235891 0.679921 0.237206 0.204462 0.245917
0.239195 0.235561 0.247534 0.63971 0.204443 0.641682 0.239358 0.233322 0.23719 0.68811 0.206795 0.641278 0.205551 0.234491 0.214333 0.204028 0.203637 0.240703 0.250581 0.233902 0.235891 0.679921 0.237206 0.204462 0.245917
0.239195 0.235561 0.247534 0.63971 0.204443 0.641682 0.239358 0.233322 0.23719 0.68811 0.206795 0.641278 0.205551 0.234491 0.214333 0.204028 0.203637 0.240703 0.250581 0.233902 0.235891 0.679921 0.237206 0.204462 0.245917
0.239195 0.235561 0.247534 0.63971 0.204443 0.641682 0.239358 0.233322 0.23719 0.68811 0.206795 0.641278 0.205551 0.234491 0.214333 0.204028 0.203637 0.240703 0.250581 0.233902 0.235891 0.679921 0.237206 0.204462 0.245917
0.239195 0.235561 0.247534 0.63971 0.204443 0.641682 0.239358 0.233322 0.23719 0.68811 0.206795 0.641278 0.205551 0.234491 0.214333 0.204028 0.203637 0.240703 0.250581 0.233902 0.235891 0.679921 0.237206 0.204462 0.245917
0.239195 0.235561 0.247534 0.63971 0.204443 0.641682 0.239358 0.233322 0.23719 0.68811 0.206795 0.641278 0.205551 0.234491 0.214333 0.204028 0.203637 0.240703 0.250581 0.233902 0.235891 0.679921 0.237206 0.204462 0.245917
0.239195 0.235561 0.247534 0.63971 0.204443 0.641682 0.239358 0.233322 0.23719 0.68811 0.206795 0.641278 0.205551 0.234491 0.214333 0.204028 0.203637 0.240703 0.250581 0.233902 0.235891 0.679921 0.237206 0.204462 0.245917
0.239195 0.235561 0.247534 0.63971 0.204443 0.641682 0.239358 0.233322 0.23719 0.68811 0.206795 0.641278 0.205551 0.234491 0.214333 0.204028 0.203637 0.240703 0.250581 0.233902 0.235891 0.679921 0.237206 0.204462 0.245917
0.239195 0.235561 0.247534 0.63971 0.204443 0.641682 0.239358 0.233322 0.23719 0.68811 0.206795 0.641278 0.205551 0.234491 0.214333 0.204028 0.203637 0.240703 0.250581 0.233902 0.235891 0.679921 0.237206 0.204462 0.245917
0.239195 0.235561 0.247534 0.63971 0.204443 0.641682 0.239358 0.233322 0.23719 0.68811 0.206795 0.641278 0.205551 0.234491 0.214333 0.204028 0.203637 0.240703 0.250581 0.233902 0.235891 0.679921 0.237206 0.204462 0.245917
0.239195 0.235561 0.247534 0.63971 0.204443 0.641682 0.239358 0.233322 0.23719 0.68811 0.206795 0.641278 0.205551 0.234491 0.214333 0.204028 0.203637 0.240703 0.250581 0.233902 0.235891 0.679921 0.237206 0.204462 0.245917
0.239195 0.235561 0.247534 0.63971 0.204443 0.641682 0.239358 0.233322 0.23719 0.68811 0.206795 0.641278 0.205551 0.234491 0.214333 0.204028 0.203637 0.240703 0.250581 0.233902 0.235891 0.679921 0.237206 0.204462 0.245917
0.239195 0.235561 0.247534 0.63971 0.204443 0.641682 0.239358 0.233322 0.23719 0.68811 0.206795 0.641278 0.205551 0.234491 0.214333 0.204028 0.203637 0.240703 0.250581 0.233902 0.235891 0.679921 0.237206 0.204462 0.245917
0.239195 0.235561 0.247534 0.63971 0.204443 0.641682 0.239358 0.233322 0.23719 0.68811 0.206795 0.641278 0.205551 0.234491 0.214333 0.204028 0.203637 0.240703 0.250581 0.233902 0.235891 0.679921 0.237206 0.204462 0.245917
0.239195 0.235561 0.247534 0.63971 0.204443 0.641682 0.239358 0.233322 0.23719 0.68811 0.206795 0.641278 0.205551 0.234491 0.214333 0.204028 0.203637 0.240703 0.250581 0.233902 0.235891 0.679921 0.237206 0.204462 0.245917
0.239195 0.235561 0.247534 0.63971 0.204443 0.641682 0.239358 0.233322 0.23719 0.68811 0.206795 0.641278 0.205551 0.234491 0.214333 0.204028 0.203637 0.240703 0.250581 0.233902 0.235891 0.679921 0.237206 0.204462 0.245917
0.239195 0.235561 0.247534 0.63971 0.204443 0.641682 0.239358 0.233322 0.23719 0.68811 0.206795 0.641278 0.205551 0.234491 0.214333 0.204028 0.203637 0.240703 0.250581 0.233902 0.235891 0.679921 0.237206 0.204462 0.245917
0.239195 0.235561 0.247534 0.63971 0.204443 0.641682 0.239358 0.233322 0.23719 0.68811 0.206795 0.641278 0.205551 0.234491 0.214333 0.204028 0.203637 0.240703 0.250581 0.233902 0.235891 0.679921 0.237206 0.204462 0.245917
0.239195 0.235561 0.247534 0.63971 0.204443 0.641682 0.239358 0.233322 0.23719 0.68811 0.206795 0.641278 0.205551 0.234491 0.214333 0.204028 0.203637 0.240703 0.250581 0.233902 0.235891 0.679921 0.237206 0.204462 0.245917
0.239195 0.235561 0.247534 0.63971 0.204443 0.641682 0.239358 0.233322 0.23719 0.68811 0.206795 0.641278 0.205551 0.234491 0.214333 0.204028 0.203637 0.240703 0.250581 0.233902 0.235891 0.679921 0.237206 0.204462 0.245917
0.239195 0.235561 0.247534 0.63971 0.204443 0.641682 0.239358 0.233322 0.23719 0.68811 0.206795 0.641278 0.205551 0.234491 0.214333 0.204028 0.203637 0.240703 0.250581 0.233902 0.235891 0.679921 0.237206 0.204462 0.245917
0.239195 0.235561 0.247534 0.63971 0.204443 0.641682 0.239358 0.233322 0.23719 0.68811 0.206795 0.641278 0.205551 0.234491 0.214333 0.204028 0.203637 0.240703 0.250581 0.233902 0.235891 0.679921 0.237206 0.204462 0.245917
0.239195 0.235561 0.247534 0.63971 0.204443 0.641682 0.239358 0.233322 0.23719 0.68811 0.206795 0.641278 0.205551 0.234491 0.214333 0.204028 0.203637 0.240703 0.250581 0.233902 0.235891 0.679921 0.237206 0.204462 0.245917
0.239195 0.235561 0.247534 0.63971 0.204443 0.641682 0.239358 0.233322 0.23719 0.68811 0.206795 0.641278 0.205551 0.234491 0.214333 0.204028 0.203637 0.240703 0.250581 0.233902 0.235891 0.679921 0.237206 0.204462 0.245917
0.239195 0.235561 0.247534 0.63971 0.204443 0.641682 0.239358 0.233322 0.23719 0.68811 0.206795 0.641278 0.205551 0.234491 0.214333 0.204028 0.203637 0.240703 0.250581 0.233902 0.235891 0.679921 0.237206 0.204462 0.245917
0.239195 0.235561 0.247534 0.63971 0.204443 0.641682 0.239358 0.233322 0.23719 0.68811 0.206795 0.641278 0.205551 0.234491 0.214333 0.204028 0.203637 0.240703 0.250581 0.233902 0.235891 0.679921 0.237206 0.204462 0.245917
0.239195 0.235561 0.247534 0.63971 0.204443 0.641682 0.239358 0.233322 0.23719 0.68811 0.206795 0.641278 0.205551 0.234491 0.214333 0.204028 0.203637 0.240703 0.250581 0.233902 0.235891 0.679921 0.237206 0.204462 0.245917
0.239195 0.235561 0.247534 0.63971 0.204443 0.641682 0.239358 0.233322 0.23719 0.68811 0.206795 0.641278 0.205551 0.234491 0.214333 0.204028 0.203637 0.240703 0.250581 0.233902 0.235891 0.679921 0.237206 0.204462 0.245917
0.239195 0.235561 0.247534 0.63971 0.204443 0.641682 0.239358 0.233322 0.23719 0.68811 0.206795 0.641278 0.205551 0.234491 0.214333 0.204028 0.203637 0.240703 0.250581 0.233902 0.235891 0.679921 0.237206 0.204462 0.245917
0.239195 0.235561 0.247534 0.63971 0.204443 0.641682 0.239358 0.233322 0.23719 0.68811 0.206795 0.641278 0.205551 0.234491 0.214333 0.204028 0.203637 0.240703 0.250581 0.233902 0.235891 0.679921 0.237206 0.204462 0.245917
0.239195 0.235561 0.247534 0.63971 0.204443 0.641682 0.239358 0.233322 0.23719 0.68811 0.206795 0.641278 0.205551 0.234491 0.214333 0.204028 0.203637 0.240703 0.250581 0.233902 0.235891 0.679921 0.237206 0.204462 0.245917
0.239195 0.235561 0.247534 0.63971 0.204443 0.641682 0.239358 0.233322 0.23719 0.68811 0.206795 0.641278 0.205551 0.234491 0.214333 0.204028 0.203637 0.240703 0.250581 0.233902 0.235891 0.679921 0.237206 0.204462 0.245917
0.239195 0.235561 0.247534 0.63971 0.204443 0.641682 0.239358 0.233322 0.23719 0.68811 0.206795 0.641278 0.205551 0.234491 0.214333 0.204028 0.203637 0.240703 0.250581 0.233902 0.235891 0.679921 0.237206 0.204462 0.245917
0.239195 0.235561 0.247534 0.63971 0.204443 0.641682 0.239358 0.233322 0.23719 0.68811 0.206795 0.641278 0.205551 0.234491 0.214333 0.204028 0.203637 0.240703 0.250581 0.233902 0.235891 0.679921 0.237206 0.204462 0.245917
0.239195 0.235561 0.247534 0.63971 0.204443 0.641682 0.239358 0.233322 0.23719 0.68811 0.206795 0.641278 0.205551 0.234491 0.214333 0.204028 0.203637 0.240703 0.250581 0.233902 0.235891 0.679921 0.237206 0.204462 0.245917
0.239195 0.235561 0.247534 0.63971 0.204443 0.641682 0.239358 0.233322 0.23719 0.68811 0.206795 0.641278 0.205551 0.234491 0.214333 0.204028 0.203637 0.240703 0.250581 0.233902 0.235891 0.679921 0.237206 0.204462 0.245917
0.239195 0.235561 0.247534 0.63971 0.204443 0.641682 0.239358 0.233322 0.23719 0.68811 0.206795 0.641278 0.205551 0.234491 0.214333 0.204028 0.203637 0.240703 0.250581 0.233902 0.235891 0.679921 0.237206 0.204462 0.245917
0.239195 0.235561 0.247534 0.63971 0.204443 0.641682 0.239358 0.233322 0.23719 0.68811 0.206795 0.641278 0.205551 0.234491 0.214333 0.204028 0.203637 0.240703 0.250581 0.233902 0.235891 0.679921 0.237206 0.204462 0.245917
0.239195 0.235561 0.247534 0.63971 0.204443 0.641682 0.239358 0.233322 0.23719 0.68811 0.206795 0.641278 0.205551 0.234491 0.214333 0.204028 0.203637 0.240703 0.250581 0.233902 0.235891 0.679921 0.237206 0.204462 0.245917
0.239195 0.235561 0.247534 0.63971 0.204443 0.641682 0.239358 0.233322 0.23719 0.68811 0.206795 0.641278 0.205551 0.234491 0.214333 0.204028 0.203637 0.240703 0.250581 0.233902 0.235891 0.679921 0.237206 0.204462 0.245917
0.239195 0.235561 0.247534 0.63971 0.204443 0.641682 0.239358 0.233322 0.23719 0.68811 0.206795 0.641278 0.205551 0.234491 0.214333 0.204028 0.203637 0.240703 0.250581 0.233902 0.235891 0.679921 0.237206 0.204462 0.245917
0.239195 0.235561 0.247534 0.63971 0.204443 0.641682 0.239358 0.233322 0.23719 0.68811 0.206795 0.641278 0.205551 0.234491 0.214333 0.204028 0.203637 0.240703 0.250581 0.233902 0.235891 0.679921 0.237206 0.204462 0.245917
0.239195 0.235561 0.247534 0.63971 0.204443 0.641682 0.239358 0.233322 0.23719 0.68811 0.206795 0.641278 0.205551 0.234491 0.214333 0.204028 0.203637 0.240703 0.250581 0.233902 0.235891 0.679921 0.237206 0.204462 0.245917
0.239195 0.235561 0.247534 0.63971 0.204443 0.641682 0.239358 0.233322 0.23719 0.68811 0.206795 0.641278 0.205551 0.234491 0.214333 0.204028 0.203637 0.240703 0.250581 0.233902 0.235891 0.679921 0.237206 0.204462 0.245917
0.239195 0.235561 0.247534 0.63971 0.204443 0.641682 0.239358 0.233322 0.23719 0.68811 0.206795 0.641278 0.205551 0.234491 0.214333 0.204028 0.203637 0.240703 0.250581 0.233902 0.235891 0.679921 0.237206 0.204462 0.245917
0.239195 0.235561 0.247534 0.63971 0.204443 0.641682 0.239358 0.233322 0.23719 0.68811 0.206795 0.641278 0.205551 0.234491 0.214333 0.204028 0.203637 0.240703 0.250581 0.233902 0.235891 0.679921 0.237206 0.204462 0.245917
0.239195 0.235561 0.247534 0.63971 0.204443 0.641682 0.239358 0.233322 0.23719 0.68811 0.206795 0.641278 0.205551 0.234491 0.214333 0.204028 0.203637 0.240703 0.250581 0.233902 0.235891 0.679921 0.237206 0.204462 0.245917
0.239195 0.235561 0.247534 0.63971 0.204443 0.641682 0.239358 0.233322 0.23719 0.68811 0.206795 0.641278 0.205551 0.234491 0.214333 0.204028 0.203637 0.240703 0.250581 0.233902 0.235891 0.679921 0.237206 0.204462 0.245917
0.239195 0.235561 0.247534 0.63971 0.204443 0.641682 0.239358 0.233322 0.23719 0.68811 0.206795 0.641278 0.205551 0.234491 0.214333 0.204028 0.203637 0.240703 0.250581 0.233902 0.235891 0.679921 0.237206 0.204462 0.245917
0.239195 0.235561 0.247534 0.63971 0.204443 0.641682 0.239358 0.233322 0.23719 0.68811 0.206795 0.641278 0.205551 0.234491 0.214333 0.204028 0.203637 0.240703 0.250581 0.233902 0.235891 0.679921 0.237206 0.204462 0.245917
0.239195 0.235561 0.247534 0.63971 0.204443 0.641682 0.239358 0.233322 0.23719 0.68811 0.206795 0.641278 0.205551 0.234491 0.214333 0.204028 0.203637 0.240703 0.250581 0.233902 0.235891 0.679921 0.237206 0.204462 0.245917
0.239195 0.235561 0.247534 0.63971 0.204443 0.641682 0.239358 0.233322 0.23719 0.68811 0.206795 0.641278 0.205551 0.234491 0.214333 0.204028 0.203637 0.240703 0.250581 0.233902 0.235891 0.679921 0.237206 0.204462 0.245917
0.239195 0.235561 0.247534 0.63971 0.204443 0.641682 0.239358 0.233322 0.23719 0.68811 0.206795 0.641278 0.205551 0.234491 0.214333 0.204028 0.203637 0.240703 0.250581 0.233902 0.235891 0.679921 0.237206 0.204462 0.245917
0.239195 0.235561 0.247534 0.63971 0.204443 0.641682 0.239358 0.233322 0.23719 0.68811 0.206795 0.641278 0.205551 0.234491 0.214333 0.204028 0.203637 0.240703 0.250581 0.233902 0.235891 0.679921 0.237206 0.204462 0.245917
0.239195 0.235561 0.247534 0.63971 0.204443 0.641682 0.239358 0.233322 0.23719 0.68811 0.206795 0.641278 0.205551 0.234491 0.214333 0.204028 0.203637 0.240703 0.250581 0.233902 0.235891 0.679921 0.237206 0.204462 0.245917
0.239195 0.235561 0.247534 0.63971 0.204443 0.641682 0.239358 0.233322 0.23719 0.68811 0.206795 0.641278 0.205551 0.234491 0.214333 0.204028 0.203637 0.240703 0.250581 0.233902 0.235891 0.679921 0.237206 0.204462 0.245917
0.239195 0.235561 0.247534 0.63971 0.204443 0.641682 0.239358 0.233322 0.23719 0.68811 0.206795 0.641278 0.205551 0.234491 0.214333 0.204028 0.203637 0.240703 0.250581 0.233902 0.235891 0.679921 0.237206 0.204462 0.245917
0.239195 0.235561 0.247534 0.63971 0.204443 0.641682 0.239358 0.233322 0.23719 0.68811 0.206795 0.641278 0.205551 0.234491 0.214333 0.204028 0.203637 0.240703 0.250581 0.233902 0.235891 0.679921 0.237206 0.204462 0.245917
0.239195 0.235561 0.247534 0.63971 0.204443 0.641682 0.239358 0.233322 0.23719 0.68811 0.206795 0.641278 0.205551 0.234491 0.214333 0.204028 0.203637 0.240703 0.250581 0.233902 0.235891 0.679921 0.237206 0.204462 0.245917
0.239195 0.235561 0.247534 0.63971 0.204443 0.641682 0.239358 0.233322 0.23719 0.68811 0.206795 0.641278 0.205551 0.234491 0.214333 0.204028 0.203637 0.240703 0.250581 0.233902 0.235891 0.679921 0.237206 0.204462 0.245917
0.239195 0.235561 0.247534 0.63971 0.204443 0.641682 0.239358 0.233322 0.23719 0.68811 0.206795 0.641278 0.205551 0.234491 0.214333 0.204028 0.203637 0.240703 0.250581 0.233902 0.235891 0.679921 0.237206 0.204462 0.245917
0.239195 0.235561 0.247534 0.63971 0.204443 0.641682 0.239358 0.233322 0.23719 0.68811 0.206795 0.641278 0.205551 0.234491 0.214333 0.204028 0.203637 0.240703 0.250581 0.233902 0.235891 0.679921 0.237206 0.204462 0.245917
0.239195 0.235561 0.247534 0.63971 0.204443 0.641682 0.239358 0.233322 0.23719 0.68811 0.206795 0.641278 0.205551 0.234491 0.214333 0.204028 0.203637 0.240703 0.250581 0.233902 0.235891 0.679921 0.237206 0.204462 0.245917
0.239195 0.235561 0.247534 0.63971 0.204443 0.641682 0.239358 0.233322 0.23719 0.68811 0.206795 0.641278 0.205551 0.234491 0.214333 0.204028 0.203637 0.240703 0.250581 0.233902 0.235891 0.679921 0.237206 0.204462 0.245917
0.239195 0.235561 0.247534 0.63971 0.204443 0.641682 0.239358 0.233322 0.23719 0.68811 0.206795 0.641278 0.205551 0.234491 0.214333 0.204028 0.203637 0.240703 0.250581 0.233902 0.235891 0.679921 0.237206 0.204462 0.245917
0.239195 0.235561 0.247534 0.63971 0.204443 0.641682 0.239358 0.233322 0.23719 0.68811 0.206795 0.641278 0.205551 0.234491 0.214333 0.204028 0.203637 0.240703 0.250581 0.233902 0.235891 0.679921 0.237206 0.204462 0.245917
0.239195 0.235561 0.247534 0.63971 0.204443 0.641682 0.239358 0.233322 0.23719 0.68811 0.206795 0.641278 0.205551 0.234491 0.214333 0.204028 0.203637 0.240703 0.250581 0.233902 0.235891 0.679921 0.237206 0.204462 0.245917
0.239195 0.235561 0.247534 0.63971 0.204443 0.641682 0.239358 0.233322 0.23719 0.68811 0.206795 0.641278 0.205551 0.234491 0.214333 0.204028 0.203637 0.240703 0.250581 0.233902 0.235891 0.679921 0.237206 0.204462 0.245917
0.239195 0.235561 0.247534 0.63971 0.204443 0.641682 0.239358 0.233322 0.23719 0.68811 0.206795 0.641278 0.205551 0.234491 0.214333 0.204028 0.203637 0.240703 0.250581 0.233902 0.235891 0.679921 0.237206 0.204462 0.245917
0.239195 0.235561 0.247534 0.63971 0.204443 0.641682 0.239358 0.233322 0.23719 0.68811 0.206795 0.641278 0.205551 0.234491 0.214333 0.204028 0.203637 0.240703 0.250581 0.233902 0.235891 0.679921 0.237206 0.204462 0.245917
0.239195 0.235561 0.247534 0.63971 0.204443 0.641682 0.239358 0.233322 0.23719 0.68811 0.206795 0.641278 0.205551 0.234491 0.214333 0.204028 0.203637 0.240703 0.250581 0.233902 0.235891 0.679921 0.237206 0.204462 0.245917
0.239195 0.235561 0.247534 0.63971 0.204443 0.641682 0.239358 0.233322 0.23719 0.68811 0.206795 0.641278 0.205551 0.234491 0.214333 0.204028 0.203637 0.240703 0.250581 0.233902 0.235891 0.679921 0.237206 0.204462 0.245917
0.239195 0.235561 0.247534 0.63971 0.204443 0.641682 0.239358 0.233322 0.23719 0.68811 0.206795 0.641278 0.205551 0.234491 0.214333 0.204028 0.203637 0.240703 0.250581 0.233902 0.235891 0.679921 0.237206 0.204462 0.245917
0.239195 0.235561 0.247534 0.63971 0.204443 0.641682 0.239358 0.233322 0.23719 0.68811 0.206795 0.641278 0.205551 0.234491 0.214333 0.204028 0.203637 0.240703 0.250581 0.233902 0.235891 0.679921 0.237206 0.204462 0.245917
0.239195 0.235561 0.247534 0.63971 0.204443 0.641682 0.239358 0.233322 0.23719 0.68811 0.206795 0.641278 0.205551 0.234491 0.214333 0.204028 0.203637 0.240703 0.250581 0.233902 0.235891 0.679921 0.237206 0.204462 0.245917
0.239195 0.235561 0.247534 0.63971 0.204443 0.641682 0.239358 0.233322 0.23719 0.68811 0.206795 0.641278 0.205551 0.234491 0.214333 0.204028 0.203637 0.240703 0.250581 0.233902 0.235891 0.679921 0.237206 0.204462 0.245917
0.239195 0.235561 0.247534 0.63971 0.204443 0.641682 0.239358 0.233322 0.23719 0.68811 0.206795 0.641278 0.205551 0.234491 0.214333 0.204028 0.203637 0.240703 0.250581 0.233902 0.235891 0.679921 0.237206 0.204462 0.245917
0.239195 0.235561 0.247534 0.63971 0.204443 0.641682 0.239358 0.233322 0.23719 0.68811 0.206795 0.641278 0.205551 0.234491 0.214333 0.204028 0.203637 0.240703 0.250581 0.233902 0.235891 0.679921 0.237206 0.204462 0.245917
0.239195 0.235561 0.247534 0.63971 0.204443 0.641682 0.239358 0.233322 0.23719 0.68811 0.206795 0.641278 0.205551 0.234491 0.214333 0.204028 0.203637 0.240703 0.250581 0.233902 0.235891 0.679921 0.237206 0.204462 0.245917
0.239195 0.235561 0.247534 0.63971 0.204443 0.641682 0.239358 0.233322 0.23719 0.68811 0.206795 0.641278 0.205551 0.234491 0.214333 0.204028 0.203637 0.240703 0.250581 0.233902 0.235891 0.679921 0.237206 0.204462 0.245917
0.239195 0.235561 0.247534 0.63971 0.204443 0.641682 0.239358 0.233322 0.23719 0.68811 0.206795 0.641278 0.205551 0.234491 0.214333 0.204028 0.203637 0.240703 0.250581 0.233902 0.235891 0.679921 0.237206 0.204462 0.245917
0.239195 0.235561 0.247534 0.63971 0.204443 0.641682 0.239358 0.233322 0.23719 0.68811 0.206795 0.641278 0.205551 0.234491 0.214333 0.204028 0.203637 0.240703 0.250581 0.233902 0.235891 0.679921 0.237206 0.204462 0.245917
0.239195 0.235561 0.247534 0.63971 0.204443 0.641682 0.239358 0.233322 0.23719 0.68811 0.206795 0.641278 0.205551 0.234491 0.214333 0.204028 0.203637 0.240703 0.250581 0.233902 0.235891 0.679921 0.237206 0.204462 0.245917
0.239195 0.235561 0.247534 0.63971 0.204443 0.641682 0.239358 0.233322 0.23719 0.68811 0.206795 0.641278 0.205551 0.234491 0.214333 0.204028 0.203637 0.240703 0.250581 0.233902 0.235891 0.679921 0.237206 0.204462 0.245917
0.239195 0.235561 0.247534 0.63971 0.204443 0.641682 0.239358 0.233322 0.23719 0.68811 0.206795 0.641278 0.205551 0.234491 0.214333 0.204028 0.203637 0.240703 0.250581 0.233902 0.235891 0.679921 0.237206 0.204462 0.245917
0.239195 0.235561 0.247534 0.63971 0.204443 0.641682 0.239358 0.233322 0.23719 0.68811 0.206795 0.641278 0.205551 0.234491 0.214333 0.204028 0.203637 0.240703 0.250581 0.233902 0.235891 0.679921 0.237206 0.204462 0.245917
0.239195 0.235561 0.247534 0.63971 0.204443 0.641682 0.239358 0.233322 0.23719 0.68811 0.206795 0.641278 0.205551 0.234491 0.214333 0.204028 0.203637 0.240703 0.250581 0.233902 0.235891 0.679921 0.237206 0.204462 0.245917
0.239195 0.235561 0.247534 0.63971 0.204443 0.641682 0.239358 0.233322 0.23719 0.68811 0.206795 0.641278 0.205551 0.234491 0.214333 0.204028 0.203637 0.240703 0.250581 0.233902 0.235891 0.679921 0.237206 0.204462 0.245917
0.239195 0.235561 0.247534 0.63971 0.204443 0.641682 0.239358 0.233322 0.23719 0.68811 0.206795 0.641278 0.205551 0.234491 0.214333 0.204028 0.203637 0.240703 0.250581 0.233902 0.235891 0.679921 0.237206 0.204462 0.245917
0.239195 0.235561 0.247534 0.63971 0.204443 0.641682 0.239358 0.233322 0.23719 0.68811 0.206795 0.641278 0.205551 0.234491 0.214333 0.204028 0.203637 0.240703 0.250581 0.233902 0.235891 0.679921 0.237206 0.204462 0.245917
0.239195 0.235561 0.247534 0.63971 0.204443 0.641682 0.239358 0.233322 0.23719 0.68811 0.206795 0.641278 0.205551 0.234491 0.214333 0.204028 0.203637 0.240703 0.250581 0.233902 0.235891 0.679921 0.237206 0.204462 0.245917
0.239195 0.235561 0.247534 0.63971 0.204443 0.641682 0.239358 0.233322 0.23719 0.68811 0.206795 0.641278 0.205551 0.234491 0.214333 0.204028 0.203637 0.240703 0.250581 0.233902 0.235891 0.679921 0.237206 0.204462 0.245917
0.239195 0.235561 0.247534 0.63971 0.204443 0.641682 0.239358 0.233322 0.23719 0.68811 0.206795 0.641278 0.205551 0.234491 0.214333 0.204028 0.203637 0.240703 0.250581 0.233902 0.235891 0.679921 0.237206 0.204462 0.245917
0.239195 0.235561 0.247534 0.63971 0.204443 0.641682 0.239358 0.233322 0.23719 0.68811 0.206795 0.641278 0.205551 0.234491 0.214333 0.204028 0.203637 0.240703 0.250581 0.233902 0.235891 0.679921 0.237206 0.204462 0.245917
0.239195 0.235561 0.247534 0.63971 0.204443 0.641682 0.239358 0.233322 0.23719 0.68811 0.206795 0.641278 0.205551 0.234491 0.214333 0.204028 0.203637 0.240703 0.250581 0.233902 0.235891 0.679921 0.237206 0.204462 0.245917
0.239195 0.235561 0.247534 0.63971 0.204443 0.641682 0.239358 0.233322 0.23719 0.68811 0.206795 0.641278 0.205551 0.234491 0.214333 0.204028 0.203637 0.240703 0.250581 0.233902 0.235891 0.679921 0.237206 0.204462 0.245917
0.239195 0.235561 0.247534 0.63971 0.204443 0.641682 0.239358 0.233322 0.23719 0.68811 0.206795 0.641278 0.205551 0.234491 0.214333 0.204028 0.203637 0.240703 0.250581 0.233902 0.235891 0.679921 0.237206 0.204462 0.245917
0.239195 0.235561 0.247534 0.63971 0.204443 0.641682 0.239358 0.233322 0.23719 0.68811 0.206795 0.641278 0.205551 0.234491 0.214333 0.204028 0.203637 0.240703 0.250581 0.233902 0.235891 0.679921 0.237206 0.204462 0.245917
0.239195 0.235561 0.247534 0.63971 0.204443 0.641682 0.239358 0.233322 0.23719 0.68811 0.206795 0.641278 0.205551 0.234491 0.214333 0.204028 0.203637 0.240703 0.250581 0.233902 0.235891 0.679921 0.237206 0.204462 0.245917
0.239195 0.235561 0.247534 0.63971 0.204443 0.641682 0.239358 0.233322 0.23719 0.68811 0.206795 0.641278 0.205551 0.234491 0.214333 0.204028 0.203637 0.240703 0.250581 0.233902 0.235891 0.679921 0.237206 0.204462 0.245917
0.239195 0.235561 0.247534 0.63971 0.204443 0.641682 0.239358 0.233322 0.23719 0.68811 0.206795 0.641278 0.205551 0.234491 0.214333 0.204028 0.203637 0.240703 0.250581 0.233902 0.235891 0.679921 0.237206 0.204462 0.245917
0.239195 0.235561 0.247534 0.63971 0.204443 0.641682 0.239358 0.233322 0.23719 0.68811 0.206795 0.641278 0.205551 0.234491 0.214333 0.204028 0.203637 0.240703 0.250581 0.233902 0.235891 0.679921 0.237206 0.204462 0.245917
0.239195 0.235561 0.247534 0.63971 0.204443 0.641682 0.239358 0.233322 0.23719 0.68811 0.206795 0.641278 0.205551 0.234491 0.214333 0.204028 0.203637 0.240703 0.250581 0.233902 0.235891 0.679921 0.237206 0.204462 0.245917
0.239195 0.235561 0.247534 0.63971 0.204443 0.641682 0.239358 0.233322 0.23719 0.68811 0.206795 0.641278 0.205551 0.234491 0.214333 0.204028 0.203637 0.240703 0.250581 0.233902 0.235891 0.679921 0.237206 0.204462 0.245917
0.239195 0.235561 0.247534 0.63971 0.204443 0.641682 0.239358 0.233322 0.23719 0.68811 0.206795 0.641278 0.205551 0.234491 0.214333 0.204028 0.203637 0.240703 0.250581 0.233902 0.235891 0.679921 0.237206 0.204462 0.245917
0.239195 0.235561 0.247534 0.63971 0.204443 0.641682 0.239358 0.233322 0.23719 0.68811 0.206795 0.641278 0.205551 0.234491 0.214333 0.204028 0.203637 0.240703 0.250581 0.233902 0.235891 0.679921 0.237206 0.204462 0.245917
0.239195 0.235561 0.247534 0.63971 0.204443 0.641682 0.239358 0.233322 0.23719 0.68811 0.206795 0.641278 0.205551 0.234491 0.214333 0.204028 0.203637 0.240703 0.250581 0.233902 0.235891 0.679921 0.237206 0.204462 0.245917
0.239195 0.235561 0.247534 0.63971 0.204443 0.641682 0.239358 0.233322 0.23719 0.68811 0.206795 0.641278 0.205551 0.234491 0.214333 0.204028 0.203637 0.240703 0.250581 0.233902 0.235891 0.679921 0.237206 0.204462 0.245917
0.239195 0.235561 0.247534 0.63971 0.204443 0.641682 0.239358 0.233322 0.23719 0.68811 0.206795 0.641278 0.205551 0.234491 0.214333 0.204028 0.203637 0.240703 0.250581 0.233902 0.235891 0.679921 0.237206 0.204462 0.245917
0.239195 0.235561 0.247534 0.63971 0.204443 0.641682 0.239358 0.233322 0.23719 0.68811 0.206795 0.641278 0.205551 0.234491 0.214333 0.204028 0.203637 0.240703 0.250581 0.233902 0.235891 0.679921 0.237206 0.204462 0.245917
0.239195 0.235561 0.247534 0.63971 0.204443 0.641682 0.239358 0.233322 0.23719 0.68811 0.206795 0.641278 0.205551 0.234491 0.214333 0.204028 0.203637 0.240703 0.250581 0.233902 0.235891 0.679921 0.237206 0.204462 0.245917
0.239195 0.235561 0.247534 0.63971 0.204443 0.641682 0.239358 0.233322 0.23719 0.68811 0.206795 0.641278 0.205551 0.234491 0.214333 0.204028 0.203637 0.240703 0.250581 0.233902 0.235891 0.679921 0.237206 0.204462 0.245917
0.239195 0.235561 0.247534 0.63971 0.204443 0.641682 0.239358 0.233322 0.23719 0.68811 0.206795 0.641278 0.205551 0.234491 0.214333 0.204028 0.203637 0.240703 0.250581 0.233902 0.235891 0.679921 0.237206 0.204462 0.245917
0.239195 0.235561 0.247534 0.63971 0.204443 0.641682 0.239358 0.233322 0.23719 0.68811 0.206795 0.641278 0.205551 0.234491 0.214333 0.204028 0.203637 0.240703 0.250581 0.233902 0.235891 0.679921 0.237206 0.204462 0.245917
0.239195 0.235561 0.247534 0.63971 0.204443 0.641682 0.239358 0.233322 0.23719 0.68811 0.206795 0.641278 0.205551 0.234491 0.214333 0.204028 0.203637 0.240703 0.250581 0.233902 0.235891 0.679921 0.237206 0.204462 0.245917
0.239195 0.235561 0.247534 0.63971 0.204443 0.641682 0.239358 0.233322 0.23719 0.68811 0.206795 0.641278 0.205551 0.234491 0.214333 0.204028 0.203637 0.240703 0.250581 0.233902 0.235891 0.679921 0.237206 0.204462 0.245917
