0.281412 0.292636 0.300438 0.228435 0.165402 0.230042 0.281569 0.250736 0.294242 0.472821 0.166851 0.229712 0.166085 0.251968 0.154311 0.165147 0.164906 0.28286 0.381086 0.290998 0.292961 0.438701 0.279502 0.165414 0.298781
0.344602 0.436316 0.368892 0.834749 0.22277 0.658852 0.344799 0.31709 0.466213 0.500208 0.225078 0.833898 0.223858 0.318486 0.268106 0.222363 0.221979 0.346418 0.506562 0.406345 0.465293 0.515232 0.342204 0.222789 0.366923
0.214385 0.379114 0.21475 0.0537493 0.165565 0.364682 0.214532 0.202813 0.376778 0.637261 0.167524 0.0546962 0.166488 0.203814 0.176746 0.16522 0.164894 0.215738 0.352729 0.37396 0.375699 0.611427 0.212602 0.165581 0.213346
0.309961 0.462107 0.326357 0.991644 0.225375 0.533861 0.310155 0.292707 0.481245 0.317447 0.227876 0.991432 0.226554 0.294091 0.260894 0.224934 0.224518 0.311741 0.601497 0.444898 0.480183 0.337866 0.307613 0.225395 0.324427
0.183166 0.435791 0.182721 0.00021911 0.170396 0.505087 0.183298 0.17198 0.434556 0.768807 0.17244 0.000230562 0.171359 0.172872 0.17687 0.170036 0.169696 0.184382 0.319346 0.431707 0.433485 0.737913 0.181564 0.170412 0.181461
0.279224 0.463254 0.289421 1 0.220945 0.43197 0.279408 0.274008 0.474176 0.207662 0.223425 1 0.222114 0.275372 0.242168 0.220508 0.220095 0.28092 0.653389 0.453515 0.473097 0.241196 0.276986 0.220965 0.287585
0.176452 0.47925 0.176389 8.43109e-12 0.179505 0.594688 0.176581 0.164069 0.481352 0.831664 0.181637 9.75813e-12 0.18051 0.164939 0.185803 0.17913 0.178776 0.177645 0.306223 0.474031 0.480271 0.789346 0.174881 0.179523 0.175146
0.259115 0.461793 0.266337 1 0.215099 0.362794 0.259291 0.26272 0.465544 0.15712 0.217535 1 0.216247 0.264058 0.225373 0.21467 0.214264 0.26074 0.677279 0.457959 0.464467 0.203832 0.256972 0.215119 0.264585
0.174026 0.50301 0.173636 6.21607e-34 0.185155 0.660629 0.174155 0.161721 0.508376 0.862123 0.187339 9.54675e-34 0.186184 0.162587 0.190774 0.184771 0.184408 0.175214 0.299221 0.496619 0.507294 0.808334 0.172462 0.185173 0.172397
0.247314 0.461224 0.253436 1 0.211592 0.30749 0.247485 0.257173 0.460478 0.132851 0.214001 1 0.212727 0.258496 0.214926 0.211168 0.210767 0.248893 0.688857 0.460688 0.459403 0.191174 0.245232 0.211612 0.251735
0.173586 0.515947 0.172824 9.51183e-100 0.188527 0.713706 0.173715 0.161533 0.523305 0.876867 0.190741 3.3855e-99 0.18957 0.162401 0.193366 0.188137 0.187769 0.174777 0.296079 0.508945 0.522224 0.812061 0.172019 0.188545 0.171582
0.239847 0.460697 0.245942 1 0.209331 0.260709 0.240015 0.254124 0.457413 0.121637 0.211721 1 0.210457 0.255437 0.208471 0.20891 0.208512 0.241395 0.69356 0.461953 0.456339 0.190797 0.237807 0.20935 0.244272
0.174191 0.523145 0.17301 2.50335e-295 0.190706 0.758561 0.174321 0.162226 0.531647 0.883218 0.192938 1.08239e-293 0.191757 0.1631 0.194942 0.190313 0.189941 0.175387 0.295695 0.515787 0.530567 0.80764 0.172615 0.190724 0.171763
0.234701 0.46026 0.241362 1 0.207771 0.219991 0.234867 0.252106 0.455546 0.117426 0.210149 1 0.208892 0.253412 0.204469 0.207353 0.206957 0.236227 0.69443 0.462517 0.454473 0.19708 0.232691 0.207791 0.239714
0.175294 0.527182 0.173616 0 0.192206 0.797425 0.175425 0.163196 0.536343 0.884786 0.194452 0 0.193264 0.164076 0.196029 0.19181 0.191437 0.176499 0.297087 0.519607 0.535265 0.798618 0.173708 0.192224 0.172363
0.230875 0.460016 0.238404 1 0.20665 0.184232 0.231039 0.250533 0.454491 0.117206 0.209018 1 0.207766 0.251833 0.201976 0.206233 0.205839 0.232383 0.69324 0.462838 0.453418 0.207107 0.228888 0.206669 0.23677
0.176588 0.52941 0.174332 0 0.193281 0.831303 0.176719 0.164175 0.538944 0.883522 0.195536 0 0.194344 0.16506 0.196833 0.192884 0.192509 0.177801 0.299474 0.521714 0.537867 0.787014 0.17499 0.193299 0.173074
0.227872 0.459995 0.2364 1 0.20583 0.15298 0.228035 0.249202 0.45402 0.119317 0.208192 1 0.206943 0.250496 0.200426 0.205415 0.205022 0.229366 0.691057 0.46313 0.452947 0.219158 0.225904 0.20585 0.234776
0.177898 0.530564 0.175008 0 0.194063 0.860625 0.17803 0.165052 0.54029 0.880597 0.196325 0 0.195129 0.165941 0.197435 0.193665 0.193289 0.179119 0.302277 0.522816 0.539214 0.774118 0.176289 0.194082 0.173744
0.225442 0.460179 0.235003 1 0.205236 0.12603 0.225603 0.248062 0.45397 0.122746 0.207593 1 0.206347 0.249351 0.199472 0.204822 0.204429 0.226924 0.688534 0.463474 0.452897 0.232104 0.223489 0.205256 0.233385
0.179128 0.531062 0.175578 0 0.194627 0.885637 0.179261 0.165785 0.540862 0.876776 0.196894 0 0.195695 0.166678 0.197877 0.194228 0.193851 0.180357 0.305087 0.523313 0.539786 0.760822 0.17751 0.194645 0.174311
0.22345 0.460521 0.234022 1 0.204819 0.103198 0.22361 0.247111 0.454214 0.12682 0.207172 1 0.205928 0.248396 0.198902 0.204404 0.204013 0.224922 0.686072 0.463882 0.45314 0.245158 0.22151 0.204838 0.232409
0.18023 0.531157 0.176024 0 0.19502 0.906596 0.180364 0.166366 0.540953 0.872591 0.197291 0 0.19609 0.167263 0.19819 0.194621 0.194243 0.181466 0.30764 0.523442 0.539877 0.747767 0.178603 0.195039 0.174754
0.221815 0.460965 0.233344 1 0.20454 0.084214 0.221974 0.246352 0.454646 0.131073 0.206891 1 0.205648 0.247633 0.198577 0.204126 0.203735 0.223279 0.683905 0.464333 0.453572 0.257763 0.219887 0.204559 0.231735
0.181184 0.531012 0.176351 0 0.195281 0.92385 0.181319 0.166805 0.540755 0.868415 0.197554 0 0.196352 0.167704 0.198402 0.194881 0.194503 0.182426 0.309783 0.523355 0.539679 0.735399 0.179549 0.1953 0.175079
0.220479 0.461459 0.232891 1 0.204368 0.0686973 0.220637 0.245777 0.45518 0.135186 0.206718 1 0.205475 0.247056 0.198405 0.203955 0.203564 0.221936 0.682152 0.464799 0.454106 0.269545 0.218559 0.204387 0.231285
0.18199 0.530738 0.176577 0 0.195441 0.937837 0.182126 0.167118 0.540399 0.864498 0.197715 0 0.196512 0.168019 0.198538 0.19504 0.194662 0.183237 0.311451 0.52315 0.539323 0.724006 0.180349 0.195459 0.175302
0.219391 0.461956 0.232607 1 0.204276 0.0561933 0.219549 0.245373 0.455747 0.138953 0.206625 1 0.205383 0.24665 0.198321 0.203863 0.203472 0.220843 0.680848 0.465249 0.454673 0.280281 0.217479 0.204296 0.231001
0.182661 0.53041 0.176721 0 0.195526 0.949037 0.182796 0.167327 0.539976 0.860995 0.197801 0 0.196598 0.168229 0.198624 0.195125 0.194747 0.183911 0.31264 0.522894 0.5389 0.713739 0.181014 0.195544 0.175446
0.218508 0.462424 0.232443 1 0.204241 0.0462219 0.218666 0.245114 0.456298 0.142261 0.20659 1 0.205348 0.24639 0.198284 0.203827 0.203437 0.219956 0.67998 0.465663 0.455224 0.289871 0.216602 0.20426 0.230839
0.183213 0.530077 0.176805 0 0.19556 0.957931 0.183349 0.167452 0.539547 0.85798 0.197835 0 0.196631 0.168355 0.198679 0.195159 0.194781 0.184466 0.313391 0.522632 0.538471 0.704645 0.181562 0.195578 0.17553
0.217791 0.462842 0.232366 1 0.204242 0.0383227 0.217948 0.244975 0.4568 0.145063 0.206591 1 0.205349 0.24625 0.198265 0.203829 0.203438 0.219235 0.679498 0.466026 0.455725 0.298307 0.21589 0.204261 0.230762
0.183665 0.52977 0.176847 0 0.19556 0.96496 0.183801 0.167514 0.53915 0.85547 0.197835 0 0.196631 0.168417 0.198718 0.195159 0.194781 0.184921 0.313763 0.522388 0.538073 0.696694 0.182011 0.195578 0.175571
0.217207 0.463198 0.232346 1 0.204266 0.0320843 0.217363 0.244929 0.457234 0.147364 0.206615 1 0.205373 0.246204 0.198248 0.203853 0.203462 0.218647 0.679341 0.466332 0.45616 0.305646 0.215309 0.204285 0.230743
0.184036 0.529504 0.176861 0 0.19554 0.970509 0.184172 0.167528 0.538805 0.853442 0.197814 0 0.196611 0.168431 0.198751 0.195139 0.194761 0.185294 0.313828 0.522177 0.537728 0.689805 0.182378 0.195558 0.175585
0.216727 0.463492 0.232364 1 0.204302 0.027158 0.216883 0.244953 0.457596 0.1492 0.206651 1 0.205409 0.246229 0.198223 0.203888 0.203497 0.218165 0.679441 0.466581 0.456521 0.311982 0.214833 0.204321 0.23076
0.184341 0.529286 0.176857 0 0.195509 0.974893 0.184478 0.167508 0.538519 0.85185 0.197783 0 0.19658 0.168411 0.198783 0.195108 0.19473 0.185601 0.313653 0.522005 0.537442 0.683872 0.182681 0.195527 0.175581
0.21633 0.463725 0.232405 1 0.204342 0.0232586 0.216486 0.245028 0.457886 0.150623 0.206692 1 0.205449 0.246304 0.198188 0.203929 0.203538 0.217766 0.679736 0.466778 0.456811 0.317427 0.214438 0.204361 0.230801
0.184594 0.529115 0.176841 0 0.195473 0.97837 0.184731 0.167466 0.538293 0.850637 0.197748 0 0.196545 0.168369 0.198818 0.195073 0.194695 0.185856 0.313301 0.52187 0.537216 0.678777 0.182932 0.195492 0.175565
0.215998 0.463904 0.23246 1 0.204383 0.0201592 0.216154 0.245137 0.458111 0.151695 0.206733 1 0.20549 0.246414 0.198142 0.203969 0.203578 0.217433 0.680172 0.466929 0.457036 0.322098 0.214109 0.204402 0.230856
0.184805 0.528986 0.176819 0 0.195438 0.98114 0.184942 0.167409 0.538122 0.849741 0.197712 0 0.196509 0.168311 0.198855 0.195037 0.194659 0.186068 0.312825 0.52177 0.537045 0.674405 0.183142 0.195456 0.175544
0.215718 0.464037 0.232521 1 0.204421 0.0176823 0.215874 0.245269 0.458279 0.152476 0.206772 1 0.205529 0.246545 0.198087 0.204008 0.203617 0.217151 0.680702 0.467041 0.457204 0.326105 0.213831 0.204441 0.230916
0.184983 0.528895 0.176794 0 0.195404 0.98336 0.18512 0.167343 0.537998 0.849105 0.197677 0 0.196475 0.168245 0.198896 0.195003 0.194625 0.186248 0.312268 0.521699 0.536921 0.67065 0.183319 0.195422 0.175519
0.21548 0.464133 0.232584 1 0.204457 0.0156906 0.215635 0.245413 0.4584 0.15302 0.206807 1 0.205564 0.24669 0.198025 0.204043 0.203652 0.216912 0.681289 0.467122 0.457325 0.329549 0.213594 0.204476 0.23098
0.185135 0.528834 0.176768 0 0.195372 0.985152 0.185272 0.167273 0.537914 0.848676 0.197646 0 0.196443 0.168174 0.198938 0.194972 0.194594 0.1864 0.311664 0.521653 0.536837 0.667418 0.183469 0.195391 0.175493
0.215275 0.464198 0.232648 1 0.204488 0.0140783 0.21543 0.245563 0.458483 0.153378 0.206839 1 0.205596 0.246841 0.197958 0.204074 0.203683 0.216706 0.681907 0.467177 0.457408 0.332515 0.213391 0.204507 0.231043
0.185264 0.528797 0.176742 0 0.195344 0.986607 0.185402 0.167201 0.537861 0.848409 0.197617 0 0.196415 0.168102 0.198981 0.194944 0.194566 0.18653 0.311039 0.521627 0.536784 0.664626 0.183598 0.195362 0.175466
0.215097 0.46424 0.232709 1 0.204515 0.0127641 0.215252 0.245714 0.458537 0.153591 0.206866 1 0.205623 0.246992 0.197889 0.204102 0.20371 0.216527 0.682532 0.467212 0.457462 0.335081 0.213214 0.204535 0.231104
0.185376 0.528779 0.176716 0 0.195319 0.987796 0.185514 0.167129 0.537833 0.848268 0.197592 0 0.19639 0.16803 0.199024 0.194919 0.194541 0.186643 0.310413 0.521616 0.536756 0.662206 0.183709 0.195337 0.175441
0.214942 0.464263 0.232768 1 0.204539 0.0116858 0.215097 0.245862 0.458567 0.153692 0.206891 1 0.205647 0.247141 0.197819 0.204126 0.203734 0.216371 0.68315 0.467232 0.457492 0.337308 0.21306 0.204559 0.231162
0.185474 0.528776 0.176691 0 0.195297 0.988776 0.185611 0.16706 0.537824 0.848221 0.19757 0 0.196368 0.16796 0.199066 0.194897 0.194519 0.186741 0.309798 0.521616 0.536747 0.6601 0.183806 0.195315 0.175416
0.214806 0.464273 0.232823 1 0.20456 0.0107951 0.214961 0.246005 0.458579 0.153712 0.206912 1 0.205668 0.247285 0.19775 0.204146 0.203755 0.216234 0.68375 0.46724 0.457504 0.33925 0.212925 0.204579 0.231217
0.185559 0.528783 0.176667 0 0.195278 0.989588 0.185697 0.166993 0.537829 0.848242 0.19755 0 0.196348 0.167893 0.199106 0.194878 0.194499 0.186827 0.309205 0.521625 0.536752 0.658259 0.18389 0.195296 0.175393
0.214686 0.464272 0.232875 1 0.204578 0.0100547 0.214841 0.246142 0.458579 0.153671 0.20693 1 0.205686 0.247422 0.197684 0.204164 0.203773 0.216113 0.684325 0.46724 0.457504 0.340949 0.212805 0.204597 0.231269
0.185634 0.528798 0.176645 0 0.195261 0.990264 0.185772 0.16693 0.537843 0.848314 0.197533 0 0.196331 0.16783 0.199145 0.194861 0.194482 0.186902 0.308639 0.521639 0.536766 0.656643 0.183965 0.195279 0.17537
0.214579 0.464265 0.232924 1 0.204594 0.00943575 0.214734 0.246271 0.458569 0.153587 0.206946 1 0.205702 0.247552 0.19762 0.20418 0.203789 0.216006 0.684871 0.467235 0.457494 0.342443 0.212699 0.204613 0.231318
0.1857 0.528817 0.176624 0 0.195246 0.990832 0.185838 0.16687 0.537864 0.84842 0.197518 0 0.196316 0.16777 0.199182 0.194846 0.194468 0.186969 0.308103 0.521657 0.536787 0.655219 0.18403 0.195264 0.175349
0.214484 0.464252 0.232969 1 0.204608 0.00891538 0.214639 0.246393 0.458554 0.153474 0.206959 1 0.205716 0.247674 0.19756 0.204194 0.203802 0.215911 0.685384 0.467225 0.457479 0.343761 0.212605 0.204627 0.231363
0.185759 0.52884 0.176604 0 0.195232 0.99131 0.185897 0.166815 0.53789 0.848549 0.197505 0 0.196303 0.167714 0.199216 0.194833 0.194455 0.187028 0.307601 0.521678 0.536813 0.653961 0.184088 0.195251 0.17533
0.214399 0.464236 0.233011 1 0.20462 0.00847569 0.214554 0.246506 0.458533 0.153342 0.206971 1 0.205728 0.247788 0.197503 0.204206 0.203814 0.215826 0.685864 0.467213 0.457458 0.344927 0.212521 0.204639 0.231404
0.185811 0.528865 0.176586 0 0.195221 0.991715 0.185949 0.166763 0.537919 0.848693 0.197493 0 0.196291 0.167662 0.199248 0.194821 0.194443 0.187081 0.307132 0.5217 0.536842 0.652845 0.18414 0.195239 0.175312
0.214324 0.464219 0.23305 1 0.20463 0.00810243 0.214479 0.246612 0.458511 0.153198 0.206982 1 0.205738 0.247894 0.19745 0.204216 0.203825 0.215749 0.686311 0.467198 0.457436 0.345962 0.212446 0.204649 0.231443
0.185858 0.52889 0.176569 0 0.195211 0.992059 0.185996 0.166715 0.537949 0.848843 0.197483 0 0.196281 0.167613 0.199278 0.194811 0.194433 0.187127 0.306696 0.521723 0.536872 0.651852 0.184186 0.195229 0.175295
0.214256 0.4642 0.233086 1 0.204639 0.00778422 0.214411 0.24671 0.458487 0.15305 0.206991 1 0.205747 0.247992 0.197401 0.204225 0.203834 0.215681 0.686725 0.467183 0.457412 0.346884 0.212378 0.204658 0.231479
0.185899 0.528916 0.176553 0 0.195201 0.992354 0.186037 0.16667 0.537979 0.848996 0.197473 0 0.196272 0.167569 0.199305 0.194801 0.194424 0.187169 0.306293 0.521745 0.536902 0.650967 0.184228 0.19522 0.175279
0.214195 0.46418 0.23312 1 0.204647 0.00751189 0.21435 0.246801 0.458462 0.1529 0.207 1 0.205756 0.248083 0.197356 0.204233 0.203842 0.21562 0.687107 0.467168 0.457387 0.347707 0.212318 0.204667 0.231512
0.185936 0.528941 0.176538 0 0.195193 0.992606 0.186074 0.166629 0.538009 0.849148 0.197465 0 0.196264 0.167527 0.19933 0.194793 0.194415 0.187206 0.30592 0.521767 0.536932 0.650176 0.184264 0.195212 0.175264
0.21414 0.464161 0.23315 1 0.204655 0.00727799 0.214295 0.246884 0.458438 0.152753 0.207007 1 0.205763 0.248167 0.197314 0.204241 0.203849 0.215565 0.68746 0.467153 0.457363 0.348442 0.212264 0.204674 0.231543
0.18597 0.528965 0.176524 0 0.195186 0.992823 0.186107 0.166592 0.538037 0.849296 0.197458 0 0.196256 0.167489 0.199353 0.194786 0.194408 0.18724 0.305577 0.521788 0.536961 0.649468 0.184297 0.195204 0.175251
0.214091 0.464143 0.233178 1 0.204661 0.00707647 0.214246 0.246961 0.458414 0.15261 0.207013 1 0.20577 0.248245 0.197275 0.204247 0.203856 0.215516 0.687785 0.467138 0.457339 0.349101 0.212215 0.20468 0.231571
0.185999 0.528988 0.176512 0 0.195179 0.99301 0.186137 0.166557 0.538065 0.849438 0.197451 0 0.19625 0.167455 0.199374 0.194779 0.194401 0.18727 0.305262 0.521808 0.536988 0.648833 0.184327 0.195198 0.175238
0.214047 0.464125 0.233204 1 0.204667 0.00690235 0.214201 0.247032 0.458391 0.152473 0.207019 1 0.205775 0.248316 0.19724 0.204253 0.203862 0.215471 0.688083 0.467123 0.457316 0.349692 0.212171 0.204686 0.231596
0.186026 0.52901 0.1765 0 0.195173 0.993172 0.186164 0.166525 0.538092 0.849574 0.197445 0 0.196244 0.167423 0.199393 0.194773 0.194396 0.187297 0.304972 0.521827 0.537015 0.648263 0.184353 0.195192 0.175226
0.214007 0.464107 0.233228 1 0.204672 0.00675152 0.214162 0.247097 0.458369 0.152342 0.207025 1 0.205781 0.248381 0.197207 0.204258 0.203867 0.215431 0.688356 0.467109 0.457294 0.350223 0.212131 0.204691 0.23162
0.18605 0.529031 0.176489 0 0.195168 0.993313 0.186188 0.166496 0.538117 0.849703 0.19744 0 0.196238 0.167393 0.199411 0.194768 0.19439 0.187321 0.304707 0.521845 0.53704 0.647751 0.184377 0.195186 0.175216
0.213971 0.464091 0.23325 1 0.204677 0.00662055 0.214126 0.247156 0.458348 0.152219 0.207029 1 0.205785 0.24844 0.197177 0.204263 0.203871 0.215395 0.688607 0.467096 0.457273 0.3507 0.212095 0.204696 0.231642
0.186072 0.52905 0.17648 0 0.195163 0.993435 0.18621 0.166469 0.53814 0.849824 0.197435 0 0.196233 0.167366 0.199427 0.194763 0.194385 0.187343 0.304464 0.521862 0.537063 0.647289 0.184399 0.195182 0.175206
0.213938 0.464076 0.23327 1 0.204681 0.00650659 0.214093 0.247211 0.458329 0.152103 0.207033 1 0.20579 0.248495 0.19715 0.204267 0.203876 0.215362 0.688836 0.467084 0.457254 0.35113 0.212063 0.2047 0.231662
0.186091 0.529068 0.17647 0 0.195159 0.993542 0.186229 0.166445 0.538162 0.849938 0.19743 0 0.196229 0.167342 0.199441 0.194759 0.194381 0.187362 0.304241 0.521877 0.537085 0.646874 0.184418 0.195177 0.175197
0.213909 0.464062 0.233288 1 0.204685 0.00640725 0.214064 0.24726 0.458311 0.151995 0.207037 1 0.205793 0.248545 0.197126 0.204271 0.203879 0.215333 0.689045 0.467072 0.457236 0.351517 0.212034 0.204704 0.23168
0.186109 0.529085 0.176462 0 0.195155 0.993634 0.186247 0.166423 0.538182 0.850043 0.197426 0 0.196225 0.167319 0.199455 0.194755 0.194377 0.18738 0.304038 0.521892 0.537105 0.646499 0.184436 0.195173 0.175189
0.213883 0.464048 0.233305 1 0.204688 0.00632051 0.214037 0.247306 0.458294 0.151894 0.207041 1 0.205797 0.248591 0.197103 0.204274 0.203883 0.215306 0.689237 0.467062 0.457219 0.351867 0.212008 0.204708 0.231697
0.186125 0.529101 0.176454 0 0.195151 0.993716 0.186263 0.166402 0.538201 0.850142 0.197423 0 0.196221 0.167299 0.199467 0.194751 0.194373 0.187396 0.303853 0.521905 0.537124 0.646162 0.184451 0.19517 0.175181
0.213859 0.464036 0.233321 1 0.204692 0.00624466 0.214013 0.247348 0.458278 0.151801 0.207044 1 0.2058 0.248633 0.197082 0.204277 0.203886 0.215282 0.689411 0.467052 0.457203 0.352181 0.211984 0.204711 0.231712
0.186139 0.529115 0.176447 0 0.195148 0.993786 0.186277 0.166383 0.538218 0.850233 0.197419 0 0.196218 0.16728 0.199477 0.194748 0.19437 0.18741 0.303683 0.521917 0.537141 0.645857 0.184465 0.195166 0.175174
0.213837 0.464025 0.233335 1 0.204694 0.00617823 0.213992 0.247386 0.458263 0.151714 0.207047 1 0.205803 0.248671 0.197064 0.20428 0.203889 0.215261 0.689571 0.467043 0.457188 0.352466 0.211963 0.204714 0.231726
0.186152 0.529128 0.176441 0 0.195145 0.993849 0.18629 0.166366 0.538234 0.850317 0.197416 0 0.196215 0.167263 0.199487 0.194745 0.194367 0.187423 0.303529 0.521929 0.537157 0.645582 0.184478 0.195163 0.175168
0.213818 0.464014 0.233348 1 0.204697 0.00611999 0.213972 0.24742 0.45825 0.151634 0.207049 1 0.205805 0.248706 0.197046 0.204283 0.203891 0.215241 0.689716 0.467034 0.457175 0.352722 0.211943 0.204716 0.231739
0.186163 0.52914 0.176435 0 0.195142 0.993903 0.186301 0.166351 0.538249 0.850394 0.197414 0 0.196212 0.167247 0.199496 0.194742 0.194364 0.187435 0.303388 0.521939 0.537172 0.645333 0.184489 0.195161 0.175162
0.2138 0.464005 0.233359 1 0.204699 0.00606887 0.213955 0.247452 0.458238 0.15156 0.207052 1 0.205808 0.248737 0.197031 0.204285 0.203894 0.215223 0.689849 0.467026 0.457163 0.352954 0.211926 0.204718 0.231751
0.186174 0.529151 0.17643 0 0.19514 0.993951 0.186312 0.166337 0.538262 0.850466 0.197411 0 0.19621 0.167233 0.199505 0.19474 0.194362 0.187445 0.30326 0.521949 0.537185 0.645109 0.1845 0.195158 0.175157
0.213784 0.463996 0.23337 1 0.204701 0.00602396 0.213939 0.247481 0.458226 0.151492 0.207054 1 0.20581 0.248766 0.197017 0.204287 0.203896 0.215207 0.689969 0.467019 0.457151 0.353163 0.21191 0.204721 0.231761
0.186183 0.529161 0.176425 0 0.195137 0.993993 0.186321 0.166324 0.538275 0.850532 0.197409 0 0.196208 0.16722 0.199512 0.194738 0.19436 0.187455 0.303143 0.521958 0.537198 0.644906 0.184509 0.195156 0.175152
0.21377 0.463987 0.23338 1 0.204703 0.00598447 0.213924 0.247507 0.458216 0.15143 0.207056 1 0.205812 0.248793 0.197004 0.204289 0.203898 0.215193 0.690079 0.467012 0.457141 0.353352 0.211896 0.204722 0.231771
0.186192 0.529171 0.17642 0 0.195135 0.99403 0.18633 0.166312 0.538286 0.850592 0.197407 0 0.196206 0.167208 0.199519 0.194736 0.194358 0.187463 0.303036 0.521966 0.537209 0.644722 0.184518 0.195154 0.175147
0.213757 0.46398 0.233389 1 0.204705 0.00594971 0.213911 0.247531 0.458206 0.151373 0.207058 1 0.205814 0.248817 0.196992 0.204291 0.203899 0.21518 0.69018 0.467006 0.457131 0.353523 0.211883 0.204724 0.23178
0.186199 0.529179 0.176416 0 0.195134 0.994063 0.186337 0.166301 0.538296 0.850648 0.197405 0 0.196204 0.167197 0.199525 0.194734 0.194356 0.187471 0.302939 0.521973 0.53722 0.644557 0.184525 0.195152 0.175143
0.213745 0.463973 0.233397 1 0.204707 0.0059191 0.2139 0.247553 0.458197 0.15132 0.207059 1 0.205815 0.248839 0.196981 0.204293 0.203901 0.215168 0.690271 0.467001 0.457122 0.353678 0.211871 0.204726 0.231788
0.186206 0.529187 0.176412 0 0.195132 0.994092 0.186344 0.166292 0.538306 0.850698 0.197403 0 0.196202 0.167188 0.19953 0.194732 0.194354 0.187478 0.302851 0.52198 0.537229 0.644407 0.184532 0.19515 0.175139
0.213735 0.463967 0.233404 1 0.204708 0.00589213 0.213889 0.247573 0.458189 0.151272 0.207061 1 0.205817 0.248859 0.196972 0.204294 0.203902 0.215157 0.690354 0.466996 0.457114 0.353818 0.211861 0.204727 0.231795
0.186212 0.529194 0.176409 0 0.19513 0.994117 0.18635 0.166283 0.538315 0.850745 0.197402 0 0.1962 0.167179 0.199536 0.194731 0.194353 0.187484 0.30277 0.521986 0.537238 0.644271 0.184538 0.195149 0.175136
0.213725 0.463961 0.233411 1 0.204709 0.00586834 0.213879 0.247591 0.458182 0.151228 0.207062 1 0.205818 0.248877 0.196963 0.204295 0.203904 0.215148 0.690429 0.466991 0.457107 0.353944 0.211851 0.204729 0.231802
0.186218 0.529201 0.176406 0 0.195129 0.994139 0.186356 0.166275 0.538323 0.850788 0.1974 0 0.196199 0.167171 0.19954 0.194729 0.194351 0.18749 0.302697 0.521991 0.537246 0.644149 0.184544 0.195147 0.175133
0.213716 0.463956 0.233417 1 0.204711 0.00584736 0.213871 0.247607 0.458175 0.151187 0.207063 1 0.205819 0.248893 0.196955 0.204296 0.203905 0.215139 0.690498 0.466987 0.4571 0.354058 0.211843 0.20473 0.231808
0.186223 0.529207 0.176403 0 0.195128 0.994159 0.186361 0.166267 0.53833 0.850827 0.197399 0 0.196198 0.167163 0.199544 0.194728 0.19435 0.187495 0.302631 0.521996 0.537253 0.644038 0.184549 0.195146 0.17513
0.213709 0.463951 0.233423 1 0.204712 0.00582883 0.213863 0.247622 0.458169 0.15115 0.207064 1 0.20582 0.248909 0.196948 0.204298 0.203906 0.215131 0.69056 0.466983 0.457094 0.354162 0.211835 0.204731 0.231814
0.186228 0.529212 0.1764 0 0.195127 0.994176 0.186366 0.166261 0.538337 0.850862 0.197398 0 0.196197 0.167156 0.199548 0.194727 0.194349 0.187499 0.30257 0.522001 0.53726 0.643937 0.184553 0.195145 0.175128
0.213701 0.463946 0.233428 1 0.204713 0.00581247 0.213856 0.247636 0.458163 0.151117 0.207065 1 0.205821 0.248922 0.196941 0.204299 0.203907 0.215124 0.690617 0.466979 0.457089 0.354255 0.211828 0.204732 0.231819
0.186232 0.529217 0.176398 0 0.195125 0.994192 0.18637 0.166255 0.538343 0.850895 0.197397 0 0.196196 0.16715 0.199551 0.194726 0.194348 0.187504 0.302515 0.522005 0.537266 0.643847 0.184557 0.195144 0.175125
0.213695 0.463942 0.233433 1 0.204714 0.00579802 0.213849 0.247648 0.458158 0.151086 0.207066 1 0.205822 0.248935 0.196935 0.204299 0.203908 0.215118 0.690669 0.466976 0.457083 0.35434 0.211821 0.204733 0.231823
0.186235 0.529222 0.176396 0 0.195125 0.994205 0.186374 0.166249 0.538348 0.850925 0.197396 0 0.196195 0.167145 0.199555 0.194725 0.194347 0.187507 0.302465 0.522009 0.537271 0.643765 0.184561 0.195143 0.175123
0.213689 0.463939 0.233437 1 0.204714 0.00578524 0.213844 0.24766 0.458154 0.151058 0.207067 1 0.205823 0.248946 0.19693 0.2043 0.203909 0.215112 0.690716 0.466973 0.457079 0.354416 0.211816 0.204734 0.231828
0.186239 0.529226 0.176394 0 0.195124 0.994217 0.186377 0.166244 0.538353 0.850952 0.197395 0 0.196194 0.16714 0.199557 0.194724 0.194346 0.187511 0.30242 0.522013 0.537276 0.643691 0.184564 0.195142 0.175121
0.213684 0.463935 0.233441 1 0.204715 0.00577395 0.213838 0.24767 0.458149 0.151032 0.207068 1 0.205824 0.248956 0.196925 0.204301 0.203909 0.215106 0.690758 0.46697 0.457074 0.354485 0.21181 0.204734 0.231832
0.186242 0.52923 0.176392 0 0.195123 0.994228 0.18638 0.166239 0.538358 0.850976 0.197394 0 0.196193 0.167135 0.19956 0.194723 0.194345 0.187514 0.302379 0.522016 0.537281 0.643623 0.184568 0.195141 0.175119
0.213679 0.463932 0.233444 1 0.204716 0.00576396 0.213834 0.247679 0.458145 0.151008 0.207068 1 0.205824 0.248966 0.19692 0.204302 0.20391 0.215102 0.690797 0.466968 0.457071 0.354548 0.211806 0.204735 0.231835
0.186245 0.529233 0.176391 0 0.195122 0.994237 0.186383 0.166235 0.538362 0.850999 0.197393 0 0.196192 0.167131 0.199562 0.194722 0.194345 0.187517 0.302341 0.522019 0.537285 0.643563 0.18457 0.195141 0.175118
0.213675 0.46393 0.233447 1 0.204716 0.00575513 0.213829 0.247688 0.458142 0.150987 0.207069 1 0.205825 0.248974 0.196916 0.204302 0.203911 0.215097 0.690832 0.466966 0.457067 0.354604 0.211801 0.204736 0.231838
0.186247 0.529236 0.176389 0 0.195122 0.994246 0.186385 0.166232 0.538366 0.85102 0.197393 0 0.196192 0.167127 0.199564 0.194722 0.194344 0.187519 0.302307 0.522022 0.537289 0.643508 0.184573 0.19514 0.175116
0.213671 0.463927 0.23345 1 0.204717 0.00574731 0.213825 0.247695 0.458139 0.150968 0.20707 1 0.205825 0.248982 0.196912 0.204303 0.203911 0.215093 0.690864 0.466964 0.457064 0.354656 0.211797 0.204736 0.231841
0.186249 0.529239 0.176388 0 0.195121 0.994253 0.186387 0.166228 0.538369 0.851038 0.197392 0 0.196191 0.167124 0.199566 0.194721 0.194343 0.187521 0.302276 0.522024 0.537292 0.643458 0.184575 0.195139 0.175115
0.213667 0.463925 0.233453 1 0.204717 0.00574038 0.213822 0.247702 0.458136 0.15095 0.20707 1 0.205826 0.248989 0.196909 0.204303 0.203912 0.21509 0.690893 0.466962 0.457061 0.354702 0.211794 0.204737 0.231844
0.186251 0.529242 0.176387 0 0.19512 0.99426 0.186389 0.166225 0.538372 0.851055 0.197392 0 0.19619 0.167121 0.199568 0.194721 0.194343 0.187523 0.302248 0.522026 0.537295 0.643413 0.184577 0.195139 0.175114
0.213664 0.463923 0.233455 1 0.204718 0.00573425 0.213819 0.247709 0.458133 0.150934 0.207071 1 0.205826 0.248995 0.196906 0.204304 0.203912 0.215087 0.69092 0.46696 0.457058 0.354744 0.211791 0.204737 0.231846
0.186253 0.529244 0.176385 0 0.19512 0.994265 0.186391 0.166222 0.538375 0.851071 0.197391 0 0.19619 0.167118 0.199569 0.19472 0.194342 0.187525 0.302222 0.522028 0.537298 0.643372 0.184579 0.195138 0.175113
0.213661 0.463921 0.233458 1 0.204718 0.00572883 0.213816 0.247715 0.458131 0.150919 0.207071 1 0.205827 0.249001 0.196903 0.204304 0.203913 0.215084 0.690943 0.466958 0.457056 0.354782 0.211788 0.204737 0.231848
0.186255 0.529246 0.176384 0 0.195119 0.994271 0.186393 0.16622 0.538378 0.851085 0.197391 0 0.19619 0.167115 0.199571 0.19472 0.194342 0.187527 0.302199 0.52203 0.537301 0.643335 0.18458 0.195138 0.175112
0.213659 0.463919 0.233459 1 0.204719 0.00572402 0.213813 0.24772 0.458128 0.150905 0.207071 1 0.205827 0.249006 0.196901 0.204305 0.203913 0.215081 0.690965 0.466957 0.457053 0.354816 0.211785 0.204738 0.23185
0.186256 0.529248 0.176383 0 0.195119 0.994275 0.186394 0.166217 0.53838 0.851098 0.19739 0 0.196189 0.167113 0.199572 0.194719 0.194341 0.187528 0.302178 0.522032 0.537303 0.643302 0.184582 0.195138 0.175111
0.213656 0.463917 0.233461 1 0.204719 0.00571976 0.213811 0.247725 0.458126 0.150893 0.207072 1 0.205828 0.249011 0.196898 0.204305 0.203913 0.215079 0.690985 0.466956 0.457051 0.354847 0.211783 0.204738 0.231852
0.186258 0.52925 0.176383 0 0.195119 0.994279 0.186396 0.166215 0.538382 0.85111 0.19739 0 0.196189 0.167111 0.199573 0.194719 0.194341 0.18753 0.302159 0.522033 0.537306 0.643272 0.184583 0.195137 0.17511
0.213654 0.463916 0.233463 1 0.204719 0.00571598 0.213809 0.247729 0.458124 0.150882 0.207072 1 0.205828 0.249015 0.196896 0.204305 0.203914 0.215077 0.691003 0.466955 0.45705 0.354875 0.211781 0.204738 0.231854
0.186259 0.529251 0.176382 0 0.195118 0.994283 0.186397 0.166213 0.538384 0.85112 0.19739 0 0.196188 0.167109 0.199574 0.194719 0.194341 0.187531 0.302142 0.522035 0.537307 0.643245 0.184584 0.195137 0.175109
0.213652 0.463915 0.233464 1 0.20472 0.00571263 0.213807 0.247733 0.458123 0.150872 0.207072 1 0.205828 0.249019 0.196895 0.204305 0.203914 0.215075 0.691019 0.466953 0.457048 0.354901 0.211779 0.204739 0.231855
0.18626 0.529253 0.176381 0 0.195118 0.994286 0.186398 0.166211 0.538386 0.85113 0.197389 0 0.196188 0.167107 0.199575 0.194718 0.19434 0.187532 0.302126 0.522036 0.537309 0.64322 0.184586 0.195137 0.175108
0.213651 0.463913 0.233466 1 0.20472 0.00570967 0.213805 0.247736 0.458121 0.150863 0.207073 1 0.205828 0.249023 0.196893 0.204306 0.203914 0.215073 0.691034 0.466952 0.457046 0.354924 0.211777 0.204739 0.231856
0.186261 0.529254 0.176381 0 0.195118 0.994289 0.186399 0.16621 0.538388 0.851139 0.197389 0 0.196188 0.167105 0.199576 0.194718 0.19434 0.187533 0.302112 0.522037 0.537311 0.643198 0.184587 0.195136 0.175108
0.213649 0.463912 0.233467 1 0.20472 0.00570704 0.213803 0.24774 0.45812 0.150854 0.207073 1 0.205829 0.249026 0.196891 0.204306 0.203914 0.215071 0.691047 0.466952 0.457045 0.354945 0.211776 0.204739 0.231858
0.186262 0.529255 0.17638 0 0.195118 0.994291 0.1864 0.166208 0.538389 0.851147 0.197389 0 0.196188 0.167104 0.199577 0.194718 0.19434 0.187534 0.302099 0.522038 0.537312 0.643177 0.184587 0.195136 0.175107
0.213648 0.463911 0.233468 1 0.20472 0.0057047 0.213802 0.247742 0.458119 0.150847 0.207073 1 0.205829 0.249029 0.19689 0.204306 0.203915 0.21507 0.691059 0.466951 0.457044 0.354963 0.211774 0.204739 0.231859
0.186263 0.529256 0.176379 0 0.195117 0.994293 0.186401 0.166207 0.538391 0.851154 0.197388 0 0.196187 0.167103 0.199578 0.194718 0.19434 0.187535 0.302087 0.522039 0.537314 0.643159 0.184588 0.195136 0.175107
0.213646 0.46391 0.233469 1 0.204721 0.00570263 0.213801 0.247745 0.458117 0.15084 0.207073 1 0.205829 0.249032 0.196889 0.204306 0.203915 0.215069 0.69107 0.46695 0.457043 0.354981 0.211773 0.20474 0.23186
0.186264 0.529257 0.176379 0 0.195117 0.994295 0.186402 0.166206 0.538392 0.851161 0.197388 0 0.196187 0.167101 0.199578 0.194717 0.194339 0.187536 0.302076 0.52204 0.537315 0.643142 0.184589 0.195136 0.175106
0.213645 0.46391 0.23347 1 0.204721 0.0057008 0.2138 0.247748 0.458116 0.150834 0.207073 1 0.205829 0.249034 0.196887 0.204307 0.203915 0.215068 0.69108 0.466949 0.457042 0.354996 0.211772 0.20474 0.231861
0.186264 0.529258 0.176379 0 0.195117 0.994297 0.186402 0.166205 0.538393 0.851167 0.197388 0 0.196187 0.1671 0.199579 0.194717 0.194339 0.187536 0.302067 0.522041 0.537316 0.643128 0.18459 0.195135 0.175106
0.213644 0.463909 0.233471 1 0.204721 0.00569917 0.213799 0.24775 0.458115 0.150828 0.207073 1 0.205829 0.249036 0.196886 0.204307 0.203915 0.215066 0.69109 0.466949 0.457041 0.35501 0.211771 0.20474 0.231861
0.186265 0.529259 0.176378 0 0.195117 0.994298 0.186403 0.166204 0.538394 0.851173 0.197388 0 0.196187 0.167099 0.199579 0.194717 0.194339 0.187537 0.302058 0.522041 0.537317 0.643114 0.18459 0.195135 0.175105
0.213643 0.463908 0.233472 1 0.204721 0.00569772 0.213798 0.247752 0.458115 0.150823 0.207074 1 0.205829 0.249038 0.196885 0.204307 0.203915 0.215065 0.691098 0.466948 0.45704 0.355023 0.21177 0.20474 0.231862
0.186265 0.52926 0.176378 0 0.195117 0.9943 0.186403 0.166203 0.538395 0.851178 0.197388 0 0.196187 0.167098 0.19958 0.194717 0.194339 0.187537 0.30205 0.522042 0.537318 0.643102 0.184591 0.195135 0.175105
0.213642 0.463908 0.233472 1 0.204721 0.00569643 0.213797 0.247754 0.458114 0.150818 0.207074 1 0.20583 0.24904 0.196885 0.204307 0.203915 0.215065 0.691105 0.466948 0.457039 0.355034 0.211769 0.20474 0.231863
0.186266 0.529261 0.176377 0 0.195116 0.994301 0.186404 0.166202 0.538396 0.851182 0.197388 0 0.196186 0.167098 0.19958 0.194717 0.194339 0.187538 0.302043 0.522042 0.537319 0.643091 0.184591 0.195135 0.175105
0.213642 0.463907 0.233473 1 0.204721 0.00569529 0.213796 0.247755 0.458113 0.150814 0.207074 1 0.20583 0.249042 0.196884 0.204307 0.203916 0.215064 0.691112 0.466947 0.457038 0.355044 0.211768 0.20474 0.231864
0.186266 0.529261 0.176377 0 0.195116 0.994302 0.186404 0.166201 0.538396 0.851186 0.197388 0 0.196186 0.167097 0.199581 0.194717 0.194339 0.187538 0.302036 0.522043 0.53732 0.643081 0.184592 0.195135 0.175104
0.213641 0.463907 0.233473 1 0.204721 0.00569428 0.213795 0.247757 0.458112 0.15081 0.207074 1 0.20583 0.249043 0.196883 0.204307 0.203916 0.215063 0.691118 0.466947 0.457038 0.355054 0.211768 0.20474 0.231864
0.186267 0.529262 0.176377 0 0.195116 0.994303 0.186405 0.166201 0.538397 0.85119 0.197387 0 0.196186 0.167096 0.199581 0.194716 0.194339 0.187539 0.30203 0.522044 0.53732 0.643071 0.184592 0.195135 0.175104
0.21364 0.463906 0.233474 1 0.204721 0.00569338 0.213795 0.247758 0.458112 0.150806 0.207074 1 0.20583 0.249045 0.196883 0.204307 0.203916 0.215062 0.691124 0.466947 0.457037 0.355062 0.211767 0.204741 0.231865
0.186267 0.529262 0.176377 0 0.195116 0.994304 0.186405 0.1662 0.538398 0.851193 0.197387 0 0.196186 0.167096 0.199581 0.194716 0.194339 0.187539 0.302025 0.522044 0.537321 0.643063 0.184593 0.195135 0.175104
0.21364 0.463906 0.233474 1 0.204722 0.00569258 0.213794 0.247759 0.458111 0.150803 0.207074 1 0.20583 0.249046 0.196882 0.204307 0.203916 0.215062 0.691129 0.466946 0.457036 0.35507 0.211766 0.204741 0.231865
0.186267 0.529263 0.176376 0 0.195116 0.994305 0.186405 0.1662 0.538398 0.851197 0.197387 0 0.196186 0.167095 0.199582 0.194716 0.194338 0.187539 0.30202 0.522044 0.537321 0.643056 0.184593 0.195135 0.175104
0.213639 0.463905 0.233475 1 0.204722 0.00569187 0.213794 0.24776 0.458111 0.1508 0.207074 1 0.20583 0.249047 0.196881 0.204307 0.203916 0.215061 0.691133 0.466946 0.457036 0.355077 0.211766 0.204741 0.231865
0.186268 0.529263 0.176376 0 0.195116 0.994305 0.186406 0.166199 0.538399 0.851199 0.197387 0 0.196186 0.167095 0.199582 0.194716 0.194338 0.18754 0.302015 0.522045 0.537322 0.643049 0.184593 0.195134 0.175103
0.213639 0.463905 0.233475 1 0.204722 0.00569124 0.213793 0.247761 0.45811 0.150797 0.207074 1 0.20583 0.249048 0.196881 0.204308 0.203916 0.215061 0.691137 0.466946 0.457036 0.355083 0.211765 0.204741 0.231866
0.186268 0.529264 0.176376 0 0.195116 0.994306 0.186406 0.166199 0.538399 0.851202 0.197387 0 0.196186 0.167094 0.199582 0.194716 0.194338 0.18754 0.302011 0.522045 0.537322 0.643043 0.184593 0.195134 0.175103
0.213638 0.463905 0.233476 1 0.204722 0.00569068 0.213793 0.247762 0.45811 0.150795 0.207074 1 0.20583 0.249049 0.196881 0.204308 0.203916 0.21506 0.691141 0.466945 0.457035 0.355089 0.211765 0.204741 0.231866
0.186268 0.529264 0.176376 0 0.195116 0.994306 0.186406 0.166198 0.5384 0.851204 0.197387 0 0.196186 0.167094 0.199582 0.194716 0.194338 0.18754 0.302008 0.522045 0.537323 0.643037 0.184594 0.195134 0.175103
0.213638 0.463904 0.233476 1 0.204722 0.00569018 0.213792 0.247763 0.45811 0.150793 0.207074 1 0.20583 0.24905 0.19688 0.204308 0.203916 0.21506 0.691145 0.466945 0.457035 0.355094 0.211765 0.204741 0.231867
0.186268 0.529264 0.176376 0 0.195116 0.994307 0.186407 0.166198 0.5384 0.851206 0.197387 0 0.196186 0.167093 0.199583 0.194716 0.194338 0.18754 0.302004 0.522046 0.537323 0.643032 0.184594 0.195134 0.175103
0.213637 0.463904 0.233476 1 0.204722 0.00568974 0.213792 0.247764 0.458109 0.150791 0.207075 1 0.20583 0.24905 0.19688 0.204308 0.203916 0.21506 0.691148 0.466945 0.457034 0.355098 0.211764 0.204741 0.231867
0.186269 0.529264 0.176376 0 0.195116 0.994307 0.186407 0.166198 0.5384 0.851208 0.197387 0 0.196186 0.167093 0.199583 0.194716 0.194338 0.187541 0.302001 0.522046 0.537324 0.643028 0.184594 0.195134 0.175103
0.213637 0.463904 0.233476 1 0.204722 0.00568935 0.213792 0.247764 0.458109 0.150789 0.207075 1 0.20583 0.249051 0.196879 0.204308 0.203916 0.215059 0.691151 0.466945 0.457034 0.355103 0.211764 0.204741 0.231867
0.186269 0.529265 0.176376 0 0.195116 0.994308 0.186407 0.166197 0.538401 0.85121 0.197387 0 0.196186 0.167093 0.199583 0.194716 0.194338 0.187541 0.301999 0.522046 0.537324 0.643024 0.184594 0.195134 0.175103
0.213637 0.463904 0.233477 1 0.204722 0.00568899 0.213791 0.247765 0.458109 0.150787 0.207075 1 0.20583 0.249052 0.196879 0.204308 0.203916 0.215059 0.691153 0.466945 0.457034 0.355106 0.211764 0.204741 0.231867
0.186269 0.529265 0.176375 0 0.195116 0.994308 0.186407 0.166197 0.538401 0.851211 0.197387 0 0.196186 0.167092 0.199583 0.194716 0.194338 0.187541 0.301996 0.522046 0.537324 0.64302 0.184594 0.195134 0.175103
0.213637 0.463903 0.233477 1 0.204722 0.00568868 0.213791 0.247766 0.458109 0.150786 0.207075 1 0.20583 0.249052 0.196879 0.204308 0.203916 0.215059 0.691155 0.466944 0.457034 0.35511 0.211763 0.204741 0.231868
0.186269 0.529265 0.176375 0 0.195116 0.994308 0.186407 0.166197 0.538401 0.851213 0.197387 0 0.196186 0.167092 0.199583 0.194716 0.194338 0.187541 0.301994 0.522046 0.537324 0.643017 0.184595 0.195134 0.175103
0.213636 0.463903 0.233477 1 0.204722 0.00568841 0.213791 0.247766 0.458108 0.150784 0.207075 1 0.205831 0.249053 0.196879 0.204308 0.203916 0.215059 0.691158 0.466944 0.457033 0.355113 0.211763 0.204741 0.231868
0.186269 0.529265 0.176375 0 0.195115 0.994309 0.186407 0.166197 0.538401 0.851214 0.197387 0 0.196186 0.167092 0.199583 0.194716 0.194338 0.187541 0.301992 0.522047 0.537325 0.643014 0.184595 0.195134 0.175102
0.213636 0.463903 0.233477 1 0.204722 0.00568816 0.213791 0.247767 0.458108 0.150783 0.207075 1 0.205831 0.249053 0.196878 0.204308 0.203916 0.215058 0.691159 0.466944 0.457033 0.355116 0.211763 0.204741 0.231868
0.186269 0.529266 0.176375 0 0.195115 0.994309 0.186407 0.166196 0.538402 0.851215 0.197387 0 0.196185 0.167092 0.199583 0.194716 0.194338 0.187541 0.30199 0.522047 0.537325 0.643011 0.184595 0.195134 0.175102
0.213636 0.463903 0.233477 1 0.204722 0.00568794 0.21379 0.247767 0.458108 0.150782 0.207075 1 0.205831 0.249054 0.196878 0.204308 0.203916 0.215058 0.691161 0.466944 0.457033 0.355118 0.211763 0.204741 0.231868
0.18627 0.529266 0.176375 0 0.195115 0.994309 0.186408 0.166196 0.538402 0.851216 0.197387 0 0.196185 0.167092 0.199584 0.194716 0.194338 0.187542 0.301989 0.522047 0.537325 0.643009 0.184595 0.195134 0.175102
0.213636 0.463903 0.233478 1 0.204722 0.00568774 0.21379 0.247767 0.458108 0.150781 0.207075 1 0.205831 0.249054 0.196878 0.204308 0.203916 0.215058 0.691163 0.466944 0.457033 0.355121 0.211763 0.204741 0.231868
0.18627 0.529266 0.176375 0 0.195115 0.994309 0.186408 0.166196 0.538402 0.851217 0.197387 0 0.196185 0.167091 0.199584 0.194716 0.194338 0.187542 0.301987 0.522047 0.537325 0.643006 0.184595 0.195134 0.175102
0.213636 0.463903 0.233478 1 0.204722 0.00568757 0.21379 0.247768 0.458108 0.15078 0.207075 1 0.205831 0.249054 0.196878 0.204308 0.203916 0.215058 0.691164 0.466944 0.457033 0.355123 0.211762 0.204741 0.231868
0.18627 0.529266 0.176375 0 0.195115 0.994309 0.186408 0.166196 0.538402 0.851218 0.197387 0 0.196185 0.167091 0.199584 0.194716 0.194338 0.187542 0.301986 0.522047 0.537325 0.643004 0.184595 0.195134 0.175102
0.213635 0.463903 0.233478 1 0.204722 0.00568741 0.21379 0.247768 0.458107 0.150779 0.207075 1 0.205831 0.249055 0.196878 0.204308 0.203917 0.215058 0.691165 0.466944 0.457033 0.355125 0.211762 0.204741 0.231868
0.18627 0.529266 0.176375 0 0.195115 0.99431 0.186408 0.166196 0.538402 0.851219 0.197386 0 0.196185 0.167091 0.199584 0.194716 0.194338 0.187542 0.301984 0.522047 0.537325 0.643003 0.184595 0.195134 0.175102
0.213635 0.463903 0.233478 1 0.204722 0.00568728 0.21379 0.247768 0.458107 0.150779 0.207075 1 0.205831 0.249055 0.196878 0.204308 0.203917 0.215058 0.691167 0.466944 0.457032 0.355126 0.211762 0.204741 0.231869
0.18627 0.529266 0.176375 0 0.195115 0.99431 0.186408 0.166196 0.538402 0.85122 0.197386 0 0.196185 0.167091 0.199584 0.194716 0.194338 0.187542 0.301983 0.522047 0.537326 0.643001 0.184595 0.195134 0.175102
0.213635 0.463902 0.233478 1 0.204722 0.00568715 0.21379 0.247769 0.458107 0.150778 0.207075 1 0.205831 0.249055 0.196878 0.204308 0.203917 0.215057 0.691168 0.466944 0.457032 0.355128 0.211762 0.204741 0.231869
0.18627 0.529266 0.176375 0 0.195115 0.99431 0.186408 0.166196 0.538403 0.85122 0.197386 0 0.196185 0.167091 0.199584 0.194716 0.194338 0.187542 0.301982 0.522047 0.537326 0.642999 0.184595 0.195134 0.175102
0.213635 0.463902 0.233478 1 0.204722 0.00568704 0.21379 0.247769 0.458107 0.150777 0.207075 1 0.205831 0.249055 0.196877 0.204308 0.203917 0.215057 0.691169 0.466943 0.457032 0.355129 0.211762 0.204741 0.231869
0.18627 0.529266 0.176375 0 0.195115 0.99431 0.186408 0.166195 0.538403 0.851221 0.197386 0 0.196185 0.167091 0.199584 0.194716 0.194338 0.187542 0.301981 0.522047 0.537326 0.642998 0.184595 0.195134 0.175102
0.213635 0.463902 0.233478 1 0.204722 0.00568694 0.213789 0.247769 0.458107 0.150777 0.207075 1 0.205831 0.249056 0.196877 0.204308 0.203917 0.215057 0.691169 0.466943 0.457032 0.355131 0.211762 0.204741 0.231869
0.18627 0.529266 0.176375 0 0.195115 0.99431 0.186408 0.166195 0.538403 0.851222 0.197386 0 0.196185 0.167091 0.199584 0.194716 0.194338 0.187542 0.301981 0.522048 0.537326 0.642997 0.184595 0.195134 0.175102
0.213635 0.463902 0.233478 1 0.204722 0.00568686 0.213789 0.247769 0.458107 0.150776 0.207075 1 0.205831 0.249056 0.196877 0.204308 0.203917 0.215057 0.69117 0.466943 0.457032 0.355132 0.211762 0.204741 0.231869
0.18627 0.529267 0.176375 0 0.195115 0.99431 0.186408 0.166195 0.538403 0.851222 0.197386 0 0.196185 0.167091 0.199584 0.194715 0.194338 0.187542 0.30198 0.522048 0.537326 0.642996 0.184595 0.195134 0.175102
0.213635 0.463902 0.233478 1 0.204722 0.00568678 0.213789 0.247769 0.458107 0.150776 0.207075 1 0.205831 0.249056 0.196877 0.204308 0.203917 0.215057 0.691171 0.466943 0.457032 0.355133 0.211762 0.204741 0.231869
0.18627 0.529267 0.176375 0 0.195115 0.99431 0.186408 0.166195 0.538403 0.851223 0.197386 0 0.196185 0.167091 0.199584 0.194715 0.194338 0.187542 0.301979 0.522048 0.537326 0.642995 0.184596 0.195134 0.175102
0.213635 0.463902 0.233478 1 0.204722 0.00568671 0.213789 0.24777 0.458107 0.150775 0.207075 1 0.205831 0.249056 0.196877 0.204308 0.203917 0.215057 0.691172 0.466943 0.457032 0.355134 0.211762 0.204741 0.231869
0.18627 0.529267 0.176375 0 0.195115 0.99431 0.186408 0.166195 0.538403 0.851223 0.197386 0 0.196185 0.16709 0.199584 0.194715 0.194338 0.187542 0.301979 0.522048 0.537326 0.642994 0.184596 0.195134 0.175102
0.213635 0.463902 0.233478 1 0.204722 0.00568665 0.213789 0.24777 0.458107 0.150775 0.207075 1 0.205831 0.249056 0.196877 0.204308 0.203917 0.215057 0.691172 0.466943 0.457032 0.355135 0.211761 0.204741 0.231869
0.18627 0.529267 0.176375 0 0.195115 0.99431 0.186408 0.166195 0.538403 0.851223 0.197386 0 0.196185 0.16709 0.199584 0.194715 0.194338 0.187542 0.301978 0.522048 0.537326 0.642993 0.184596 0.195134 0.175102
0.213635 0.463902 0.233478 1 0.204722 0.00568659 0.213789 0.24777 0.458107 0.150775 0.207075 1 0.205831 0.249056 0.196877 0.204308 0.203917 0.215057 0.691173 0.466943 0.457032 0.355135 0.211761 0.204741 0.231869
0.18627 0.529267 0.176375 0 0.195115 0.99431 0.186408 0.166195 0.538403 0.851224 0.197386 0 0.196185 0.16709 0.199584 0.194715 0.194338 0.187542 0.301977 0.522048 0.537326 0.642992 0.184596 0.195134 0.175102
0.213635 0.463902 0.233479 1 0.204722 0.00568654 0.213789 0.24777 0.458107 0.150774 0.207075 1 0.205831 0.249057 0.196877 0.204308 0.203917 0.215057 0.691173 0.466943 0.457032 0.355136 0.211761 0.204741 0.231869
0.18627 0.529267 0.176375 0 0.195115 0.99431 0.186408 0.166195 0.538403 0.851224 0.197386 0 0.196185 0.16709 0.199584 0.194715 0.194338 0.187542 0.301977 0.522048 0.537326 0.642991 0.184596 0.195134 0.175102
0.213635 0.463902 0.233479 1 0.204722 0.0056865 0.213789 0.24777 0.458107 0.150774 0.207075 1 0.205831 0.249057 0.196877 0.204308 0.203917 0.215057 0.691174 0.466943 0.457032 0.355137 0.211761 0.204741 0.231869
0.18627 0.529267 0.176375 0 0.195115 0.99431 0.186408 0.166195 0.538403 0.851224 0.197386 0 0.196185 0.16709 0.199584 0.194715 0.194338 0.187542 0.301977 0.522048 0.537326 0.642991 0.184596 0.195134 0.175102
0.213635 0.463902 0.233479 1 0.204722 0.00568646 0.213789 0.24777 0.458107 0.150774 0.207075 1 0.205831 0.249057 0.196877 0.204308 0.203917 0.215057 0.691174 0.466943 0.457032 0.355137 0.211761 0.204741 0.231869
0.18627 0.529267 0.176375 0 0.195115 0.99431 0.186408 0.166195 0.538403 0.851224 0.197386 0 0.196185 0.16709 0.199584 0.194715 0.194338 0.187542 0.301976 0.522048 0.537326 0.64299 0.184596 0.195134 0.175102
0.213635 0.463902 0.233479 1 0.204722 0.00568643 0.213789 0.24777 0.458107 0.150774 0.207075 1 0.205831 0.249057 0.196877 0.204308 0.203917 0.215057 0.691174 0.466943 0.457032 0.355138 0.211761 0.204741 0.231869
0.18627 0.529267 0.176374 0 0.195115 0.99431 0.186408 0.166195 0.538403 0.851225 0.197386 0 0.196185 0.16709 0.199584 0.194715 0.194338 0.187542 0.301976 0.522048 0.537326 0.64299 0.184596 0.195134 0.175102
0.213634 0.463902 0.233479 1 0.204722 0.0056864 0.213789 0.24777 0.458106 0.150773 0.207075 1 0.205831 0.249057 0.196877 0.204308 0.203917 0.215057 0.691175 0.466943 0.457032 0.355138 0.211761 0.204741 0.231869
0.18627 0.529267 0.176374 0 0.195115 0.99431 0.186408 0.166195 0.538403 0.851225 0.197386 0 0.196185 0.16709 0.199584 0.194715 0.194338 0.187542 0.301976 0.522048 0.537327 0.642989 0.184596 0.195134 0.175102
0.213634 0.463902 0.233479 1 0.204722 0.00568637 0.213789 0.24777 0.458106 0.150773 0.207075 1 0.205831 0.249057 0.196877 0.204308 0.203917 0.215057 0.691175 0.466943 0.457032 0.355139 0.211761 0.204741 0.231869
0.18627 0.529267 0.176374 0 0.195115 0.994311 0.186408 0.166195 0.538403 0.851225 0.197386 0 0.196185 0.16709 0.199584 0.194715 0.194338 0.187542 0.301975 0.522048 0.537327 0.642989 0.184596 0.195134 0.175102
0.213634 0.463902 0.233479 1 0.204722 0.00568634 0.213789 0.24777 0.458106 0.150773 0.207075 1 0.205831 0.249057 0.196877 0.204308 0.203917 0.215057 0.691175 0.466943 0.457032 0.355139 0.211761 0.204741 0.231869
0.18627 0.529267 0.176374 0 0.195115 0.994311 0.186408 0.166195 0.538403 0.851225 0.197386 0 0.196185 0.16709 0.199584 0.194715 0.194338 0.187542 0.301975 0.522048 0.537327 0.642989 0.184596 0.195134 0.175102
0.213634 0.463902 0.233479 1 0.204722 0.00568632 0.213789 0.24777 0.458106 0.150773 0.207075 1 0.205831 0.249057 0.196877 0.204308 0.203917 0.215057 0.691175 0.466943 0.457032 0.355139 0.211761 0.204741 0.231869
0.18627 0.529267 0.176374 0 0.195115 0.994311 0.186408 0.166195 0.538403 0.851225 0.197386 0 0.196185 0.16709 0.199584 0.194715 0.194338 0.187542 0.301975 0.522048 0.537327 0.642988 0.184596 0.195134 0.175102
0.213634 0.463902 0.233479 1 0.204722 0.0056863 0.213789 0.247771 0.458106 0.150773 0.207075 1 0.205831 0.249057 0.196877 0.204308 0.203917 0.215057 0.691176 0.466943 0.457032 0.35514 0.211761 0.204741 0.231869
0.18627 0.529267 0.176374 0 0.195115 0.994311 0.186408 0.166195 0.538403 0.851225 0.197386 0 0.196185 0.16709 0.199584 0.194715 0.194338 0.187542 0.301975 0.522048 0.537327 0.642988 0.184596 0.195134 0.175102
0.213634 0.463902 0.233479 1 0.204722 0.00568628 0.213789 0.247771 0.458106 0.150773 0.207075 1 0.205831 0.249057 0.196877 0.204308 0.203917 0.215057 0.691176 0.466943 0.457032 0.35514 0.211761 0.204741 0.231869
0.18627 0.529267 0.176374 0 0.195115 0.994311 0.186408 0.166195 0.538404 0.851226 0.197386 0 0.196185 0.16709 0.199584 0.194715 0.194338 0.187542 0.301974 0.522048 0.537327 0.642988 0.184596 0.195134 0.175102
0.213634 0.463902 0.233479 1 0.204722 0.00568627 0.213789 0.247771 0.458106 0.150772 0.207075 1 0.205831 0.249057 0.196877 0.204308 0.203917 0.215057 0.691176 0.466943 0.457031 0.35514 0.211761 0.204741 0.231869
0.18627 0.529267 0.176374 0 0.195115 0.994311 0.186408 0.166195 0.538404 0.851226 0.197386 0 0.196185 0.16709 0.199584 0.194715 0.194338 0.187542 0.301974 0.522048 0.537327 0.642987 0.184596 0.195134 0.175102
0.213634 0.463902 0.233479 1 0.204722 0.00568625 0.213789 0.247771 0.458106 0.150772 0.207075 1 0.205831 0.249057 0.196877 0.204308 0.203917 0.215057 0.691176 0.466943 0.457031 0.35514 0.211761 0.204741 0.231869
0.18627 0.529267 0.176374 0 0.195115 0.994311 0.186409 0.166195 0.538404 0.851226 0.197386 0 0.196185 0.16709 0.199584 0.194715 0.194338 0.187542 0.301974 0.522048 0.537327 0.642987 0.184596 0.195134 0.175102
0.213634 0.463902 0.233479 1 0.204722 0.00568624 0.213789 0.247771 0.458106 0.150772 0.207075 1 0.205831 0.249057 0.196877 0.204308 0.203917 0.215057 0.691176 0.466943 0.457031 0.355141 0.211761 0.204741 0.231869
0.18627 0.529267 0.176374 0 0.195115 0.994311 0.186409 0.166195 0.538404 0.851226 0.197386 0 0.196185 0.16709 0.199584 0.194715 0.194338 0.187542 0.301974 0.522048 0.537327 0.642987 0.184596 0.195134 0.175102
0.213634 0.463902 0.233479 1 0.204722 0.00568623 0.213789 0.247771 0.458106 0.150772 0.207075 1 0.205831 0.249057 0.196876 0.204308 0.203917 0.215057 0.691176 0.466943 0.457031 0.355141 0.211761 0.204742 0.231869
0.18627 0.529267 0.176374 0 0.195115 0.994311 0.186409 0.166195 0.538404 0.851226 0.197386 0 0.196185 0.16709 0.199584 0.194715 0.194338 0.187542 0.301974 0.522048 0.537327 0.642987 0.184596 0.195134 0.175102
0.213634 0.463902 0.233479 1 0.204722 0.00568622 0.213789 0.247771 0.458106 0.150772 0.207075 1 0.205831 0.249057 0.196876 0.204308 0.203917 0.215057 0.691177 0.466943 0.457031 0.355141 0.211761 0.204742 0.231869
0.18627 0.529267 0.176374 0 0.195115 0.994311 0.186409 0.166195 0.538404 0.851226 0.197386 0 0.196185 0.16709 0.199584 0.194715 0.194338 0.187542 0.301974 0.522048 0.537327 0.642987 0.184596 0.195134 0.175102
0.213634 0.463902 0.233479 1 0.204722 0.00568621 0.213789 0.247771 0.458106 0.150772 0.207075 1 0.205831 0.249057 0.196876 0.204308 0.203917 0.215056 0.691177 0.466943 0.457031 0.355141 0.211761 0.204742 0.231869
0.18627 0.529267 0.176374 0 0.195115 0.994311 0.186409 0.166195 0.538404 0.851226 0.197386 0 0.196185 0.16709 0.199584 0.194715 0.194338 0.187542 0.301974 0.522048 0.537327 0.642986 0.184596 0.195134 0.175102
0.213634 0.463902 0.233479 1 0.204722 0.0056862 0.213789 0.247771 0.458106 0.150772 0.207075 1 0.205831 0.249057 0.196876 0.204308 0.203917 0.215056 0.691177 0.466943 0.457031 0.355141 0.211761 0.204742 0.231869
0.18627 0.529267 0.176374 0 0.195115 0.994311 0.186409 0.166195 0.538404 0.851226 0.197386 0 0.196185 0.16709 0.199584 0.194715 0.194338 0.187542 0.301973 0.522048 0.537327 0.642986 0.184596 0.195134 0.175102
0.213634 0.463902 0.233479 1 0.204722 0.00568619 0.213789 0.247771 0.458106 0.150772 0.207075 1 0.205831 0.249058 0.196876 0.204308 0.203917 0.215056 0.691177 0.466943 0.457031 0.355141 0.211761 0.204742 0.231869
0.18627 0.529267 0.176374 0 0.195115 0.994311 0.186409 0.166195 0.538404 0.851226 0.197386 0 0.196185 0.16709 0.199584 0.194715 0.194338 0.187543 0.301973 0.522048 0.537327 0.642986 0.184596 0.195134 0.175102
0.213634 0.463902 0.233479 1 0.204722 0.00568619 0.213789 0.247771 0.458106 0.150772 0.207075 1 0.205831 0.249058 0.196876 0.204308 0.203917 0.215056 0.691177 0.466943 0.457031 0.355141 0.211761 0.204742 0.231869
0.18627 0.529267 0.176374 0 0.195115 0.994311 0.186409 0.166195 0.538404 0.851226 0.197386 0 0.196185 0.16709 0.199584 0.194715 0.194338 0.187543 0.301973 0.522048 0.537327 0.642986 0.184596 0.195134 0.175102
0.213634 0.463902 0.233479 1 0.204722 0.00568618 0.213789 0.247771 0.458106 0.150772 0.207075 1 0.205831 0.249058 0.196876 0.204308 0.203917 0.215056 0.691177 0.466943 0.457031 0.355142 0.211761 0.204742 0.231869
0.18627 0.529267 0.176374 0 0.195115 0.994311 0.186409 0.166195 0.538404 0.851226 0.197386 0 0.196185 0.16709 0.199584 0.194715 0.194338 0.187543 0.301973 0.522048 0.537327 0.642986 0.184596 0.195134 0.175102
0.213634 0.463902 0.233479 1 0.204722 0.00568618 0.213789 0.247771 0.458106 0.150772 0.207075 1 0.205831 0.249058 0.196876 0.204308 0.203917 0.215056 0.691177 0.466943 0.457031 0.355142 0.211761 0.204742 0.23187
0.18627 0.529267 0.176374 0 0.195115 0.994311 0.186409 0.166194 0.538404 0.851226 0.197386 0 0.196185 0.16709 0.199584 0.194715 0.194338 0.187543 0.301973 0.522048 0.537327 0.642986 0.184596 0.195134 0.175102
0.213634 0.463902 0.233479 1 0.204722 0.00568617 0.213789 0.247771 0.458106 0.150772 0.207075 1 0.205831 0.249058 0.196876 0.204308 0.203917 0.215056 0.691177 0.466943 0.457031 0.355142 0.211761 0.204742 0.23187
0.186271 0.529267 0.176374 0 0.195115 0.994311 0.186409 0.166194 0.538404 0.851226 0.197386 0 0.196185 0.16709 0.199584 0.194715 0.194338 0.187543 0.301973 0.522048 0.537327 0.642986 0.184596 0.195134 0.175102
0.213634 0.463902 0.233479 1 0.204722 0.00568617 0.213789 0.247771 0.458106 0.150772 0.207075 1 0.205831 0.249058 0.196876 0.204308 0.203917 0.215056 0.691177 0.466943 0.457031 0.355142 0.211761 0.204742 0.23187
0.186271 0.529267 0.176374 0 0.195115 0.994311 0.186409 0.166194 0.538404 0.851226 0.197386 0 0.196185 0.16709 0.199584 0.194715 0.194338 0.187543 0.301973 0.522048 0.537327 0.642986 0.184596 0.195134 0.175102
0.213634 0.463902 0.233479 1 0.204722 0.00568616 0.213789 0.247771 0.458106 0.150772 0.207075 1 0.205831 0.249058 0.196876 0.204308 0.203917 0.215056 0.691177 0.466943 0.457031 0.355142 0.211761 0.204742 0.23187
0.186271 0.529267 0.176374 0 0.195115 0.994311 0.186409 0.166194 0.538404 0.851226 0.197386 0 0.196185 0.16709 0.199584 0.194715 0.194338 0.187543 0.301973 0.522048 0.537327 0.642986 0.184596 0.195134 0.175102
0.213634 0.463902 0.233479 1 0.204722 0.00568616 0.213789 0.247771 0.458106 0.150772 0.207075 1 0.205831 0.249058 0.196876 0.204308 0.203917 0.215056 0.691177 0.466943 0.457031 0.355142 0.211761 0.204742 0.23187
0.186271 0.529267 0.176374 0 0.195115 0.994311 0.186409 0.166194 0.538404 0.851227 0.197386 0 0.196185 0.16709 0.199584 0.194715 0.194338 0.187543 0.301973 0.522048 0.537327 0.642986 0.184596 0.195134 0.175102
0.213634 0.463902 0.233479 1 0.204722 0.00568616 0.213789 0.247771 0.458106 0.150772 0.207075 1 0.205831 0.249058 0.196876 0.204308 0.203917 0.215056 0.691177 0.466943 0.457031 0.355142 0.211761 0.204742 0.23187
0.186271 0.529267 0.176374 0 0.195115 0.994311 0.186409 0.166194 0.538404 0.851227 0.197386 0 0.196185 0.16709 0.199584 0.194715 0.194338 0.187543 0.301973 0.522048 0.537327 0.642986 0.184596 0.195134 0.175102
0.213634 0.463902 0.233479 1 0.204722 0.00568616 0.213789 0.247771 0.458106 0.150772 0.207075 1 0.205831 0.249058 0.196876 0.204308 0.203917 0.215056 0.691177 0.466943 0.457031 0.355142 0.211761 0.204742 0.23187
0.186271 0.529267 0.176374 0 0.195115 0.994311 0.186409 0.166194 0.538404 0.851227 0.197386 0 0.196185 0.16709 0.199584 0.194715 0.194338 0.187543 0.301973 0.522048 0.537327 0.642986 0.184596 0.195134 0.175102
0.213634 0.463902 0.233479 1 0.204722 0.00568615 0.213789 0.247771 0.458106 0.150772 0.207075 1 0.205831 0.249058 0.196876 0.204308 0.203917 0.215056 0.691177 0.466943 0.457031 0.355142 0.211761 0.204742 0.23187
0.186271 0.529267 0.176374 0 0.195115 0.994311 0.186409 0.166194 0.538404 0.851227 0.197386 0 0.196185 0.16709 0.199584 0.194715 0.194338 0.187543 0.301973 0.522048 0.537327 0.642985 0.184596 0.195134 0.175102
0.213634 0.463902 0.233479 1 0.204722 0.00568615 0.213789 0.247771 0.458106 0.150772 0.207075 1 0.205831 0.249058 0.196876 0.204308 0.203917 0.215056 0.691177 0.466943 0.457031 0.355142 0.211761 0.204742 0.23187
0.186271 0.529267 0.176374 0 0.195115 0.994311 0.186409 0.166194 0.538404 0.851227 0.197386 0 0.196185 0.16709 0.199584 0.194715 0.194338 0.187543 0.301973 0.522048 0.537327 0.642985 0.184596 0.195134 0.175102
0.213634 0.463902 0.233479 1 0.204722 0.00568615 0.213789 0.247771 0.458106 0.150772 0.207075 1 0.205831 0.249058 0.196876 0.204308 0.203917 0.215056 0.691177 0.466943 0.457031 0.355142 0.211761 0.204742 0.23187
0.186271 0.529267 0.176374 0 0.195115 0.994311 0.186409 0.166194 0.538404 0.851227 0.197386 0 0.196185 0.16709 0.199584 0.194715 0.194338 0.187543 0.301973 0.522048 0.537327 0.642985 0.184596 0.195134 0.175102
0.213634 0.463902 0.233479 1 0.204722 0.00568615 0.213789 0.247771 0.458106 0.150772 0.207075 1 0.205831 0.249058 0.196876 0.204308 0.203917 0.215056 0.691177 0.466943 0.457031 0.355142 0.211761 0.204742 0.23187
0.186271 0.529267 0.176374 0 0.195115 0.994311 0.186409 0.166194 0.538404 0.851227 0.197386 0 0.196185 0.16709 0.199584 0.194715 0.194338 0.187543 0.301973 0.522048 0.537327 0.642985 0.184596 0.195134 0.175102
0.213634 0.463902 0.233479 1 0.204722 0.00568615 0.213789 0.247771 0.458106 0.150772 0.207075 1 0.205831 0.249058 0.196876 0.204308 0.203917 0.215056 0.691177 0.466943 0.457031 0.355142 0.211761 0.204742 0.23187
0.186271 0.529267 0.176374 0 0.195115 0.994311 0.186409 0.166194 0.538404 0.851227 0.197386 0 0.196185 0.16709 0.199584 0.194715 0.194338 0.187543 0.301973 0.522048 0.537327 0.642985 0.184596 0.195134 0.175102
0.213634 0.463902 0.233479 1 0.204722 0.00568614 0.213789 0.247771 0.458106 0.150771 0.207075 1 0.205831 0.249058 0.196876 0.204308 0.203917 0.215056 0.691177 0.466943 0.457031 0.355142 0.211761 0.204742 0.23187
0.186271 0.529267 0.176374 0 0.195115 0.994311 0.186409 0.166194 0.538404 0.851227 0.197386 0 0.196185 0.16709 0.199584 0.194715 0.194338 0.187543 0.301973 0.522048 0.537327 0.642985 0.184596 0.195134 0.175102
0.213634 0.463902 0.233479 1 0.204722 0.00568614 0.213789 0.247771 0.458106 0.150771 0.207075 1 0.205831 0.249058 0.196876 0.204308 0.203917 0.215056 0.691177 0.466943 0.457031 0.355142 0.211761 0.204742 0.23187
0.186271 0.529267 0.176374 0 0.195115 0.994311 0.186409 0.166194 0.538404 0.851227 0.197386 0 0.196185 0.16709 0.199584 0.194715 0.194338 0.187543 0.301973 0.522048 0.537327 0.642985 0.184596 0.195134 0.175102
0.213634 0.463902 0.233479 1 0.204722 0.00568614 0.213789 0.247771 0.458106 0.150771 0.207075 1 0.205831 0.249058 0.196876 0.204308 0.203917 0.215056 0.691177 0.466943 0.457031 0.355142 0.211761 0.204742 0.23187
0.186271 0.529267 0.176374 0 0.195115 0.994311 0.186409 0.166194 0.538404 0.851227 0.197386 0 0.196185 0.16709 0.199584 0.194715 0.194338 0.187543 0.301973 0.522048 0.537327 0.642985 0.184596 0.195134 0.175102
0.213634 0.463902 0.233479 1 0.204722 0.00568614 0.213789 0.247771 0.458106 0.150771 0.207075 1 0.205831 0.249058 0.196876 0.204308 0.203917 0.215056 0.691178 0.466943 0.457031 0.355142 0.211761 0.204742 0.23187
0.186271 0.529267 0.176374 0 0.195115 0.994311 0.186409 0.166194 0.538404 0.851227 0.197386 0 0.196185 0.16709 0.199584 0.194715 0.194338 0.187543 0.301973 0.522048 0.537327 0.642985 0.184596 0.195134 0.175102
0.213634 0.463902 0.233479 1 0.204722 0.00568614 0.213789 0.247771 0.458106 0.150771 0.207075 1 0.205831 0.249058 0.196876 0.204308 0.203917 0.215056 0.691178 0.466943 0.457031 0.355142 0.211761 0.204742 0.23187
0.186271 0.529267 0.176374 0 0.195115 0.994311 0.186409 0.166194 0.538404 0.851227 0.197386 0 0.196185 0.16709 0.199584 0.194715 0.194338 0.187543 0.301973 0.522048 0.537327 0.642985 0.184596 0.195134 0.175102
0.213634 0.463902 0.233479 1 0.204722 0.00568614 0.213789 0.247771 0.458106 0.150771 0.207075 1 0.205831 0.249058 0.196876 0.204308 0.203917 0.215056 0.691178 0.466943 0.457031 0.355142 0.211761 0.204742 0.23187
0.186271 0.529267 0.176374 0 0.195115 0.994311 0.186409 0.166194 0.538404 0.851227 0.197386 0 0.196185 0.16709 0.199584 0.194715 0.194338 0.187543 0.301973 0.522048 0.537327 0.642985 0.184596 0.195134 0.175102
0.213634 0.463902 0.233479 1 0.204722 0.00568614 0.213789 0.247771 0.458106 0.150771 0.207075 1 0.205831 0.249058 0.196876 0.204308 0.203917 0.215056 0.691178 0.466943 0.457031 0.355142 0.211761 0.204742 0.23187
0.186271 0.529267 0.176374 0 0.195115 0.994311 0.186409 0.166194 0.538404 0.851227 0.197386 0 0.196185 0.16709 0.199584 0.194715 0.194338 0.187543 0.301973 0.522048 0.537327 0.642985 0.184596 0.195134 0.175102
0.213634 0.463902 0.233479 1 0.204722 0.00568614 0.213789 0.247771 0.458106 0.150771 0.207075 1 0.205831 0.249058 0.196876 0.204308 0.203917 0.215056 0.691178 0.466943 0.457031 0.355142 0.211761 0.204742 0.23187
0.186271 0.529267 0.176374 0 0.195115 0.994311 0.186409 0.166194 0.538404 0.851227 0.197386 0 0.196185 0.16709 0.199584 0.194715 0.194338 0.187543 0.301973 0.522048 0.537327 0.642985 0.184596 0.195134 0.175102
0.213634 0.463902 0.233479 1 0.204722 0.00568614 0.213789 0.247771 0.458106 0.150771 0.207075 1 0.205831 0.249058 0.196876 0.204308 0.203917 0.215056 0.691178 0.466943 0.457031 0.355142 0.211761 0.204742 0.23187
0.186271 0.529267 0.176374 0 0.195115 0.994311 0.186409 0.166194 0.538404 0.851227 0.197386 0 0.196185 0.16709 0.199584 0.194715 0.194338 0.187543 0.301973 0.522048 0.537327 0.642985 0.184596 0.195134 0.175102
0.213634 0.463902 0.233479 1 0.204722 0.00568614 0.213789 0.247771 0.458106 0.150771 0.207075 1 0.205831 0.249058 0.196876 0.204308 0.203917 0.215056 0.691178 0.466943 0.457031 0.355142 0.211761 0.204742 0.23187
0.186271 0.529267 0.176374 0 0.195115 0.994311 0.186409 0.166194 0.538404 0.851227 0.197386 0 0.196185 0.16709 0.199584 0.194715 0.194338 0.187543 0.301973 0.522048 0.537327 0.642985 0.184596 0.195134 0.175102
0.213634 0.463902 0.233479 1 0.204722 0.00568614 0.213789 0.247771 0.458106 0.150771 0.207075 1 0.205831 0.249058 0.196876 0.204308 0.203917 0.215056 0.691178 0.466943 0.457031 0.355142 0.211761 0.204742 0.23187
0.186271 0.529267 0.176374 0 0.195115 0.994311 0.186409 0.166194 0.538404 0.851227 0.197386 0 0.196185 0.16709 0.199584 0.194715 0.194338 0.187543 0.301973 0.522048 0.537327 0.642985 0.184596 0.195134 0.175102
0.213634 0.463902 0.233479 1 0.204722 0.00568614 0.213789 0.247771 0.458106 0.150771 0.207075 1 0.205831 0.249058 0.196876 0.204308 0.203917 0.215056 0.691178 0.466943 0.457031 0.355142 0.211761 0.204742 0.23187
0.186271 0.529267 0.176374 0 0.195115 0.994311 0.186409 0.166194 0.538404 0.851227 0.197386 0 0.196185 0.16709 0.199584 0.194715 0.194338 0.187543 0.301973 0.522048 0.537327 0.642985 0.184596 0.195134 0.175102
0.213634 0.463902 0.233479 1 0.204722 0.00568614 0.213789 0.247771 0.458106 0.150771 0.207075 1 0.205831 0.249058 0.196876 0.204308 0.203917 0.215056 0.691178 0.466943 0.457031 0.355143 0.211761 0.204742 0.23187
0.186271 0.529267 0.176374 0 0.195115 0.994311 0.186409 0.166194 0.538404 0.851227 0.197386 0 0.196185 0.16709 0.199584 0.194715 0.194338 0.187543 0.301973 0.522048 0.537327 0.642985 0.184596 0.195134 0.175102
0.213634 0.463902 0.233479 1 0.204722 0.00568613 0.213789 0.247771 0.458106 0.150771 0.207075 1 0.205831 0.249058 0.196876 0.204308 0.203917 0.215056 0.691178 0.466943 0.457031 0.355143 0.211761 0.204742 0.23187
0.186271 0.529267 0.176374 0 0.195115 0.994311 0.186409 0.166194 0.538404 0.851227 0.197386 0 0.196185 0.16709 0.199584 0.194715 0.194338 0.187543 0.301973 0.522048 0.537327 0.642985 0.184596 0.195134 0.175102
0.213634 0.463902 0.233479 1 0.204722 0.00568613 0.213789 0.247771 0.458106 0.150771 0.207075 1 0.205831 0.249058 0.196876 0.204308 0.203917 0.215056 0.691178 0.466943 0.457031 0.355143 0.211761 0.204742 0.23187
0.186271 0.529267 0.176374 0 0.195115 0.994311 0.186409 0.166194 0.538404 0.851227 0.197386 0 0.196185 0.16709 0.199584 0.194715 0.194338 0.187543 0.301973 0.522048 0.537327 0.642985 0.184596 0.195134 0.175102
0.213634 0.463902 0.233479 1 0.204722 0.00568613 0.213789 0.247771 0.458106 0.150771 0.207075 1 0.205831 0.249058 0.196876 0.204308 0.203917 0.215056 0.691178 0.466943 0.457031 0.355143 0.211761 0.204742 0.23187
0.186271 0.529267 0.176374 0 0.195115 0.994311 0.186409 0.166194 0.538404 0.851227 0.197386 0 0.196185 0.16709 0.199584 0.194715 0.194338 0.187543 0.301973 0.522048 0.537327 0.642985 0.184596 0.195134 0.175102
0.213634 0.463902 0.233479 1 0.204722 0.00568613 0.213789 0.247771 0.458106 0.150771 0.207075 1 0.205831 0.249058 0.196876 0.204308 0.203917 0.215056 0.691178 0.466943 0.457031 0.355143 0.211761 0.204742 0.23187
0.186271 0.529267 0.176374 0 0.195115 0.994311 0.186409 0.166194 0.538404 0.851227 0.197386 0 0.196185 0.16709 0.199584 0.194715 0.194338 0.187543 0.301973 0.522048 0.537327 0.642985 0.184596 0.195134 0.175102
0.213634 0.463902 0.233479 1 0.204722 0.00568613 0.213789 0.247771 0.458106 0.150771 0.207075 1 0.205831 0.249058 0.196876 0.204308 0.203917 0.215056 0.691178 0.466943 0.457031 0.355143 0.211761 0.204742 0.23187
0.186271 0.529267 0.176374 0 0.195115 0.994311 0.186409 0.166194 0.538404 0.851227 0.197386 0 0.196185 0.16709 0.199584 0.194715 0.194338 0.187543 0.301973 0.522048 0.537327 0.642985 0.184596 0.195134 0.175102
0.213634 0.463902 0.233479 1 0.204722 0.00568613 0.213789 0.247771 0.458106 0.150771 0.207075 1 0.205831 0.249058 0.196876 0.204308 0.203917 0.215056 0.691178 0.466943 0.457031 0.355143 0.211761 0.204742 0.23187
0.186271 0.529267 0.176374 0 0.195115 0.994311 0.186409 0.166194 0.538404 0.851227 0.197386 0 0.196185 0.16709 0.199584 0.194715 0.194338 0.187543 0.301973 0.522048 0.537327 0.642985 0.184596 0.195134 0.175102
0.213634 0.463902 0.233479 1 0.204722 0.00568613 0.213789 0.247771 0.458106 0.150771 0.207075 1 0.205831 0.249058 0.196876 0.204308 0.203917 0.215056 0.691178 0.466943 0.457031 0.355143 0.211761 0.204742 0.23187
0.186271 0.529267 0.176374 0 0.195115 0.994311 0.186409 0.166194 0.538404 0.851227 0.197386 0 0.196185 0.16709 0.199584 0.194715 0.194338 0.187543 0.301973 0.522048 0.537327 0.642985 0.184596 0.195134 0.175102
0.213634 0.463902 0.233479 1 0.204722 0.00568613 0.213789 0.247771 0.458106 0.150771 0.207075 1 0.205831 0.249058 0.196876 0.204308 0.203917 0.215056 0.691178 0.466943 0.457031 0.355143 0.211761 0.204742 0.23187
0.186271 0.529267 0.176374 0 0.195115 0.994311 0.186409 0.166194 0.538404 0.851227 0.197386 0 0.196185 0.16709 0.199584 0.194715 0.194338 0.187543 0.301973 0.522048 0.537327 0.642985 0.184596 0.195134 0.175102
0.213634 0.463902 0.233479 1 0.204722 0.00568613 0.213789 0.247771 0.458106 0.150771 0.207075 1 0.205831 0.249058 0.196876 0.204308 0.203917 0.215056 0.691178 0.466943 0.457031 0.355143 0.211761 0.204742 0.23187
0.186271 0.529267 0.176374 0 0.195115 0.994311 0.186409 0.166194 0.538404 0.851227 0.197386 0 0.196185 0.16709 0.199584 0.194715 0.194338 0.187543 0.301973 0.522048 0.537327 0.642985 0.184596 0.195134 0.175102
0.213634 0.463902 0.233479 1 0.204722 0.00568613 0.213789 0.247771 0.458106 0.150771 0.207075 1 0.205831 0.249058 0.196876 0.204308 0.203917 0.215056 0.691178 0.466943 0.457031 0.355143 0.211761 0.204742 0.23187
0.186271 0.529267 0.176374 0 0.195115 0.994311 0.186409 0.166194 0.538404 0.851227 0.197386 0 0.196185 0.16709 0.199584 0.194715 0.194338 0.187543 0.301973 0.522048 0.537327 0.642985 0.184596 0.195134 0.175102
0.213634 0.463902 0.233479 1 0.204722 0.00568613 0.213789 0.247771 0.458106 0.150771 0.207075 1 0.205831 0.249058 0.196876 0.204308 0.203917 0.215056 0.691178 0.466943 0.457031 0.355143 0.211761 0.204742 0.23187
0.186271 0.529267 0.176374 0 0.195115 0.994311 0.186409 0.166194 0.538404 0.851227 0.197386 0 0.196185 0.16709 0.199584 0.194715 0.194338 0.187543 0.301973 0.522048 0.537327 0.642985 0.184596 0.195134 0.175102
0.213634 0.463902 0.233479 1 0.204722 0.00568613 0.213789 0.247771 0.458106 0.150771 0.207075 1 0.205831 0.249058 0.196876 0.204308 0.203917 0.215056 0.691178 0.466943 0.457031 0.355143 0.211761 0.204742 0.23187
0.186271 0.529267 0.176374 0 0.195115 0.994311 0.186409 0.166194 0.538404 0.851227 0.197386 0 0.196185 0.16709 0.199584 0.194715 0.194338 0.187543 0.301973 0.522048 0.537327 0.642985 0.184596 0.195134 0.175102
0.213634 0.463902 0.233479 1 0.204722 0.00568613 0.213789 0.247771 0.458106 0.150771 0.207075 1 0.205831 0.249058 0.196876 0.204308 0.203917 0.215056 0.691178 0.466943 0.457031 0.355143 0.211761 0.204742 0.23187
0.186271 0.529267 0.176374 0 0.195115 0.994311 0.186409 0.166194 0.538404 0.851227 0.197386 0 0.196185 0.16709 0.199584 0.194715 0.194338 0.187543 0.301973 0.522048 0.537327 0.642985 0.184596 0.195134 0.175102
0.213634 0.463902 0.233479 1 0.204722 0.00568613 0.213789 0.247771 0.458106 0.150771 0.207075 1 0.205831 0.249058 0.196876 0.204308 0.203917 0.215056 0.691178 0.466943 0.457031 0.355143 0.211761 0.204742 0.23187
0.186271 0.529267 0.176374 0 0.195115 0.994311 0.186409 0.166194 0.538404 0.851227 0.197386 0 0.196185 0.16709 0.199584 0.194715 0.194338 0.187543 0.301973 0.522048 0.537327 0.642985 0.184596 0.195134 0.175102
0.213634 0.463902 0.233479 1 0.204722 0.00568613 0.213789 0.247771 0.458106 0.150771 0.207075 1 0.205831 0.249058 0.196876 0.204308 0.203917 0.215056 0.691178 0.466943 0.457031 0.355143 0.211761 0.204742 0.23187
0.186271 0.529267 0.176374 0 0.195115 0.994311 0.186409 0.166194 0.538404 0.851227 0.197386 0 0.196185 0.16709 0.199584 0.194715 0.194338 0.187543 0.301973 0.522048 0.537327 0.642985 0.184596 0.195134 0.175102
0.213634 0.463902 0.233479 1 0.204722 0.00568613 0.213789 0.247771 0.458106 0.150771 0.207075 1 0.205831 0.249058 0.196876 0.204308 0.203917 0.215056 0.691178 0.466943 0.457031 0.355143 0.211761 0.204742 0.23187
0.186271 0.529267 0.176374 0 0.195115 0.994311 0.186409 0.166194 0.538404 0.851227 0.197386 0 0.196185 0.16709 0.199584 0.194715 0.194338 0.187543 0.301973 0.522048 0.537327 0.642985 0.184596 0.195134 0.175102
0.213634 0.463902 0.233479 1 0.204722 0.00568613 0.213789 0.247771 0.458106 0.150771 0.207075 1 0.205831 0.249058 0.196876 0.204308 0.203917 0.215056 0.691178 0.466943 0.457031 0.355143 0.211761 0.204742 0.23187
0.186271 0.529267 0.176374 0 0.195115 0.994311 0.186409 0.166194 0.538404 0.851227 0.197386 0 0.196185 0.16709 0.199584 0.194715 0.194338 0.187543 0.301973 0.522048 0.537327 0.642985 0.184596 0.195134 0.175102
0.213634 0.463902 0.233479 1 0.204722 0.00568613 0.213789 0.247771 0.458106 0.150771 0.207075 1 0.205831 0.249058 0.196876 0.204308 0.203917 0.215056 0.691178 0.466943 0.457031 0.355143 0.211761 0.204742 0.23187
0.186271 0.529267 0.176374 0 0.195115 0.994311 0.186409 0.166194 0.538404 0.851227 0.197386 0 0.196185 0.16709 0.199584 0.194715 0.194338 0.187543 0.301973 0.522048 0.537327 0.642985 0.184596 0.195134 0.175102
0.213634 0.463902 0.233479 1 0.204722 0.00568613 0.213789 0.247771 0.458106 0.150771 0.207075 1 0.205831 0.249058 0.196876 0.204308 0.203917 0.215056 0.691178 0.466943 0.457031 0.355143 0.211761 0.204742 0.23187
0.186271 0.529267 0.176374 0 0.195115 0.994311 0.186409 0.166194 0.538404 0.851227 0.197386 0 0.196185 0.16709 0.199584 0.194715 0.194338 0.187543 0.301973 0.522048 0.537327 0.642985 0.184596 0.195134 0.175102
0.213634 0.463902 0.233479 1 0.204722 0.00568613 0.213789 0.247771 0.458106 0.150771 0.207075 1 0.205831 0.249058 0.196876 0.204308 0.203917 0.215056 0.691178 0.466943 0.457031 0.355143 0.211761 0.204742 0.23187
0.186271 0.529267 0.176374 0 0.195115 0.994311 0.186409 0.166194 0.538404 0.851227 0.197386 0 0.196185 0.16709 0.199584 0.194715 0.194338 0.187543 0.301973 0.522048 0.537327 0.642985 0.184596 0.195134 0.175102
0.213634 0.463902 0.233479 1 0.204722 0.00568613 0.213789 0.247771 0.458106 0.150771 0.207075 1 0.205831 0.249058 0.196876 0.204308 0.203917 0.215056 0.691178 0.466943 0.457031 0.355143 0.211761 0.204742 0.23187
0.186271 0.529267 0.176374 0 0.195115 0.994311 0.186409 0.166194 0.538404 0.851227 0.197386 0 0.196185 0.16709 0.199584 0.194715 0.194338 0.187543 0.301973 0.522048 0.537327 0.642985 0.184596 0.195134 0.175102
0.213634 0.463902 0.233479 1 0.204722 0.00568613 0.213789 0.247771 0.458106 0.150771 0.207075 1 0.205831 0.249058 0.196876 0.204308 0.203917 0.215056 0.691178 0.466943 0.457031 0.355143 0.211761 0.204742 0.23187
0.186271 0.529267 0.176374 0 0.195115 0.994311 0.186409 0.166194 0.538404 0.851227 0.197386 0 0.196185 0.16709 0.199584 0.194715 0.194338 0.187543 0.301973 0.522048 0.537327 0.642985 0.184596 0.195134 0.175102
0.213634 0.463902 0.233479 1 0.204722 0.00568613 0.213789 0.247771 0.458106 0.150771 0.207075 1 0.205831 0.249058 0.196876 0.204308 0.203917 0.215056 0.691178 0.466943 0.457031 0.355143 0.211761 0.204742 0.23187
0.186271 0.529267 0.176374 0 0.195115 0.994311 0.186409 0.166194 0.538404 0.851227 0.197386 0 0.196185 0.16709 0.199584 0.194715 0.194338 0.187543 0.301973 0.522048 0.537327 0.642985 0.184596 0.195134 0.175102
0.213634 0.463902 0.233479 1 0.204722 0.00568613 0.213789 0.247771 0.458106 0.150771 0.207075 1 0.205831 0.249058 0.196876 0.204308 0.203917 0.215056 0.691178 0.466943 0.457031 0.355143 0.211761 0.204742 0.23187
0.186271 0.529267 0.176374 0 0.195115 0.994311 0.186409 0.166194 0.538404 0.851227 0.197386 0 0.196185 0.16709 0.199584 0.194715 0.194338 0.187543 0.301973 0.522048 0.537327 0.642985 0.184596 0.195134 0.175102
0.213634 0.463902 0.233479 1 0.204722 0.00568613 0.213789 0.247771 0.458106 0.150771 0.207075 1 0.205831 0.249058 0.196876 0.204308 0.203917 0.215056 0.691178 0.466943 0.457031 0.355143 0.211761 0.204742 0.23187
0.186271 0.529267 0.176374 0 0.195115 0.994311 0.186409 0.166194 0.538404 0.851227 0.197386 0 0.196185 0.16709 0.199584 0.194715 0.194338 0.187543 0.301973 0.522048 0.537327 0.642985 0.184596 0.195134 0.175102
0.213634 0.463902 0.233479 1 0.204722 0.00568613 0.213789 0.247771 0.458106 0.150771 0.207075 1 0.205831 0.249058 0.196876 0.204308 0.203917 0.215056 0.691178 0.466943 0.457031 0.355143 0.211761 0.204742 0.23187
0.186271 0.529267 0.176374 0 0.195115 0.994311 0.186409 0.166194 0.538404 0.851227 0.197386 0 0.196185 0.16709 0.199584 0.194715 0.194338 0.187543 0.301973 0.522048 0.537327 0.642985 0.184596 0.195134 0.175102
0.213634 0.463902 0.233479 1 0.204722 0.00568613 0.213789 0.247771 0.458106 0.150771 0.207075 1 0.205831 0.249058 0.196876 0.204308 0.203917 0.215056 0.691178 0.466943 0.457031 0.355143 0.211761 0.204742 0.23187
0.186271 0.529267 0.176374 0 0.195115 0.994311 0.186409 0.166194 0.538404 0.851227 0.197386 0 0.196185 0.16709 0.199584 0.194715 0.194338 0.187543 0.301973 0.522048 0.537327 0.642985 0.184596 0.195134 0.175102
0.213634 0.463902 0.233479 1 0.204722 0.00568613 0.213789 0.247771 0.458106 0.150771 0.207075 1 0.205831 0.249058 0.196876 0.204308 0.203917 0.215056 0.691178 0.466943 0.457031 0.355143 0.211761 0.204742 0.23187
0.186271 0.529267 0.176374 0 0.195115 0.994311 0.186409 0.166194 0.538404 0.851227 0.197386 0 0.196185 0.16709 0.199584 0.194715 0.194338 0.187543 0.301973 0.522048 0.537327 0.642985 0.184596 0.195134 0.175102
0.213634 0.463902 0.233479 1 0.204722 0.00568613 0.213789 0.247771 0.458106 0.150771 0.207075 1 0.205831 0.249058 0.196876 0.204308 0.203917 0.215056 0.691178 0.466943 0.457031 0.355143 0.211761 0.204742 0.23187
0.186271 0.529267 0.176374 0 0.195115 0.994311 0.186409 0.166194 0.538404 0.851227 0.197386 0 0.196185 0.16709 0.199584 0.194715 0.194338 0.187543 0.301973 0.522048 0.537327 0.642985 0.184596 0.195134 0.175102
0.213634 0.463902 0.233479 1 0.204722 0.00568613 0.213789 0.247771 0.458106 0.150771 0.207075 1 0.205831 0.249058 0.196876 0.204308 0.203917 0.215056 0.691178 0.466943 0.457031 0.355143 0.211761 0.204742 0.23187
0.186271 0.529267 0.176374 0 0.195115 0.994311 0.186409 0.166194 0.538404 0.851227 0.197386 0 0.196185 0.16709 0.199584 0.194715 0.194338 0.187543 0.301973 0.522048 0.537327 0.642985 0.184596 0.195134 0.175102
0.213634 0.463902 0.233479 1 0.204722 0.00568613 0.213789 0.247771 0.458106 0.150771 0.207075 1 0.205831 0.249058 0.196876 0.204308 0.203917 0.215056 0.691178 0.466943 0.457031 0.355143 0.211761 0.204742 0.23187
0.186271 0.529267 0.176374 0 0.195115 0.994311 0.186409 0.166194 0.538404 0.851227 0.197386 0 0.196185 0.16709 0.199584 0.194715 0.194338 0.187543 0.301973 0.522048 0.537327 0.642985 0.184596 0.195134 0.175102
0.213634 0.463902 0.233479 1 0.204722 0.00568613 0.213789 0.247771 0.458106 0.150771 0.207075 1 0.205831 0.249058 0.196876 0.204308 0.203917 0.215056 0.691178 0.466943 0.457031 0.355143 0.211761 0.204742 0.23187
0.186271 0.529267 0.176374 0 0.195115 0.994311 0.186409 0.166194 0.538404 0.851227 0.197386 0 0.196185 0.16709 0.199584 0.194715 0.194338 0.187543 0.301973 0.522048 0.537327 0.642985 0.184596 0.195134 0.175102
0.213634 0.463902 0.233479 1 0.204722 0.00568613 0.213789 0.247771 0.458106 0.150771 0.207075 1 0.205831 0.249058 0.196876 0.204308 0.203917 0.215056 0.691178 0.466943 0.457031 0.355143 0.211761 0.204742 0.23187
0.186271 0.529267 0.176374 0 0.195115 0.994311 0.186409 0.166194 0.538404 0.851227 0.197386 0 0.196185 0.16709 0.199584 0.194715 0.194338 0.187543 0.301973 0.522048 0.537327 0.642985 0.184596 0.195134 0.175102
0.213634 0.463902 0.233479 1 0.204722 0.00568613 0.213789 0.247771 0.458106 0.150771 0.207075 1 0.205831 0.249058 0.196876 0.204308 0.203917 0.215056 0.691178 0.466943 0.457031 0.355143 0.211761 0.204742 0.23187
0.186271 0.529267 0.176374 0 0.195115 0.994311 0.186409 0.166194 0.538404 0.851227 0.197386 0 0.196185 0.16709 0.199584 0.194715 0.194338 0.187543 0.301973 0.522048 0.537327 0.642985 0.184596 0.195134 0.175102
0.213634 0.463902 0.233479 1 0.204722 0.00568613 0.213789 0.247771 0.458106 0.150771 0.207075 1 0.205831 0.249058 0.196876 0.204308 0.203917 0.215056 0.691178 0.466943 0.457031 0.355143 0.211761 0.204742 0.23187
0.186271 0.529267 0.176374 0 0.195115 0.994311 0.186409 0.166194 0.538404 0.851227 0.197386 0 0.196185 0.16709 0.199584 0.194715 0.194338 0.187543 0.301973 0.522048 0.537327 0.642985 0.184596 0.195134 0.175102
0.213634 0.463902 0.233479 1 0.204722 0.00568613 0.213789 0.247771 0.458106 0.150771 0.207075 1 0.205831 0.249058 0.196876 0.204308 0.203917 0.215056 0.691178 0.466943 0.457031 0.355143 0.211761 0.204742 0.23187
0.186271 0.529267 0.176374 0 0.195115 0.994311 0.186409 0.166194 0.538404 0.851227 0.197386 0 0.196185 0.16709 0.199584 0.194715 0.194338 0.187543 0.301973 0.522048 0.537327 0.642985 0.184596 0.195134 0.175102
0.213634 0.463902 0.233479 1 0.204722 0.00568613 0.213789 0.247771 0.458106 0.150771 0.207075 1 0.205831 0.249058 0.196876 0.204308 0.203917 0.215056 0.691178 0.466943 0.457031 0.355143 0.211761 0.204742 0.23187
0.186271 0.529267 0.176374 0 0.195115 0.994311 0.186409 0.166194 0.538404 0.851227 0.197386 0 0.196185 0.16709 0.199584 0.194715 0.194338 0.187543 0.301973 0.522048 0.537327 0.642985 0.184596 0.195134 0.175102
0.213634 0.463902 0.233479 1 0.204722 0.00568613 0.213789 0.247771 0.458106 0.150771 0.207075 1 0.205831 0.249058 0.196876 0.204308 0.203917 0.215056 0.691178 0.466943 0.457031 0.355143 0.211761 0.204742 0.23187
0.186271 0.529267 0.176374 0 0.195115 0.994311 0.186409 0.166194 0.538404 0.851227 0.197386 0 0.196185 0.16709 0.199584 0.194715 0.194338 0.187543 0.301973 0.522048 0.537327 0.642985 0.184596 0.195134 0.175102
0.213634 0.463902 0.233479 1 0.204722 0.00568613 0.213789 0.247771 0.458106 0.150771 0.207075 1 0.205831 0.249058 0.196876 0.204308 0.203917 0.215056 0.691178 0.466943 0.457031 0.355143 0.211761 0.204742 0.23187
0.186271 0.529267 0.176374 0 0.195115 0.994311 0.186409 0.166194 0.538404 0.851227 0.197386 0 0.196185 0.16709 0.199584 0.194715 0.194338 0.187543 0.301973 0.522048 0.537327 0.642985 0.184596 0.195134 0.175102
0.213634 0.463902 0.233479 1 0.204722 0.00568613 0.213789 0.247771 0.458106 0.150771 0.207075 1 0.205831 0.249058 0.196876 0.204308 0.203917 0.215056 0.691178 0.466943 0.457031 0.355143 0.211761 0.204742 0.23187
0.186271 0.529267 0.176374 0 0.195115 0.994311 0.186409 0.166194 0.538404 0.851227 0.197386 0 0.196185 0.16709 0.199584 0.194715 0.194338 0.187543 0.301973 0.522048 0.537327 0.642985 0.184596 0.195134 0.175102
0.213634 0.463902 0.233479 1 0.204722 0.00568613 0.213789 0.247771 0.458106 0.150771 0.207075 1 0.205831 0.249058 0.196876 0.204308 0.203917 0.215056 0.691178 0.466943 0.457031 0.355143 0.211761 0.204742 0.23187
0.186271 0.529267 0.176374 0 0.195115 0.994311 0.186409 0.166194 0.538404 0.851227 0.197386 0 0.196185 0.16709 0.199584 0.194715 0.194338 0.187543 0.301973 0.522048 0.537327 0.642985 0.184596 0.195134 0.175102
0.213634 0.463902 0.233479 1 0.204722 0.00568613 0.213789 0.247771 0.458106 0.150771 0.207075 1 0.205831 0.249058 0.196876 0.204308 0.203917 0.215056 0.691178 0.466943 0.457031 0.355143 0.211761 0.204742 0.23187
0.186271 0.529267 0.176374 0 0.195115 0.994311 0.186409 0.166194 0.538404 0.851227 0.197386 0 0.196185 0.16709 0.199584 0.194715 0.194338 0.187543 0.301973 0.522048 0.537327 0.642985 0.184596 0.195134 0.175102
0.213634 0.463902 0.233479 1 0.204722 0.00568613 0.213789 0.247771 0.458106 0.150771 0.207075 1 0.205831 0.249058 0.196876 0.204308 0.203917 0.215056 0.691178 0.466943 0.457031 0.355143 0.211761 0.204742 0.23187
0.186271 0.529267 0.176374 0 0.195115 0.994311 0.186409 0.166194 0.538404 0.851227 0.197386 0 0.196185 0.16709 0.199584 0.194715 0.194338 0.187543 0.301973 0.522048 0.537327 0.642985 0.184596 0.195134 0.175102
0.213634 0.463902 0.233479 1 0.204722 0.00568613 0.213789 0.247771 0.458106 0.150771 0.207075 1 0.205831 0.249058 0.196876 0.204308 0.203917 0.215056 0.691178 0.466943 0.457031 0.355143 0.211761 0.204742 0.23187
0.186271 0.529267 0.176374 0 0.195115 0.994311 0.186409 0.166194 0.538404 0.851227 0.197386 0 0.196185 0.16709 0.199584 0.194715 0.194338 0.187543 0.301973 0.522048 0.537327 0.642985 0.184596 0.195134 0.175102
0.213634 0.463902 0.233479 1 0.204722 0.00568613 0.213789 0.247771 0.458106 0.150771 0.207075 1 0.205831 0.249058 0.196876 0.204308 0.203917 0.215056 0.691178 0.466943 0.457031 0.355143 0.211761 0.204742 0.23187
0.186271 0.529267 0.176374 0 0.195115 0.994311 0.186409 0.166194 0.538404 0.851227 0.197386 0 0.196185 0.16709 0.199584 0.194715 0.194338 0.187543 0.301973 0.522048 0.537327 0.642985 0.184596 0.195134 0.175102
0.213634 0.463902 0.233479 1 0.204722 0.00568613 0.213789 0.247771 0.458106 0.150771 0.207075 1 0.205831 0.249058 0.196876 0.204308 0.203917 0.215056 0.691178 0.466943 0.457031 0.355143 0.211761 0.204742 0.23187
0.186271 0.529267 0.176374 0 0.195115 0.994311 0.186409 0.166194 0.538404 0.851227 0.197386 0 0.196185 0.16709 0.199584 0.194715 0.194338 0.187543 0.301973 0.522048 0.537327 0.642985 0.184596 0.195134 0.175102
0.213634 0.463902 0.233479 1 0.204722 0.00568613 0.213789 0.247771 0.458106 0.150771 0.207075 1 0.205831 0.249058 0.196876 0.204308 0.203917 0.215056 0.691178 0.466943 0.457031 0.355143 0.211761 0.204742 0.23187
0.186271 0.529267 0.176374 0 0.195115 0.994311 0.186409 0.166194 0.538404 0.851227 0.197386 0 0.196185 0.16709 0.199584 0.194715 0.194338 0.187543 0.301973 0.522048 0.537327 0.642985 0.184596 0.195134 0.175102
0.213634 0.463902 0.233479 1 0.204722 0.00568613 0.213789 0.247771 0.458106 0.150771 0.207075 1 0.205831 0.249058 0.196876 0.204308 0.203917 0.215056 0.691178 0.466943 0.457031 0.355143 0.211761 0.204742 0.23187
0.186271 0.529267 0.176374 0 0.195115 0.994311 0.186409 0.166194 0.538404 0.851227 0.197386 0 0.196185 0.16709 0.199584 0.194715 0.194338 0.187543 0.301973 0.522048 0.537327 0.642985 0.184596 0.195134 0.175102
0.213634 0.463902 0.233479 1 0.204722 0.00568613 0.213789 0.247771 0.458106 0.150771 0.207075 1 0.205831 0.249058 0.196876 0.204308 0.203917 0.215056 0.691178 0.466943 0.457031 0.355143 0.211761 0.204742 0.23187
0.186271 0.529267 0.176374 0 0.195115 0.994311 0.186409 0.166194 0.538404 0.851227 0.197386 0 0.196185 0.16709 0.199584 0.194715 0.194338 0.187543 0.301973 0.522048 0.537327 0.642985 0.184596 0.195134 0.175102
0.213634 0.463902 0.233479 1 0.204722 0.00568613 0.213789 0.247771 0.458106 0.150771 0.207075 1 0.205831 0.249058 0.196876 0.204308 0.203917 0.215056 0.691178 0.466943 0.457031 0.355143 0.211761 0.204742 0.23187
0.186271 0.529267 0.176374 0 0.195115 0.994311 0.186409 0.166194 0.538404 0.851227 0.197386 0 0.196185 0.16709 0.199584 0.194715 0.194338 0.187543 0.301973 0.522048 0.537327 0.642985 0.184596 0.195134 0.175102
0.213634 0.463902 0.233479 1 0.204722 0.00568613 0.213789 0.247771 0.458106 0.150771 0.207075 1 0.205831 0.249058 0.196876 0.204308 0.203917 0.215056 0.691178 0.466943 0.457031 0.355143 0.211761 0.204742 0.23187
0.186271 0.529267 0.176374 0 0.195115 0.994311 0.186409 0.166194 0.538404 0.851227 0.197386 0 0.196185 0.16709 0.199584 0.194715 0.194338 0.187543 0.301973 0.522048 0.537327 0.642985 0.184596 0.195134 0.175102
0.213634 0.463902 0.233479 1 0.204722 0.00568613 0.213789 0.247771 0.458106 0.150771 0.207075 1 0.205831 0.249058 0.196876 0.204308 0.203917 0.215056 0.691178 0.466943 0.457031 0.355143 0.211761 0.204742 0.23187
0.186271 0.529267 0.176374 0 0.195115 0.994311 0.186409 0.166194 0.538404 0.851227 0.197386 0 0.196185 0.16709 0.199584 0.194715 0.194338 0.187543 0.301973 0.522048 0.537327 0.642985 0.184596 0.195134 0.175102
0.213634 0.463902 0.233479 1 0.204722 0.00568613 0.213789 0.247771 0.458106 0.150771 0.207075 1 0.205831 0.249058 0.196876 0.204308 0.203917 0.215056 0.691178 0.466943 0.457031 0.355143 0.211761 0.204742 0.23187
