0.281412 0.292636 0.300438 0.228435 0.165402 0.230042 0.281569 0.250736 0.294242 0.472821 0.166851 0.229712 0.166085 0.251968 0.154311 0.165147 0.164906 0.28286 0.381086 0.290998 0.292961 0.438701 0.279502 0.165414 0.298781
0.344602 0.353309 0.368892 0.674632 0.22277 0.674393 0.344799 0.31709 0.386991 0.501139 0.225078 0.674442 0.223858 0.318486 0.268106 0.222363 0.221979 0.346418 0.414567 0.351273 0.353712 0.517338 0.342204 0.222789 0.366923
0.251326 0.303248 0.255002 0.305163 0.179269 0.307363 0.25149 0.233819 0.323689 0.630466 0.181355 0.306911 0.180252 0.234927 0.194465 0.178902 0.178555 0.252837 0.333343 0.301364 0.303622 0.600339 0.249333 0.179286 0.25342
0.306154 0.331064 0.324176 0.668858 0.217329 0.668246 0.306343 0.284325 0.361287 0.398668 0.219769 0.668372 0.218479 0.285654 0.254983 0.216899 0.216493 0.3079 0.40184 0.329068 0.33146 0.419565 0.303849 0.217348 0.322285
0.241225 0.319692 0.242207 0.315593 0.191348 0.318252 0.241387 0.224784 0.344392 0.708261 0.193584 0.317705 0.192402 0.225882 0.199759 0.190955 0.190583 0.242712 0.346094 0.317742 0.320079 0.677222 0.239266 0.191366 0.240658
0.292353 0.332096 0.310887 0.681491 0.215237 0.680404 0.292539 0.269413 0.359383 0.329151 0.217676 0.680627 0.216386 0.270707 0.25477 0.214807 0.214401 0.294062 0.405963 0.330103 0.332492 0.353314 0.290099 0.215257 0.309027
0.232952 0.334885 0.232457 0.300077 0.195103 0.303205 0.23311 0.216482 0.360096 0.75904 0.197376 0.302562 0.196174 0.217562 0.200336 0.194703 0.194325 0.23441 0.358681 0.332889 0.335281 0.727079 0.231031 0.195121 0.230945
0.287497 0.339703 0.307133 0.705874 0.214697 0.704232 0.287681 0.262711 0.364709 0.274098 0.217134 0.70457 0.215845 0.263993 0.258287 0.214268 0.213863 0.289194 0.417291 0.337694 0.340102 0.300512 0.285258 0.214717 0.305277
0.224721 0.348226 0.222947 0.273006 0.195505 0.276616 0.224876 0.208356 0.372715 0.799928 0.197781 0.275873 0.196577 0.209411 0.198294 0.195104 0.194725 0.226145 0.367809 0.346195 0.348628 0.767909 0.222845 0.195523 0.221476
0.28647 0.349086 0.307058 0.736504 0.215149 0.73427 0.286655 0.259952 0.372227 0.225743 0.21759 0.73473 0.216299 0.261233 0.262805 0.21472 0.214313 0.288169 0.430524 0.347056 0.349489 0.25322 0.284229 0.215169 0.305194
0.216524 0.359913 0.213537 0.240914 0.194535 0.24498 0.216674 0.200713 0.383271 0.836003 0.196804 0.244141 0.195604 0.201741 0.194727 0.194136 0.193759 0.217911 0.37412 0.357856 0.360321 0.80513 0.214696 0.194554 0.212111
0.287326 0.358673 0.308606 0.769766 0.216147 0.76696 0.287512 0.259346 0.380227 0.182404 0.218595 0.76754 0.2173 0.260633 0.26739 0.215716 0.215308 0.289033 0.443713 0.356623 0.359079 0.209492 0.285075 0.216167 0.306728
0.208604 0.370132 0.204563 0.207516 0.192965 0.211953 0.20875 0.193775 0.392243 0.867965 0.195219 0.211035 0.194027 0.194777 0.190397 0.192568 0.192193 0.209954 0.378377 0.368054 0.370544 0.839452 0.206825 0.192983 0.203182
0.289136 0.367896 0.31086 0.803007 0.217416 0.799717 0.289323 0.259989 0.388078 0.144661 0.219874 0.800399 0.218574 0.261286 0.271651 0.216983 0.216574 0.290854 0.456111 0.365827 0.368306 0.16995 0.28687 0.217436 0.308967
0.20121 0.378961 0.196349 0.175343 0.191136 0.180015 0.201353 0.187654 0.399823 0.895293 0.193375 0.179045 0.192191 0.18863 0.185851 0.190742 0.19037 0.202525 0.381155 0.376867 0.379376 0.870031 0.199479 0.191154 0.19501
0.291337 0.376494 0.313308 0.834229 0.218784 0.830603 0.291525 0.26132 0.395495 0.113311 0.221254 0.831356 0.219948 0.262628 0.275397 0.21835 0.217939 0.293067 0.467366 0.374408 0.376907 0.135803 0.289054 0.218805 0.311399
0.194546 0.386446 0.189105 0.146097 0.189244 0.150839 0.194685 0.182389 0.406113 0.917596 0.191466 0.149852 0.190291 0.183343 0.18147 0.188853 0.188484 0.195828 0.382886 0.384339 0.386864 0.895962 0.192859 0.189262 0.187804
0.293558 0.384299 0.315645 0.862123 0.220137 0.85833 0.293747 0.26296 0.402303 0.0884763 0.222617 0.859121 0.221306 0.264279 0.278548 0.219701 0.219288 0.2953 0.477293 0.3822 0.384715 0.107765 0.29126 0.220158 0.313721
0.188737 0.392667 0.182912 0.120684 0.18742 0.125337 0.188873 0.177965 0.411229 0.935044 0.189626 0.124364 0.188459 0.178899 0.177486 0.187032 0.186665 0.189989 0.383891 0.39055 0.393086 0.916924 0.187089 0.187438 0.181646
0.295584 0.391207 0.317714 0.88608 0.221398 0.882286 0.295775 0.264661 0.408384 0.0695368 0.223887 0.883081 0.222571 0.26599 0.281106 0.220959 0.220545 0.297337 0.485828 0.389095 0.391625 0.0857256 0.293272 0.221418 0.315778
0.183817 0.397746 0.177748 0.099321 0.18575 0.103754 0.18395 0.174321 0.415319 0.948268 0.18794 0.102823 0.186782 0.17524 0.174009 0.185364 0.185 0.185043 0.384412 0.395622 0.398167 0.93323 0.182203 0.185768 0.17651
0.297324 0.397175 0.319467 0.906081 0.222523 0.902418 0.297515 0.26628 0.413679 0.055453 0.225021 0.903188 0.223701 0.267619 0.283126 0.222083 0.221668 0.299086 0.493007 0.395054 0.397596 0.0689441 0.294999 0.222544 0.31752
0.179742 0.401836 0.173516 0.0817544 0.184277 0.0858798 0.179873 0.171368 0.418545 0.9581 0.186455 0.08501 0.185303 0.172274 0.171059 0.183894 0.183532 0.180947 0.384615 0.399706 0.402258 0.945592 0.178156 0.184295 0.172302
0.29877 0.402225 0.320918 0.922477 0.223498 0.919035 0.298962 0.267748 0.418189 0.0451139 0.226004 0.919761 0.224679 0.269094 0.284695 0.223057 0.22264 0.300539 0.498944 0.400096 0.402647 0.0564064 0.296435 0.223519 0.318962
0.17642 0.405091 0.17009 0.0674916 0.183015 0.0712614 0.176549 0.169002 0.421066 0.965351 0.18518 0.0704635 0.184035 0.169896 0.1686 0.182633 0.182273 0.177607 0.384616 0.402957 0.405514 0.954835 0.174857 0.183032 0.168895
0.299955 0.406424 0.32211 0.935786 0.224327 0.932617 0.300148 0.269043 0.421959 0.0375458 0.226839 0.933288 0.225511 0.270396 0.285906 0.223885 0.223467 0.301731 0.503791 0.404289 0.406847 0.0471138 0.297612 0.224347 0.320147
0.173737 0.407656 0.167334 0.0559747 0.181951 0.059373 0.173864 0.167117 0.423017 0.970698 0.184107 0.0586512 0.182967 0.168002 0.166574 0.181571 0.181213 0.17491 0.384487 0.405519 0.408079 0.961718 0.172194 0.181968 0.166155
0.30093 0.409868 0.323095 0.946551 0.225024 0.943677 0.301123 0.27017 0.425067 0.0319836 0.227541 0.944288 0.22621 0.271529 0.286843 0.224581 0.224161 0.302711 0.507714 0.407728 0.410292 0.0402248 0.29858 0.225044 0.321126
0.171582 0.409655 0.165126 0.0466794 0.181064 0.0497127 0.171708 0.16562 0.424511 0.974665 0.183212 0.0490663 0.182076 0.166498 0.164914 0.180686 0.180329 0.172743 0.384275 0.407516 0.410079 0.966856 0.170054 0.181082 0.16396
0.30174 0.412661 0.323921 0.955264 0.225607 0.952687 0.301934 0.271144 0.427598 0.0278609 0.228129 0.953237 0.226796 0.272508 0.287577 0.225163 0.224743 0.303525 0.510871 0.410517 0.413086 0.0350888 0.299385 0.225628 0.321947
0.169855 0.411195 0.163357 0.039156 0.180329 0.0418447 0.16998 0.164431 0.425639 0.977634 0.18247 0.0412701 0.181338 0.165304 0.163558 0.179952 0.179596 0.171007 0.38401 0.409054 0.411619 0.970718 0.168339 0.180346 0.162202
0.302424 0.414905 0.324624 0.962342 0.226096 0.960048 0.302619 0.271986 0.429642 0.0247722 0.228621 0.960539 0.227286 0.273353 0.288162 0.225651 0.225231 0.304213 0.513403 0.412758 0.415331 0.0312259 0.300064 0.226117 0.322646
0.168471 0.412364 0.161942 0.0330379 0.179721 0.0354095 0.168596 0.163485 0.426476 0.97988 0.181856 0.0349013 0.180727 0.164353 0.162451 0.179345 0.17899 0.169616 0.383711 0.410222 0.412788 0.973648 0.166966 0.179738 0.160794
0.303013 0.416693 0.325235 0.96812 0.226507 0.96609 0.303208 0.272713 0.431279 0.0224309 0.229035 0.966525 0.227699 0.274084 0.28864 0.226062 0.225641 0.304805 0.515428 0.414543 0.417119 0.0282903 0.300649 0.226528 0.323253
0.167363 0.413234 0.160807 0.0280337 0.179217 0.0301187 0.167486 0.162729 0.427081 0.9816 0.181348 0.029671 0.18022 0.163593 0.161548 0.178842 0.178487 0.168501 0.383394 0.411091 0.413659 0.975894 0.165865 0.179234 0.159666
0.303528 0.418104 0.325774 0.972864 0.226854 0.971074 0.303723 0.273343 0.43258 0.0206353 0.229385 0.971459 0.228047 0.274717 0.289039 0.226409 0.225987 0.305322 0.517045 0.415953 0.418531 0.0260351 0.301161 0.226875 0.32379
0.166474 0.413865 0.159896 0.023915 0.178798 0.0257444 0.166596 0.162123 0.427503 0.98293 0.180925 0.0253508 0.1798 0.162984 0.160811 0.178424 0.17807 0.167607 0.383068 0.411722 0.41429 0.977634 0.164982 0.178815 0.158761
0.303985 0.41921 0.326257 0.976783 0.227149 0.975209 0.30418 0.27389 0.433607 0.0192423 0.229683 0.975548 0.228343 0.275267 0.28938 0.226703 0.226282 0.305781 0.518334 0.417058 0.419637 0.024284 0.301615 0.22717 0.32427
0.16576 0.414307 0.159165 0.020504 0.17845 0.0221071 0.165882 0.161634 0.427779 0.983972 0.180574 0.0217616 0.17945 0.162493 0.160208 0.178076 0.177723 0.166889 0.38274 0.412163 0.414732 0.978996 0.164274 0.178467 0.158033
0.304396 0.420067 0.326694 0.980041 0.227402 0.978659 0.304591 0.274368 0.43441 0.0181502 0.229937 0.978957 0.228597 0.275746 0.289678 0.226955 0.226533 0.306194 0.519361 0.417914 0.420494 0.0229103 0.302023 0.227422 0.324705
0.165186 0.414599 0.158576 0.0176616 0.178159 0.0190657 0.165308 0.161239 0.427941 0.984795 0.18028 0.0187627 0.179158 0.162096 0.159715 0.177785 0.177432 0.166312 0.382416 0.412454 0.415024 0.980072 0.163704 0.178176 0.157449
0.304768 0.420724 0.327094 0.982766 0.227619 0.981553 0.304964 0.274786 0.435033 0.0172854 0.230156 0.981815 0.228814 0.276166 0.289943 0.227172 0.22675 0.306568 0.520177 0.418569 0.421151 0.0218223 0.302394 0.22764 0.325103
0.164725 0.414773 0.158103 0.0152793 0.177914 0.016509 0.164847 0.160918 0.428016 0.985451 0.180033 0.0162434 0.178913 0.161774 0.159311 0.177541 0.177189 0.165848 0.3821 0.412628 0.415198 0.980931 0.163246 0.177932 0.156978
0.305108 0.421219 0.327461 0.985056 0.227807 0.983993 0.305304 0.275153 0.43551 0.0165943 0.230345 0.984222 0.229003 0.276534 0.290182 0.22736 0.226937 0.306909 0.520825 0.419064 0.421646 0.0209527 0.302732 0.227827 0.325468
0.164354 0.414855 0.157723 0.0132717 0.177709 0.014349 0.164476 0.160657 0.428022 0.98598 0.179826 0.014116 0.178706 0.16151 0.15898 0.177336 0.176984 0.165475 0.381794 0.412711 0.41528 0.981622 0.162879 0.177726 0.1566
0.30542 0.421586 0.327799 0.986992 0.22797 0.986059 0.305616 0.275476 0.435871 0.0160373 0.230509 0.986261 0.229167 0.276859 0.290399 0.227523 0.2271 0.307223 0.521336 0.41943 0.422013 0.020252 0.303042 0.227991 0.325805
0.164056 0.414868 0.157416 0.011571 0.177535 0.0125154 0.164178 0.160442 0.427978 0.986409 0.17965 0.012311 0.178531 0.161295 0.158709 0.177162 0.176811 0.165176 0.381501 0.412723 0.415293 0.982182 0.162583 0.177552 0.156296
0.305707 0.42185 0.328112 0.988636 0.228113 0.987818 0.305903 0.275761 0.436138 0.0155848 0.230653 0.987995 0.22931 0.277145 0.290599 0.227665 0.227242 0.30751 0.52174 0.419694 0.422277 0.0196829 0.303327 0.228133 0.326116
0.163817 0.414828 0.15717 0.0101235 0.177387 0.010952 0.163938 0.160265 0.427896 0.986761 0.179502 0.0107726 0.178383 0.161117 0.158487 0.177015 0.176664 0.164935 0.381222 0.412683 0.415253 0.982641 0.162345 0.177404 0.156051
0.305971 0.422033 0.328401 0.99004 0.228238 0.989321 0.306167 0.276013 0.436331 0.0152146 0.230779 0.989477 0.229435 0.277398 0.290783 0.22779 0.227367 0.307776 0.522056 0.419877 0.42246 0.0192173 0.30359 0.228258 0.326405
0.163625 0.414748 0.156973 0.00888596 0.177262 0.00961356 0.163746 0.16012 0.427786 0.98705 0.179375 0.00945597 0.178257 0.160971 0.158305 0.17689 0.176539 0.164742 0.380958 0.412604 0.415173 0.983018 0.162155 0.177279 0.155855
0.306215 0.422152 0.328669 0.991242 0.228348 0.990611 0.306411 0.276237 0.436465 0.0149097 0.23089 0.990748 0.229546 0.277622 0.290953 0.2279 0.227477 0.30802 0.522302 0.419995 0.422579 0.018834 0.303832 0.228369 0.326671
0.163472 0.41464 0.156814 0.00782361 0.177155 0.00846328 0.163593 0.159999 0.427658 0.98729 0.179267 0.00832469 0.17815 0.16085 0.158156 0.176783 0.176432 0.164588 0.38071 0.412496 0.415065 0.983331 0.162003 0.177172 0.155698
0.30644 0.422221 0.328917 0.992277 0.228445 0.991722 0.306636 0.276435 0.436553 0.0146569 0.230988 0.991842 0.229643 0.277822 0.29111 0.227997 0.227574 0.308246 0.522492 0.420064 0.422648 0.0185162 0.304056 0.228466 0.326918
0.163349 0.414513 0.156688 0.00690812 0.177063 0.00747117 0.16347 0.159899 0.427518 0.98749 0.179174 0.00734914 0.178057 0.160749 0.158033 0.176691 0.17634 0.164464 0.380476 0.412369 0.414938 0.983591 0.161881 0.17708 0.155572
0.306647 0.422251 0.329146 0.99317 0.228531 0.992681 0.306843 0.276612 0.436605 0.0144461 0.231075 0.992787 0.22973 0.278 0.291256 0.228083 0.22766 0.308454 0.522637 0.420095 0.422679 0.0182514 0.304263 0.228552 0.327147
0.163252 0.414372 0.156587 0.00611636 0.176984 0.0066126 0.163373 0.159816 0.42737 0.987658 0.179094 0.00650504 0.177978 0.160665 0.157933 0.176612 0.176261 0.164366 0.380259 0.412229 0.414797 0.98381 0.161785 0.177001 0.155472
0.306838 0.422253 0.329358 0.993944 0.228608 0.993513 0.307035 0.27677 0.436629 0.0142693 0.231152 0.993607 0.229807 0.278158 0.291391 0.22816 0.227736 0.308646 0.522747 0.420096 0.42268 0.0180294 0.304453 0.228628 0.327358
0.163174 0.414225 0.156507 0.00542933 0.176916 0.00586726 0.163295 0.159746 0.42722 0.9878 0.179026 0.00577232 0.17791 0.160595 0.15785 0.176544 0.176194 0.164289 0.380056 0.412081 0.41465 0.983994 0.161708 0.176933 0.155392
0.307015 0.422232 0.329553 0.994617 0.228676 0.994237 0.307211 0.276911 0.436631 0.0141203 0.23122 0.994319 0.229875 0.278299 0.291516 0.228227 0.227804 0.308823 0.522828 0.420075 0.422659 0.0178423 0.304628 0.228696 0.327552
0.163114 0.414074 0.156444 0.00483129 0.176857 0.0052183 0.163234 0.159688 0.42707 0.98792 0.178966 0.0051344 0.177851 0.160536 0.157783 0.176486 0.176135 0.164227 0.379867 0.411931 0.414499 0.984151 0.161648 0.176874 0.155329
0.307177 0.422194 0.329733 0.995204 0.228736 0.994868 0.307373 0.277037 0.436617 0.0139941 0.231281 0.994941 0.229936 0.278426 0.291632 0.228288 0.227864 0.308986 0.522887 0.420038 0.422622 0.0176838 0.30479 0.228757 0.327732
0.163066 0.413923 0.156394 0.0043092 0.176806 0.00465167 0.163187 0.159639 0.426922 0.988022 0.178915 0.00457744 0.177799 0.160487 0.157728 0.176435 0.176084 0.164179 0.379692 0.41178 0.414348 0.984284 0.1616 0.176823 0.15528
0.307326 0.422145 0.329899 0.995717 0.22879 0.99542 0.307523 0.27715 0.436592 0.0138868 0.231336 0.995484 0.22999 0.278539 0.291739 0.228342 0.227918 0.309136 0.522928 0.419989 0.422573 0.017549 0.304938 0.228811 0.327898
0.163029 0.413774 0.156356 0.00385214 0.176762 0.00415564 0.16315 0.159598 0.426779 0.98811 0.17887 0.00408985 0.177755 0.160446 0.157683 0.176391 0.17604 0.164142 0.37953 0.411631 0.414199 0.984398 0.161564 0.176779 0.155242
0.307463 0.422089 0.330052 0.996167 0.228839 0.995903 0.30766 0.277251 0.436558 0.013795 0.231385 0.995961 0.230039 0.27864 0.291838 0.22839 0.227966 0.309273 0.522955 0.419932 0.422516 0.0174338 0.305075 0.228859 0.32805
0.163 0.413629 0.156326 0.00345096 0.176723 0.00372031 0.163121 0.159563 0.42664 0.988186 0.178831 0.00366193 0.177716 0.160411 0.157646 0.176352 0.176002 0.164114 0.379381 0.411487 0.414054 0.984496 0.161535 0.17674 0.155212
0.307589 0.422027 0.330193 0.996562 0.228882 0.996329 0.307786 0.277342 0.436518 0.0137163 0.231428 0.996379 0.230082 0.278731 0.291929 0.228434 0.22801 0.3094 0.522971 0.41987 0.422454 0.017335 0.3052 0.228903 0.32819
0.162979 0.41349 0.156303 0.00309795 0.176689 0.00333734 0.1631 0.159534 0.426509 0.988251 0.178797 0.00328546 0.177682 0.160381 0.157616 0.176318 0.175968 0.164092 0.379243 0.411348 0.413915 0.98458 0.161514 0.176707 0.15519
0.307705 0.421962 0.330322 0.99691 0.228921 0.996703 0.307902 0.277423 0.436474 0.0136485 0.231468 0.996748 0.230121 0.278813 0.292013 0.228472 0.228049 0.309516 0.522979 0.419805 0.422389 0.0172499 0.305316 0.228942 0.328318
0.162963 0.413357 0.156286 0.0027866 0.17666 0.00299966 0.163084 0.159509 0.426383 0.988307 0.178767 0.0029535 0.177653 0.160356 0.157592 0.176289 0.175939 0.164076 0.379117 0.411215 0.413782 0.984654 0.161498 0.176677 0.155173
0.307811 0.421896 0.33044 0.997218 0.228956 0.997034 0.308008 0.277496 0.436428 0.0135899 0.231503 0.997074 0.230156 0.278887 0.29209 0.228507 0.228083 0.309622 0.52298 0.419739 0.422323 0.0171763 0.305421 0.228977 0.328436
0.162951 0.413231 0.156273 0.00251137 0.176634 0.00270128 0.163072 0.159488 0.426265 0.988356 0.178741 0.00266014 0.177627 0.160335 0.157572 0.176263 0.175913 0.164064 0.379 0.411089 0.413656 0.984717 0.161487 0.176651 0.15516
0.307908 0.42183 0.330549 0.99749 0.228987 0.997326 0.308105 0.277562 0.436381 0.013539 0.231534 0.997362 0.230188 0.278953 0.292161 0.228539 0.228115 0.30972 0.522976 0.419673 0.422257 0.0171124 0.305518 0.229008 0.328545
0.162943 0.413112 0.156264 0.00226755 0.176611 0.00243706 0.163064 0.15947 0.426154 0.988399 0.178718 0.00240035 0.177604 0.160317 0.157556 0.17624 0.17589 0.164056 0.378893 0.41097 0.413536 0.984773 0.161478 0.176628 0.155151
0.307997 0.421765 0.330648 0.997732 0.229016 0.997585 0.308194 0.277622 0.436334 0.0134947 0.231563 0.997617 0.230216 0.279013 0.292227 0.228567 0.228143 0.309809 0.522969 0.419609 0.422192 0.0170568 0.305607 0.229036 0.328644
0.162937 0.413 0.156258 0.0020511 0.176591 0.00220262 0.163058 0.159454 0.42605 0.988437 0.178698 0.00216982 0.177584 0.160301 0.157543 0.17622 0.17587 0.16405 0.378795 0.410858 0.413424 0.984821 0.161473 0.176608 0.155145
0.308079 0.421702 0.330739 0.997946 0.229041 0.997815 0.308275 0.277676 0.436288 0.0134561 0.231589 0.997844 0.230242 0.279067 0.292287 0.228592 0.228168 0.309891 0.522959 0.419546 0.42213 0.0170083 0.305688 0.229062 0.328735
0.162934 0.412895 0.156254 0.00185857 0.176573 0.00199421 0.163055 0.159441 0.425954 0.98847 0.17868 0.00196485 0.177566 0.160288 0.157532 0.176203 0.175852 0.164046 0.378705 0.410753 0.413319 0.984864 0.16147 0.17659 0.155141
0.308153 0.421642 0.330823 0.998137 0.229064 0.99802 0.30835 0.277724 0.436244 0.0134222 0.231612 0.998046 0.230265 0.279115 0.292341 0.228615 0.228191 0.309965 0.522948 0.419486 0.422069 0.0169658 0.305762 0.229085 0.328818
0.162932 0.412797 0.156252 0.00168699 0.176558 0.00180859 0.163053 0.15943 0.425864 0.988499 0.178664 0.00178227 0.17755 0.160277 0.157524 0.176187 0.175837 0.164045 0.378623 0.410656 0.413221 0.984901 0.161468 0.176575 0.155139
0.308221 0.421584 0.330899 0.998308 0.229085 0.998203 0.308418 0.277768 0.436201 0.0133925 0.231633 0.998226 0.230285 0.279159 0.292392 0.228636 0.228212 0.310034 0.522935 0.419428 0.422012 0.0169284 0.30583 0.229105 0.328894
0.162932 0.412706 0.156251 0.0015338 0.176544 0.00164296 0.163052 0.15942 0.42578 0.988524 0.17865 0.00161934 0.177536 0.160267 0.157517 0.176173 0.175823 0.164044 0.378547 0.410565 0.41313 0.984934 0.161467 0.176561 0.155138
0.308284 0.42153 0.330969 0.99846 0.229103 0.998366 0.308481 0.277807 0.43616 0.0133663 0.231651 0.998387 0.230304 0.279199 0.292438 0.228655 0.22823 0.310096 0.522922 0.419374 0.421957 0.0168955 0.305892 0.229124 0.328963
0.162932 0.412621 0.156251 0.00139678 0.176531 0.00149491 0.163053 0.159412 0.425703 0.988547 0.178638 0.00147369 0.177524 0.160259 0.157511 0.176161 0.17581 0.164045 0.378478 0.41048 0.413046 0.984964 0.161468 0.176548 0.155138
0.308341 0.421478 0.331032 0.998597 0.22912 0.998512 0.308538 0.277843 0.436121 0.0133432 0.231668 0.99853 0.230321 0.279235 0.29248 0.228672 0.228247 0.310154 0.522909 0.419322 0.421906 0.0168665 0.305949 0.229141 0.329027
0.162933 0.412543 0.156252 0.00127402 0.17652 0.00136236 0.163054 0.159404 0.425631 0.988567 0.178627 0.00134326 0.177512 0.160251 0.157507 0.17615 0.175799 0.164046 0.378415 0.410402 0.412968 0.98499 0.161469 0.176537 0.155139
0.308393 0.42143 0.331091 0.998719 0.229136 0.998643 0.30859 0.277875 0.436084 0.0133228 0.231684 0.998659 0.230336 0.279267 0.292519 0.228687 0.228263 0.310206 0.522895 0.419274 0.421857 0.0168408 0.306 0.229156 0.329085
0.162935 0.412471 0.156253 0.00116384 0.17651 0.00124348 0.163055 0.159398 0.425565 0.988585 0.178617 0.00122626 0.177503 0.160245 0.157503 0.17614 0.17579 0.164047 0.378357 0.41033 0.412895 0.985013 0.161471 0.176528 0.155141
0.30844 0.421385 0.331144 0.998829 0.229149 0.99876 0.308637 0.277905 0.43605 0.0133046 0.231698 0.998775 0.23035 0.279296 0.292554 0.228701 0.228276 0.310253 0.522882 0.419229 0.421812 0.016818 0.306048 0.22917 0.329138
0.162937 0.412404 0.156255 0.0010648 0.176502 0.00113668 0.163057 0.159393 0.425504 0.988601 0.178608 0.00112115 0.177494 0.160239 0.157501 0.176131 0.175781 0.164049 0.378305 0.410263 0.412829 0.985033 0.161473 0.176519 0.155142
0.308484 0.421343 0.331193 0.998928 0.229162 0.998866 0.308681 0.277931 0.436017 0.0132885 0.23171 0.998879 0.230363 0.279323 0.292587 0.228713 0.228289 0.310297 0.522869 0.419187 0.42177 0.0167977 0.306091 0.229183 0.329187
0.162939 0.412343 0.156257 0.000975629 0.176494 0.0010406 0.16306 0.159388 0.425448 0.988615 0.1786 0.00102657 0.177486 0.160234 0.157498 0.176123 0.175773 0.164051 0.378256 0.410202 0.412767 0.985051 0.161475 0.176511 0.155144
0.308523 0.421304 0.331237 0.999017 0.229173 0.998961 0.30872 0.277955 0.435987 0.0132741 0.231722 0.998973 0.230374 0.279347 0.292616 0.228725 0.2283 0.310337 0.522857 0.419148 0.421731 0.0167797 0.30613 0.229194 0.329231
0.162941 0.412286 0.156259 0.000895218 0.176487 0.000954024 0.163062 0.159383 0.425397 0.988627 0.178593 0.000941326 0.177479 0.16023 0.157497 0.176116 0.175766 0.164054 0.378212 0.410145 0.41271 0.985068 0.161477 0.176504 0.155147
0.308559 0.421267 0.331278 0.999097 0.229184 0.999047 0.308757 0.277977 0.435959 0.0132613 0.231732 0.999058 0.230385 0.279369 0.292643 0.228735 0.228311 0.310373 0.522845 0.419112 0.421695 0.0167635 0.306166 0.229204 0.329272
0.162944 0.412234 0.156262 0.000822598 0.17648 0.000875894 0.163064 0.15938 0.425349 0.988639 0.178586 0.000864389 0.177472 0.160226 0.157495 0.17611 0.175759 0.164056 0.378172 0.410093 0.412658 0.985082 0.16148 0.176497 0.155149
0.308593 0.421234 0.331315 0.99917 0.229193 0.999124 0.30879 0.277997 0.435933 0.0132498 0.231742 0.999134 0.230394 0.279389 0.292668 0.228744 0.22832 0.310406 0.522834 0.419078 0.421661 0.0167491 0.306199 0.229214 0.329309
0.162946 0.412186 0.156264 0.00075692 0.176475 0.000805283 0.163067 0.159376 0.425306 0.988649 0.17858 0.000794847 0.177467 0.160223 0.157494 0.176104 0.175754 0.164059 0.378135 0.410046 0.41261 0.985096 0.161482 0.176492 0.155151
0.308623 0.421203 0.331349 0.999235 0.229202 0.999194 0.30882 0.278015 0.435909 0.0132395 0.23175 0.999203 0.230403 0.279407 0.292691 0.228753 0.228328 0.310437 0.522823 0.419047 0.42163 0.0167361 0.30623 0.229222 0.329342
0.162948 0.412142 0.156266 0.000697433 0.176469 0.000741377 0.163069 0.159373 0.425266 0.988658 0.178575 0.000731898 0.177461 0.16022 0.157493 0.176099 0.175749 0.164061 0.378102 0.410002 0.412566 0.985107 0.161484 0.176486 0.155153
0.30865 0.421174 0.33138 0.999295 0.229209 0.999258 0.308847 0.278031 0.435887 0.0132303 0.231758 0.999266 0.230411 0.279424 0.292711 0.22876 0.228336 0.310464 0.522814 0.419018 0.421601 0.0167245 0.306257 0.22923 0.329373
0.162951 0.412102 0.156268 0.00064348 0.176465 0.000683458 0.163071 0.159371 0.42523 0.988666 0.17857 0.000674837 0.177457 0.160217 0.157493 0.176094 0.175744 0.164063 0.378071 0.409961 0.412526 0.985118 0.161486 0.176482 0.155155
0.308676 0.421148 0.331408 0.999349 0.229216 0.999315 0.308873 0.278046 0.435867 0.013222 0.231765 0.999323 0.230418 0.279439 0.29273 0.228768 0.228343 0.31049 0.522804 0.418992 0.421575 0.0167141 0.306282 0.229237 0.329401
0.162953 0.412065 0.15627 0.000594478 0.17646 0.000630894 0.163074 0.159369 0.425196 0.988674 0.178566 0.000623044 0.177452 0.160215 0.157492 0.17609 0.17574 0.164065 0.378043 0.409924 0.412489 0.985128 0.161489 0.176478 0.155157
0.308699 0.421123 0.331434 0.999398 0.229223 0.999367 0.308896 0.27806 0.435848 0.0132145 0.231772 0.999374 0.230424 0.279452 0.292748 0.228774 0.22835 0.310513 0.522796 0.418968 0.421551 0.0167046 0.306305 0.229244 0.329427
0.162955 0.412031 0.156272 0.000549914 0.176457 0.000583126 0.163076 0.159366 0.425165 0.98868 0.178562 0.000575969 0.177448 0.160213 0.157492 0.176086 0.175736 0.164067 0.378017 0.409891 0.412455 0.985136 0.161491 0.176474 0.155159
0.30872 0.421101 0.331457 0.999443 0.229229 0.999415 0.308917 0.278072 0.435831 0.0132078 0.231778 0.999421 0.23043 0.279465 0.292763 0.22878 0.228355 0.310534 0.522788 0.418945 0.421528 0.0166961 0.306326 0.22925 0.329451
0.162957 0.412 0.156274 0.000509332 0.176453 0.000539659 0.163078 0.159365 0.425137 0.988687 0.178559 0.000533125 0.177445 0.160211 0.157491 0.176083 0.175732 0.164069 0.377994 0.409859 0.412424 0.985144 0.161493 0.17647 0.155161
0.308739 0.42108 0.331479 0.999484 0.229234 0.999458 0.308936 0.278084 0.435815 0.0132016 0.231783 0.999464 0.230435 0.279476 0.292778 0.228785 0.228361 0.310553 0.522781 0.418925 0.421508 0.0166884 0.306345 0.229255 0.329472
0.162959 0.411971 0.156276 0.000472329 0.17645 0.000500055 0.163079 0.159363 0.425111 0.988692 0.178555 0.000494084 0.177442 0.160209 0.157491 0.176079 0.175729 0.164071 0.377972 0.409831 0.412395 0.985151 0.161494 0.176467 0.155163
0.308757 0.421062 0.331499 0.999521 0.229239 0.999498 0.308954 0.278094 0.4358 0.0131961 0.231788 0.999503 0.23044 0.279487 0.292791 0.22879 0.228366 0.310571 0.522774 0.418906 0.421489 0.0166815 0.306363 0.22926 0.329492
0.16296 0.411945 0.156277 0.000438547 0.176447 0.000463925 0.163081 0.159361 0.425088 0.988697 0.178553 0.000458461 0.177439 0.160208 0.157491 0.176076 0.175726 0.164073 0.377953 0.409805 0.412369 0.985158 0.161496 0.176464 0.155165
0.308773 0.421044 0.331517 0.999555 0.229243 0.999534 0.30897 0.278104 0.435787 0.0131911 0.231793 0.999538 0.230445 0.279496 0.292803 0.228795 0.22837 0.310587 0.522768 0.418889 0.421472 0.0166751 0.306379 0.229264 0.32951
0.162962 0.411921 0.156279 0.000407667 0.176444 0.000430923 0.163083 0.15936 0.425066 0.988702 0.17855 0.000425918 0.177436 0.160206 0.157491 0.176074 0.175724 0.164074 0.377935 0.409781 0.412345 0.985164 0.161498 0.176461 0.155166
0.308788 0.421028 0.331533 0.999586 0.229248 0.999567 0.308985 0.278112 0.435774 0.0131865 0.231797 0.999571 0.230449 0.279505 0.292814 0.228799 0.228374 0.310602 0.522762 0.418873 0.421456 0.0166694 0.306394 0.229268 0.329527
0.162963 0.411899 0.15628 0.000379407 0.176442 0.000400743 0.163084 0.159359 0.425046 0.988706 0.178547 0.000396152 0.177434 0.160205 0.157491 0.176071 0.175721 0.164076 0.377918 0.409759 0.412323 0.985169 0.161499 0.176459 0.155168
0.308801 0.421014 0.331549 0.999615 0.229251 0.999597 0.308998 0.27812 0.435763 0.0131824 0.2318 0.999601 0.230453 0.279513 0.292825 0.228802 0.228378 0.310615 0.522757 0.418858 0.421441 0.0166642 0.306407 0.229272 0.329542
0.162965 0.411879 0.156282 0.000353513 0.17644 0.000373109 0.163085 0.159357 0.425028 0.988709 0.178545 0.000368894 0.177432 0.160204 0.157491 0.176069 0.175719 0.164077 0.377903 0.409739 0.412303 0.985174 0.1615 0.176457 0.155169
0.308814 0.421001 0.331562 0.999641 0.229255 0.999624 0.309011 0.278127 0.435753 0.0131786 0.231804 0.999628 0.230456 0.27952 0.292834 0.228806 0.228381 0.310628 0.522752 0.418845 0.421428 0.0166594 0.306419 0.229276 0.329556
0.162966 0.411861 0.156283 0.000329759 0.176438 0.000347778 0.163087 0.159356 0.425011 0.988713 0.178543 0.000343904 0.177429 0.160203 0.15749 0.176067 0.175717 0.164078 0.377889 0.409721 0.412285 0.985178 0.161502 0.176455 0.15517
0.308825 0.420988 0.331575 0.999665 0.229258 0.99965 0.309022 0.278134 0.435743 0.0131751 0.231807 0.999653 0.230459 0.279527 0.292842 0.228809 0.228385 0.310639 0.522748 0.418833 0.421416 0.0166551 0.306431 0.229279 0.329568
0.162967 0.411844 0.156284 0.000307944 0.176436 0.000324531 0.163088 0.159355 0.424996 0.988716 0.178541 0.000320966 0.177428 0.160202 0.15749 0.176065 0.175715 0.16408 0.377877 0.409704 0.412268 0.985182 0.161503 0.176453 0.155171
0.308835 0.420977 0.331587 0.999687 0.229261 0.999673 0.309032 0.27814 0.435735 0.013172 0.23181 0.999676 0.230462 0.279533 0.29285 0.228812 0.228387 0.31065 0.522744 0.418822 0.421405 0.0166511 0.306441 0.229282 0.32958
0.162968 0.411828 0.156285 0.000287887 0.176434 0.000303172 0.163089 0.159354 0.424982 0.988719 0.17854 0.000299888 0.177426 0.160201 0.15749 0.176064 0.175713 0.164081 0.377865 0.409688 0.412252 0.985186 0.161504 0.176451 0.155172
0.308845 0.420967 0.331598 0.999707 0.229263 0.999694 0.309042 0.278146 0.435727 0.0131691 0.231813 0.999697 0.230465 0.279538 0.292857 0.228814 0.22839 0.310659 0.52274 0.418812 0.421394 0.0166475 0.306451 0.229284 0.329591
0.162969 0.411814 0.156286 0.000269426 0.176432 0.000283527 0.16309 0.159353 0.424969 0.988721 0.178538 0.000280498 0.177424 0.1602 0.15749 0.176062 0.175712 0.164082 0.377854 0.409674 0.412238 0.985189 0.161505 0.17645 0.155173
0.308854 0.420958 0.331608 0.999726 0.229266 0.999714 0.309051 0.278151 0.435719 0.0131665 0.231815 0.999716 0.230467 0.279544 0.292864 0.228817 0.228392 0.310668 0.522737 0.418802 0.421385 0.0166441 0.306459 0.229287 0.3296
0.16297 0.411801 0.156287 0.000252416 0.176431 0.000265437 0.16309 0.159353 0.424957 0.988724 0.178536 0.000262641 0.177423 0.160199 0.15749 0.176061 0.17571 0.164082 0.377845 0.409661 0.412225 0.985192 0.161506 0.176448 0.155174
0.308862 0.420949 0.331617 0.999743 0.229268 0.999732 0.309059 0.278156 0.435713 0.013164 0.231817 0.999734 0.230469 0.279548 0.29287 0.228819 0.228395 0.310676 0.522734 0.418794 0.421376 0.0166411 0.306467 0.229289 0.32961
0.16297 0.411789 0.156287 0.000236725 0.17643 0.000248763 0.163091 0.159352 0.424947 0.988726 0.178535 0.000246178 0.177421 0.160198 0.15749 0.176059 0.175709 0.164083 0.377836 0.409649 0.412213 0.985195 0.161506 0.176447 0.155174
0.308869 0.420941 0.331625 0.999759 0.22927 0.999749 0.309066 0.27816 0.435707 0.0131618 0.231819 0.999751 0.230472 0.279553 0.292876 0.228821 0.228397 0.310684 0.522731 0.418786 0.421368 0.0166383 0.306475 0.229291 0.329618
0.162971 0.411778 0.156288 0.000222237 0.176428 0.000233376 0.163092 0.159351 0.424937 0.988728 0.178534 0.000230986 0.17742 0.160198 0.15749 0.176058 0.175708 0.164084 0.377827 0.409638 0.412202 0.985198 0.161507 0.176446 0.155175
0.308876 0.420934 0.331633 0.999773 0.229272 0.999764 0.309073 0.278164 0.435701 0.0131598 0.231821 0.999766 0.230473 0.279557 0.292881 0.228823 0.228399 0.310691 0.522728 0.418779 0.421361 0.0166357 0.306482 0.229293 0.329625
0.162972 0.411768 0.156288 0.000208846 0.176427 0.000219164 0.163093 0.159351 0.424927 0.98873 0.178533 0.00021695 0.177419 0.160197 0.15749 0.176057 0.175707 0.164084 0.37782 0.409628 0.412192 0.9852 0.161508 0.176444 0.155176
0.308882 0.420927 0.33164 0.999787 0.229274 0.999778 0.309079 0.278168 0.435696 0.0131579 0.231823 0.99978 0.230475 0.27956 0.292886 0.228825 0.2284 0.310697 0.522726 0.418772 0.421355 0.0166333 0.306488 0.229295 0.329632
0.162972 0.411759 0.156289 0.000196455 0.176426 0.000206023 0.163093 0.15935 0.424919 0.988732 0.178532 0.00020397 0.177418 0.160196 0.15749 0.176056 0.175706 0.164085 0.377813 0.409619 0.412183 0.985203 0.161508 0.176443 0.155176
0.308888 0.420921 0.331646 0.999799 0.229275 0.999792 0.309085 0.278171 0.435691 0.0131562 0.231825 0.999793 0.230477 0.279564 0.29289 0.228826 0.228402 0.310703 0.522724 0.418766 0.421349 0.0166311 0.306494 0.229296 0.329639
0.162973 0.41175 0.156289 0.00018498 0.176425 0.00019386 0.163094 0.159349 0.424911 0.988733 0.178531 0.000191955 0.177417 0.160196 0.15749 0.176055 0.175705 0.164085 0.377806 0.40961 0.412174 0.985205 0.161509 0.176442 0.155177
0.308893 0.420916 0.331652 0.999811 0.229277 0.999804 0.30909 0.278174 0.435687 0.0131546 0.231826 0.999805 0.230478 0.279567 0.292894 0.228828 0.228404 0.310708 0.522722 0.41876 0.421343 0.0166291 0.306499 0.229298 0.329645
0.162973 0.411742 0.15629 0.000174341 0.176424 0.000182591 0.163094 0.159349 0.424904 0.988735 0.17853 0.000180822 0.177416 0.160195 0.157489 0.176054 0.175704 0.164086 0.3778 0.409602 0.412166 0.985206 0.161509 0.176441 0.155177
0.308898 0.420911 0.331658 0.999822 0.229278 0.999815 0.309095 0.278177 0.435683 0.0131531 0.231828 0.999817 0.23048 0.27957 0.292898 0.228829 0.228405 0.310713 0.52272 0.418755 0.421338 0.0166273 0.306504 0.229299 0.32965
0.162974 0.411735 0.15629 0.000164469 0.176423 0.00017214 0.163094 0.159348 0.424898 0.988736 0.178529 0.000170496 0.177415 0.160195 0.157489 0.176053 0.175703 0.164086 0.377795 0.409595 0.412159 0.985208 0.161509 0.176441 0.155177
0.308903 0.420906 0.331663 0.999832 0.22928 0.999826 0.3091 0.27818 0.435679 0.0131517 0.231829 0.999827 0.230481 0.279573 0.292901 0.228831 0.228406 0.310717 0.522719 0.418751 0.421333 0.0166255 0.306508 0.2293 0.329656
0.162974 0.411728 0.156291 0.000155299 0.176423 0.00016244 0.163095 0.159348 0.424892 0.988737 0.178528 0.00016091 0.177414 0.160194 0.157489 0.176052 0.175702 0.164087 0.37779 0.409589 0.412153 0.98521 0.16151 0.17644 0.155178
0.308907 0.420902 0.331667 0.999841 0.229281 0.999835 0.309104 0.278182 0.435676 0.0131504 0.23183 0.999837 0.230482 0.279575 0.292904 0.228832 0.228407 0.310722 0.522717 0.418746 0.421329 0.0166239 0.306513 0.229302 0.32966
0.162974 0.411722 0.156291 0.000146774 0.176422 0.000153427 0.163095 0.159348 0.424886 0.988738 0.178527 0.000152002 0.177414 0.160194 0.157489 0.176051 0.175701 0.164087 0.377785 0.409582 0.412146 0.985211 0.16151 0.176439 0.155178
0.308911 0.420898 0.331672 0.99985 0.229282 0.999844 0.309108 0.278185 0.435673 0.0131493 0.231831 0.999846 0.230483 0.279577 0.292907 0.228833 0.228408 0.310726 0.522716 0.418742 0.421325 0.0166225 0.306516 0.229303 0.329665
0.162975 0.411717 0.156291 0.000138842 0.176421 0.000145046 0.163095 0.159347 0.424881 0.98874 0.178527 0.000143717 0.177413 0.160194 0.157489 0.176051 0.175701 0.164087 0.377781 0.409577 0.412141 0.985213 0.16151 0.176438 0.155178
0.308914 0.420894 0.331676 0.999858 0.229283 0.999853 0.309112 0.278187 0.43567 0.0131482 0.231832 0.999854 0.230484 0.27958 0.29291 0.228834 0.22841 0.310729 0.522715 0.418739 0.421321 0.0166211 0.30652 0.229304 0.329669
0.162975 0.411711 0.156291 0.000131453 0.176421 0.000137244 0.163096 0.159347 0.424876 0.988741 0.178526 0.000136004 0.177412 0.160193 0.157489 0.17605 0.1757 0.164087 0.377777 0.409572 0.412136 0.985214 0.161511 0.176438 0.155179
0.308918 0.420891 0.33168 0.999865 0.229284 0.999861 0.309115 0.278189 0.435668 0.0131472 0.231833 0.999862 0.230485 0.279582 0.292912 0.228835 0.22841 0.310732 0.522714 0.418735 0.421318 0.0166198 0.306523 0.229305 0.329672
0.162975 0.411707 0.156292 0.000124566 0.17642 0.000129976 0.163096 0.159346 0.424872 0.988741 0.178525 0.000128818 0.177412 0.160193 0.157489 0.17605 0.175699 0.164088 0.377773 0.409567 0.412131 0.985215 0.161511 0.176437 0.155179
0.308921 0.420888 0.331683 0.999872 0.229285 0.999868 0.309118 0.278191 0.435665 0.0131462 0.231834 0.999869 0.230486 0.279583 0.292915 0.228836 0.228411 0.310736 0.522713 0.418732 0.421315 0.0166186 0.306526 0.229306 0.329676
0.162975 0.411702 0.156292 0.000118141 0.176419 0.000123198 0.163096 0.159346 0.424868 0.988742 0.178525 0.000122116 0.177411 0.160192 0.157489 0.176049 0.175699 0.164088 0.37777 0.409562 0.412126 0.985216 0.161511 0.176437 0.155179
0.308924 0.420885 0.331686 0.999879 0.229286 0.999875 0.309121 0.278192 0.435663 0.0131454 0.231835 0.999876 0.230487 0.279585 0.292917 0.228837 0.228412 0.310738 0.522712 0.418729 0.421312 0.0166175 0.306529 0.229306 0.329679
0.162975 0.411698 0.156292 0.00011214 0.176419 0.000116873 0.163096 0.159346 0.424864 0.988743 0.178524 0.000115861 0.177411 0.160192 0.157489 0.176049 0.175698 0.164088 0.377766 0.409558 0.412122 0.985217 0.161511 0.176436 0.155179
0.308926 0.420882 0.331689 0.999885 0.229286 0.999881 0.309123 0.278194 0.435661 0.0131445 0.231836 0.999882 0.230488 0.279587 0.292919 0.228837 0.228413 0.310741 0.522711 0.418727 0.421309 0.0166165 0.306532 0.229307 0.329682
0.162976 0.411694 0.156292 0.000106533 0.176418 0.000110965 0.163096 0.159345 0.424861 0.988744 0.178524 0.000110018 0.17741 0.160192 0.157488 0.176048 0.175698 0.164088 0.377763 0.409554 0.412118 0.985218 0.161511 0.176436 0.155179
0.308929 0.42088 0.331692 0.999891 0.229287 0.999887 0.309126 0.278195 0.435659 0.0131438 0.231836 0.999888 0.230489 0.279588 0.292921 0.228838 0.228414 0.310744 0.522711 0.418724 0.421307 0.0166156 0.306534 0.229308 0.329685
0.162976 0.411691 0.156292 0.000101288 0.176418 0.000105443 0.163096 0.159345 0.424857 0.988745 0.178523 0.000104554 0.17741 0.160192 0.157488 0.176048 0.175697 0.164088 0.377761 0.409551 0.412115 0.985219 0.161511 0.176435 0.155179
0.308931 0.420878 0.331694 0.999896 0.229288 0.999893 0.309128 0.278197 0.435658 0.0131431 0.231837 0.999893 0.230489 0.27959 0.292922 0.228839 0.228414 0.310746 0.52271 0.418722 0.421305 0.0166147 0.306537 0.229309 0.329687
0.162976 0.411687 0.156292 9.63778e-05 0.176418 0.000100276 0.163097 0.159345 0.424854 0.988745 0.178523 9.94427e-05 0.177409 0.160191 0.157488 0.176047 0.175697 0.164088 0.377758 0.409548 0.412112 0.98522 0.161512 0.176435 0.155179
0.308933 0.420876 0.331697 0.999901 0.229288 0.999898 0.30913 0.278198 0.435656 0.0131424 0.231838 0.999899 0.23049 0.279591 0.292924 0.228839 0.228415 0.310748 0.522709 0.41872 0.421303 0.0166138 0.306539 0.229309 0.32969
0.162976 0.411684 0.156292 9.17781e-05 0.176417 9.54379e-05 0.163097 0.159345 0.424852 0.988746 0.178523 9.46559e-05 0.177409 0.160191 0.157488 0.176047 0.175697 0.164088 0.377756 0.409545 0.412109 0.985221 0.161512 0.176434 0.155179
0.308935 0.420874 0.331699 0.999906 0.229289 0.999903 0.309132 0.278199 0.435655 0.0131418 0.231838 0.999903 0.23049 0.279592 0.292926 0.22884 0.228415 0.31075 0.522709 0.418718 0.421301 0.0166131 0.306541 0.22931 0.329692
0.162976 0.411681 0.156292 8.74655e-05 0.176417 9.09043e-05 0.163097 0.159344 0.424849 0.988746 0.178522 9.01697e-05 0.177409 0.160191 0.157488 0.176046 0.175696 0.164089 0.377754 0.409542 0.412106 0.985221 0.161512 0.176434 0.15518
0.308937 0.420872 0.331701 0.99991 0.229289 0.999907 0.309134 0.2782 0.435653 0.0131412 0.231839 0.999908 0.230491 0.279593 0.292927 0.22884 0.228416 0.310752 0.522708 0.418717 0.421299 0.0166123 0.306542 0.22931 0.329694
0.162976 0.411679 0.156292 8.34189e-05 0.176416 8.66528e-05 0.163097 0.159344 0.424847 0.988747 0.178522 8.59622e-05 0.177408 0.160191 0.157488 0.176046 0.175696 0.164089 0.377752 0.409539 0.412103 0.985222 0.161512 0.176434 0.15518
0.308939 0.42087 0.331703 0.999914 0.22929 0.999912 0.309136 0.278201 0.435652 0.0131407 0.231839 0.999912 0.230491 0.279594 0.292928 0.228841 0.228417 0.310754 0.522708 0.418715 0.421298 0.0166117 0.306544 0.229311 0.329696
0.162976 0.411676 0.156292 7.96192e-05 0.176416 8.26626e-05 0.163097 0.159344 0.424844 0.988747 0.178521 8.20128e-05 0.177408 0.16019 0.157488 0.176046 0.175696 0.164089 0.37775 0.409537 0.412101 0.985223 0.161512 0.176433 0.15518
0.30894 0.420869 0.331705 0.999918 0.22929 0.999916 0.309137 0.278202 0.435651 0.0131402 0.23184 0.999916 0.230492 0.279595 0.292929 0.228841 0.228417 0.310755 0.522707 0.418714 0.421296 0.016611 0.306546 0.229311 0.329698
0.162976 0.411674 0.156292 7.60486e-05 0.176416 7.89149e-05 0.163097 0.159344 0.424842 0.988748 0.178521 7.8303e-05 0.177408 0.16019 0.157488 0.176045 0.175695 0.164089 0.377748 0.409534 0.412098 0.985223 0.161512 0.176433 0.15518
0.308942 0.420867 0.331707 0.999922 0.229291 0.99992 0.309139 0.278203 0.43565 0.0131397 0.23184 0.99992 0.230492 0.279596 0.292931 0.228842 0.228417 0.310757 0.522707 0.418712 0.421295 0.0166104 0.306547 0.229312 0.329699
0.162976 0.411672 0.156293 7.26907e-05 0.176416 7.53923e-05 0.163097 0.159343 0.42484 0.988748 0.178521 7.48158e-05 0.177407 0.16019 0.157488 0.176045 0.175695 0.164089 0.377746 0.409532 0.412096 0.985224 0.161512 0.176433 0.15518
0.308943 0.420866 0.331708 0.999925 0.229291 0.999923 0.30914 0.278204 0.435649 0.0131393 0.231841 0.999924 0.230493 0.279597 0.292932 0.228842 0.228418 0.310758 0.522707 0.418711 0.421293 0.0166099 0.306549 0.229312 0.329701
0.162976 0.41167 0.156293 6.95307e-05 0.176415 7.20789e-05 0.163097 0.159343 0.424839 0.988749 0.178521 7.15353e-05 0.177407 0.16019 0.157487 0.176045 0.175695 0.164089 0.377745 0.40953 0.412094 0.985224 0.161512 0.176432 0.15518
0.308945 0.420865 0.33171 0.999928 0.229292 0.999926 0.309142 0.278205 0.435648 0.0131388 0.231841 0.999927 0.230493 0.279598 0.292933 0.228843 0.228418 0.310759 0.522706 0.41871 0.421292 0.0166093 0.30655 0.229312 0.329702
0.162976 0.411668 0.156293 6.65548e-05 0.176415 6.896e-05 0.163097 0.159343 0.424837 0.988749 0.17852 6.8447e-05 0.177407 0.16019 0.157487 0.176045 0.175694 0.164089 0.377743 0.409529 0.412092 0.985225 0.161512 0.176432 0.15518
0.308946 0.420864 0.331711 0.999931 0.229292 0.99993 0.309143 0.278206 0.435647 0.0131384 0.231842 0.99993 0.230494 0.279599 0.292934 0.228843 0.228419 0.310761 0.522706 0.418709 0.421291 0.0166088 0.306551 0.229313 0.329704
0.162976 0.411667 0.156293 6.37503e-05 0.176415 6.60222e-05 0.163097 0.159343 0.424835 0.988749 0.17852 6.55377e-05 0.177407 0.160189 0.157487 0.176044 0.175694 0.164089 0.377742 0.409527 0.412091 0.985225 0.161512 0.176432 0.15518
0.308947 0.420863 0.331712 0.999934 0.229292 0.999933 0.309144 0.278207 0.435646 0.0131381 0.231842 0.999933 0.230494 0.279599 0.292934 0.228843 0.228419 0.310762 0.522706 0.418708 0.42129 0.0166084 0.306552 0.229313 0.329705
0.162976 0.411665 0.156293 6.11054e-05 0.176415 6.3253e-05 0.163097 0.159343 0.424834 0.98875 0.17852 6.27952e-05 0.177406 0.160189 0.157487 0.176044 0.175694 0.164089 0.37774 0.409525 0.412089 0.985226 0.161512 0.176432 0.15518
0.308948 0.420862 0.331714 0.999937 0.229293 0.999935 0.309145 0.278207 0.435646 0.0131377 0.231842 0.999936 0.230494 0.2796 0.292935 0.228844 0.228419 0.310763 0.522706 0.418707 0.421289 0.0166079 0.306553 0.229314 0.329706
0.162976 0.411663 0.156293 5.86095e-05 0.176414 6.06409e-05 0.163097 0.159343 0.424833 0.98875 0.17852 6.02079e-05 0.177406 0.160189 0.157487 0.176044 0.175694 0.164089 0.377739 0.409524 0.412088 0.985226 0.161512 0.176431 0.15518
0.308949 0.420861 0.331715 0.99994 0.229293 0.999938 0.309146 0.278208 0.435645 0.0131374 0.231843 0.999938 0.230495 0.279601 0.292936 0.228844 0.22842 0.310764 0.522705 0.418706 0.421288 0.0166075 0.306554 0.229314 0.329707
0.162976 0.411662 0.156293 5.62525e-05 0.176414 5.81754e-05 0.163097 0.159342 0.424831 0.98875 0.178519 5.77657e-05 0.177406 0.160189 0.157487 0.176044 0.175694 0.164089 0.377738 0.409522 0.412086 0.985227 0.161512 0.176431 0.15518
0.30895 0.42086 0.331716 0.999942 0.229293 0.999941 0.309147 0.278208 0.435644 0.0131371 0.231843 0.999941 0.230495 0.279601 0.292937 0.228844 0.22842 0.310765 0.522705 0.418705 0.421287 0.0166071 0.306555 0.229314 0.329708
0.162976 0.411661 0.156293 5.40253e-05 0.176414 5.58467e-05 0.163097 0.159342 0.42483 0.988751 0.178519 5.54587e-05 0.177406 0.160189 0.157487 0.176043 0.175693 0.164089 0.377737 0.409521 0.412085 0.985227 0.161512 0.176431 0.15518
0.308951 0.420859 0.331717 0.999944 0.229294 0.999943 0.309148 0.278209 0.435644 0.0131368 0.231843 0.999943 0.230495 0.279602 0.292937 0.228845 0.22842 0.310766 0.522705 0.418704 0.421287 0.0166068 0.306556 0.229314 0.329709
0.162976 0.41166 0.156293 5.19194e-05 0.176414 5.36458e-05 0.163097 0.159342 0.424829 0.988751 0.178519 5.32781e-05 0.177405 0.160189 0.157487 0.176043 0.175693 0.164089 0.377736 0.40952 0.412084 0.985227 0.161512 0.176431 0.15518
0.308952 0.420859 0.331718 0.999946 0.229294 0.999945 0.309149 0.278209 0.435643 0.0131365 0.231843 0.999945 0.230495 0.279602 0.292938 0.228845 0.22842 0.310767 0.522705 0.418703 0.421286 0.0166064 0.306557 0.229315 0.32971
0.162976 0.411658 0.156293 4.99269e-05 0.176414 5.15643e-05 0.163097 0.159342 0.424828 0.988751 0.178519 5.12156e-05 0.177405 0.160188 0.157487 0.176043 0.175693 0.164089 0.377735 0.409519 0.412083 0.985228 0.161512 0.176431 0.15518
0.308953 0.420858 0.331719 0.999948 0.229294 0.999947 0.30915 0.27821 0.435643 0.0131363 0.231844 0.999948 0.230496 0.279603 0.292939 0.228845 0.228421 0.310767 0.522705 0.418703 0.421285 0.0166061 0.306558 0.229315 0.329711
0.162976 0.411657 0.156293 4.80405e-05 0.176413 4.95945e-05 0.163097 0.159342 0.424827 0.988751 0.178519 4.92637e-05 0.177405 0.160188 0.157487 0.176043 0.175693 0.164089 0.377734 0.409518 0.412082 0.985228 0.161512 0.176431 0.15518
0.308953 0.420857 0.331719 0.99995 0.229294 0.999949 0.30915 0.27821 0.435642 0.013136 0.231844 0.999949 0.230496 0.279603 0.292939 0.228845 0.228421 0.310768 0.522705 0.418702 0.421285 0.0166058 0.306559 0.229315 0.329712
0.162976 0.411656 0.156293 4.62534e-05 0.176413 4.77293e-05 0.163097 0.159342 0.424826 0.988752 0.178519 4.74151e-05 0.177405 0.160188 0.157487 0.176043 0.175693 0.164089 0.377733 0.409517 0.412081 0.985228 0.161512 0.17643 0.15518
0.308954 0.420857 0.33172 0.999952 0.229295 0.999951 0.309151 0.278211 0.435642 0.0131358 0.231844 0.999951 0.230496 0.279604 0.29294 0.228846 0.228421 0.310769 0.522704 0.418701 0.421284 0.0166055 0.306559 0.229315 0.329713
0.162976 0.411655 0.156292 4.45595e-05 0.176413 4.5962e-05 0.163097 0.159342 0.424825 0.988752 0.178518 4.56635e-05 0.177405 0.160188 0.157487 0.176043 0.175693 0.164089 0.377733 0.409516 0.41208 0.985228 0.161512 0.17643 0.15518
0.308955 0.420856 0.331721 0.999954 0.229295 0.999953 0.309152 0.278211 0.435642 0.0131356 0.231844 0.999953 0.230496 0.279604 0.29294 0.228846 0.228421 0.310769 0.522704 0.418701 0.421283 0.0166052 0.30656 0.229316 0.329714
0.162976 0.411654 0.156292 4.29529e-05 0.176413 4.42865e-05 0.163097 0.159342 0.424824 0.988752 0.178518 4.40027e-05 0.177405 0.160188 0.157486 0.176042 0.175692 0.164089 0.377732 0.409515 0.412079 0.985229 0.161512 0.17643 0.15518
0.308955 0.420856 0.331722 0.999956 0.229295 0.999955 0.309152 0.278212 0.435641 0.0131354 0.231844 0.999955 0.230496 0.279605 0.292941 0.228846 0.228421 0.31077 0.522704 0.4187 0.421283 0.016605 0.306561 0.229316 0.329714
0.162976 0.411654 0.156292 4.14281e-05 0.176413 4.2697e-05 0.163097 0.159341 0.424823 0.988752 0.178518 4.24271e-05 0.177405 0.160188 0.157486 0.176042 0.175692 0.164089 0.377731 0.409514 0.412078 0.985229 0.161512 0.17643 0.15518
0.308956 0.420855 0.331722 0.999957 0.229295 0.999956 0.309153 0.278212 0.435641 0.0131352 0.231845 0.999956 0.230497 0.279605 0.292941 0.228846 0.228422 0.310771 0.522704 0.4187 0.421282 0.0166047 0.306561 0.229316 0.329715
0.162976 0.411653 0.156292 3.99803e-05 0.176413 4.11883e-05 0.163097 0.159341 0.424823 0.988752 0.178518 4.09314e-05 0.177404 0.160188 0.157486 0.176042 0.175692 0.164089 0.377731 0.409513 0.412077 0.985229 0.161512 0.17643 0.15518
0.308956 0.420855 0.331723 0.999959 0.229295 0.999958 0.309154 0.278212 0.43564 0.013135 0.231845 0.999958 0.230497 0.279605 0.292942 0.228846 0.228422 0.310771 0.522704 0.418699 0.421282 0.0166045 0.306562 0.229316 0.329716
0.162976 0.411652 0.156292 3.86047e-05 0.176413 3.97555e-05 0.163097 0.159341 0.424822 0.988753 0.178518 3.95108e-05 0.177404 0.160188 0.157486 0.176042 0.175692 0.164089 0.37773 0.409512 0.412076 0.985229 0.161512 0.17643 0.15518
0.308957 0.420854 0.331724 0.99996 0.229295 0.999959 0.309154 0.278213 0.43564 0.0131348 0.231845 0.999959 0.230497 0.279606 0.292942 0.228846 0.228422 0.310772 0.522704 0.418699 0.421282 0.0166043 0.306562 0.229316 0.329716
0.162976 0.411651 0.156292 3.72971e-05 0.176412 3.83939e-05 0.163097 0.159341 0.424821 0.988753 0.178518 3.81608e-05 0.177404 0.160188 0.157486 0.176042 0.175692 0.164089 0.377729 0.409512 0.412076 0.98523 0.161512 0.17643 0.15518
0.308957 0.420854 0.331724 0.999961 0.229296 0.999961 0.309155 0.278213 0.43564 0.0131346 0.231845 0.999961 0.230497 0.279606 0.292942 0.228847 0.228422 0.310772 0.522704 0.418699 0.421281 0.0166041 0.306563 0.229316 0.329717
0.162976 0.411651 0.156292 3.60533e-05 0.176412 3.70994e-05 0.163097 0.159341 0.424821 0.988753 0.178518 3.6877e-05 0.177404 0.160188 0.157486 0.176042 0.175692 0.164089 0.377729 0.409511 0.412075 0.98523 0.161512 0.176429 0.15518
0.308958 0.420854 0.331725 0.999963 0.229296 0.999962 0.309155 0.278213 0.43564 0.0131345 0.231845 0.999962 0.230497 0.279606 0.292943 0.228847 0.228422 0.310773 0.522704 0.418698 0.421281 0.0166039 0.306563 0.229317 0.329717
0.162976 0.41165 0.156292 3.48696e-05 0.176412 3.58678e-05 0.163097 0.159341 0.42482 0.988753 0.178518 3.56557e-05 0.177404 0.160187 0.157486 0.176042 0.175692 0.164089 0.377728 0.40951 0.412074 0.98523 0.161512 0.176429 0.15518
0.308958 0.420853 0.331725 0.999964 0.229296 0.999963 0.309155 0.278214 0.435639 0.0131343 0.231845 0.999963 0.230497 0.279607 0.292943 0.228847 0.228422 0.310773 0.522704 0.418698 0.42128 0.0166037 0.306564 0.229317 0.329718
0.162976 0.411649 0.156292 3.37426e-05 0.176412 3.46956e-05 0.163097 0.159341 0.42482 0.988753 0.178517 3.44932e-05 0.177404 0.160187 0.157486 0.176042 0.175692 0.164089 0.377728 0.40951 0.412074 0.98523 0.161512 0.176429 0.15518
0.308959 0.420853 0.331726 0.999965 0.229296 0.999964 0.309156 0.278214 0.435639 0.0131342 0.231846 0.999965 0.230498 0.279607 0.292943 0.228847 0.228423 0.310774 0.522704 0.418698 0.42128 0.0166035 0.306564 0.229317 0.329718
0.162976 0.411649 0.156292 3.26688e-05 0.176412 3.35793e-05 0.163097 0.159341 0.424819 0.988753 0.178517 3.3386e-05 0.177404 0.160187 0.157486 0.176042 0.175691 0.164089 0.377727 0.409509 0.412073 0.98523 0.161512 0.176429 0.15518
0.308959 0.420853 0.331726 0.999966 0.229296 0.999966 0.309156 0.278214 0.435639 0.013134 0.231846 0.999966 0.230498 0.279607 0.292944 0.228847 0.228423 0.310774 0.522704 0.418697 0.42128 0.0166033 0.306565 0.229317 0.329719
0.162976 0.411648 0.156292 3.16454e-05 0.176412 3.25157e-05 0.163097 0.159341 0.424819 0.988753 0.178517 3.23309e-05 0.177404 0.160187 0.157486 0.176041 0.175691 0.164089 0.377727 0.409509 0.412073 0.985231 0.161512 0.176429 0.15518
0.30896 0.420852 0.331726 0.999967 0.229296 0.999967 0.309157 0.278214 0.435639 0.0131339 0.231846 0.999967 0.230498 0.279607 0.292944 0.228847 0.228423 0.310774 0.522704 0.418697 0.42128 0.0166032 0.306565 0.229317 0.329719
0.162976 0.411648 0.156292 3.06694e-05 0.176412 3.15017e-05 0.163097 0.159341 0.424818 0.988753 0.178517 3.1325e-05 0.177404 0.160187 0.157486 0.176041 0.175691 0.164089 0.377726 0.409508 0.412072 0.985231 0.161512 0.176429 0.155179
0.30896 0.420852 0.331727 0.999968 0.229296 0.999968 0.309157 0.278215 0.435638 0.0131338 0.231846 0.999968 0.230498 0.279608 0.292944 0.228847 0.228423 0.310775 0.522704 0.418697 0.421279 0.016603 0.306565 0.229317 0.32972
0.162976 0.411647 0.156292 2.97382e-05 0.176412 3.05346e-05 0.163097 0.159341 0.424818 0.988754 0.178517 3.03656e-05 0.177404 0.160187 0.157486 0.176041 0.175691 0.164089 0.377726 0.409508 0.412072 0.985231 0.161512 0.176429 0.155179
0.30896 0.420852 0.331727 0.999969 0.229297 0.999969 0.309157 0.278215 0.435638 0.0131337 0.231846 0.999969 0.230498 0.279608 0.292944 0.228847 0.228423 0.310775 0.522704 0.418696 0.421279 0.0166028 0.306566 0.229317 0.32972
0.162976 0.411647 0.156292 2.88493e-05 0.176412 2.96117e-05 0.163097 0.159341 0.424817 0.988754 0.178517 2.94499e-05 0.177403 0.160187 0.157486 0.176041 0.175691 0.164089 0.377726 0.409507 0.412071 0.985231 0.161512 0.176429 0.155179
0.308961 0.420852 0.331728 0.99997 0.229297 0.99997 0.309158 0.278215 0.435638 0.0131336 0.231846 0.99997 0.230498 0.279608 0.292945 0.228848 0.228423 0.310775 0.522704 0.418696 0.421279 0.0166027 0.306566 0.229317 0.32972
0.162976 0.411647 0.156292 2.80003e-05 0.176412 2.87306e-05 0.163097 0.159341 0.424817 0.988754 0.178517 2.85757e-05 0.177403 0.160187 0.157486 0.176041 0.175691 0.164089 0.377725 0.409507 0.412071 0.985231 0.161512 0.176429 0.155179
0.308961 0.420851 0.331728 0.999971 0.229297 0.99997 0.309158 0.278215 0.435638 0.0131334 0.231846 0.999971 0.230498 0.279608 0.292945 0.228848 0.228423 0.310776 0.522704 0.418696 0.421279 0.0166026 0.306566 0.229317 0.329721
0.162976 0.411646 0.156292 2.71891e-05 0.176412 2.7889e-05 0.163097 0.15934 0.424817 0.988754 0.178517 2.77405e-05 0.177403 0.160187 0.157486 0.176041 0.175691 0.164089 0.377725 0.409506 0.41207 0.985231 0.161512 0.176429 0.155179
0.308961 0.420851 0.331728 0.999972 0.229297 0.999971 0.309158 0.278216 0.435638 0.0131333 0.231846 0.999971 0.230498 0.279608 0.292945 0.228848 0.228423 0.310776 0.522704 0.418696 0.421278 0.0166024 0.306567 0.229318 0.329721
0.162976 0.411646 0.156292 2.64137e-05 0.176411 2.70847e-05 0.163097 0.15934 0.424816 0.988754 0.178517 2.69424e-05 0.177403 0.160187 0.157486 0.176041 0.175691 0.164089 0.377725 0.409506 0.41207 0.985231 0.161512 0.176429 0.155179
0.308961 0.420851 0.331729 0.999973 0.229297 0.999972 0.309159 0.278216 0.435638 0.0131332 0.231846 0.999972 0.230498 0.279609 0.292945 0.228848 0.228423 0.310776 0.522704 0.418696 0.421278 0.0166023 0.306567 0.229318 0.329721
0.162976 0.411645 0.156292 2.5672e-05 0.176411 2.63158e-05 0.163097 0.15934 0.424816 0.988754 0.178517 2.61793e-05 0.177403 0.160187 0.157486 0.176041 0.175691 0.164089 0.377724 0.409506 0.41207 0.985231 0.161512 0.176429 0.155179
0.308962 0.420851 0.331729 0.999973 0.229297 0.999973 0.309159 0.278216 0.435637 0.0131332 0.231846 0.999973 0.230498 0.279609 0.292946 0.228848 0.228424 0.310777 0.522704 0.418695 0.421278 0.0166022 0.306567 0.229318 0.329722
0.162976 0.411645 0.156292 2.49624e-05 0.176411 2.55803e-05 0.163097 0.15934 0.424815 0.988754 0.178517 2.54493e-05 0.177403 0.160187 0.157486 0.176041 0.175691 0.164088 0.377724 0.409505 0.412069 0.985232 0.161512 0.176428 0.155179
0.308962 0.42085 0.331729 0.999974 0.229297 0.999974 0.309159 0.278216 0.435637 0.0131331 0.231847 0.999974 0.230499 0.279609 0.292946 0.228848 0.228424 0.310777 0.522703 0.418695 0.421278 0.0166021 0.306567 0.229318 0.329722
0.162976 0.411645 0.156292 2.42831e-05 0.176411 2.48764e-05 0.163097 0.15934 0.424815 0.988754 0.178517 2.47506e-05 0.177403 0.160187 0.157486 0.176041 0.175691 0.164088 0.377724 0.409505 0.412069 0.985232 0.161512 0.176428 0.155179
0.308962 0.42085 0.33173 0.999975 0.229297 0.999974 0.309159 0.278216 0.435637 0.013133 0.231847 0.999974 0.230499 0.279609 0.292946 0.228848 0.228424 0.310777 0.522703 0.418695 0.421278 0.016602 0.306568 0.229318 0.329722
0.162976 0.411644 0.156292 2.36326e-05 0.176411 2.42025e-05 0.163097 0.15934 0.424815 0.988754 0.178517 2.40817e-05 0.177403 0.160187 0.157486 0.176041 0.175691 0.164088 0.377723 0.409505 0.412069 0.985232 0.161512 0.176428 0.155179
0.308962 0.42085 0.33173 0.999975 0.229297 0.999975 0.30916 0.278216 0.435637 0.0131329 0.231847 0.999975 0.230499 0.279609 0.292946 0.228848 0.228424 0.310777 0.522703 0.418695 0.421277 0.0166019 0.306568 0.229318 0.329722
0.162976 0.411644 0.156292 2.30093e-05 0.176411 2.35571e-05 0.163097 0.15934 0.424815 0.988754 0.178516 2.3441e-05 0.177403 0.160187 0.157486 0.176041 0.175691 0.164088 0.377723 0.409504 0.412068 0.985232 0.161512 0.176428 0.155179
0.308963 0.42085 0.33173 0.999976 0.229297 0.999976 0.30916 0.278217 0.435637 0.0131328 0.231847 0.999976 0.230499 0.279609 0.292946 0.228848 0.228424 0.310778 0.522703 0.418695 0.421277 0.0166018 0.306568 0.229318 0.329723
0.162976 0.411644 0.156292 2.24119e-05 0.176411 2.29387e-05 0.163097 0.15934 0.424814 0.988754 0.178516 2.28271e-05 0.177403 0.160187 0.157486 0.176041 0.175691 0.164088 0.377723 0.409504 0.412068 0.985232 0.161512 0.176428 0.155179
0.308963 0.42085 0.33173 0.999977 0.229297 0.999976 0.30916 0.278217 0.435637 0.0131327 0.231847 0.999976 0.230499 0.27961 0.292946 0.228848 0.228424 0.310778 0.522703 0.418694 0.421277 0.0166017 0.306568 0.229318 0.329723
0.162976 0.411643 0.156292 2.18391e-05 0.176411 2.23458e-05 0.163097 0.15934 0.424814 0.988755 0.178516 2.22385e-05 0.177403 0.160186 0.157485 0.176041 0.175691 0.164088 0.377723 0.409504 0.412068 0.985232 0.161512 0.176428 0.155179
0.308963 0.42085 0.331731 0.999977 0.229297 0.999977 0.30916 0.278217 0.435637 0.0131327 0.231847 0.999977 0.230499 0.27961 0.292947 0.228848 0.228424 0.310778 0.522703 0.418694 0.421277 0.0166016 0.306568 0.229318 0.329723
0.162976 0.411643 0.156292 2.12896e-05 0.176411 2.17773e-05 0.163097 0.15934 0.424814 0.988755 0.178516 2.1674e-05 0.177403 0.160186 0.157485 0.176041 0.17569 0.164088 0.377722 0.409504 0.412067 0.985232 0.161512 0.176428 0.155179
0.308963 0.42085 0.331731 0.999978 0.229297 0.999978 0.30916 0.278217 0.435637 0.0131326 0.231847 0.999978 0.230499 0.27961 0.292947 0.228848 0.228424 0.310778 0.522703 0.418694 0.421277 0.0166015 0.306569 0.229318 0.329723
0.162976 0.411643 0.156292 2.07622e-05 0.176411 2.12318e-05 0.163097 0.15934 0.424814 0.988755 0.178516 2.11324e-05 0.177403 0.160186 0.157485 0.176041 0.17569 0.164088 0.377722 0.409503 0.412067 0.985232 0.161512 0.176428 0.155179
0.308964 0.420849 0.331731 0.999978 0.229298 0.999978 0.309161 0.278217 0.435637 0.0131325 0.231847 0.999978 0.230499 0.27961 0.292947 0.228849 0.228424 0.310778 0.522703 0.418694 0.421277 0.0166014 0.306569 0.229318 0.329724
0.162976 0.411643 0.156292 2.02559e-05 0.176411 2.07083e-05 0.163097 0.15934 0.424813 0.988755 0.178516 2.06125e-05 0.177403 0.160186 0.157485 0.17604 0.17569 0.164088 0.377722 0.409503 0.412067 0.985232 0.161512 0.176428 0.155179
0.308964 0.420849 0.331731 0.999979 0.229298 0.999979 0.309161 0.278217 0.435636 0.0131325 0.231847 0.999979 0.230499 0.27961 0.292947 0.228849 0.228424 0.310779 0.522703 0.418694 0.421276 0.0166013 0.306569 0.229318 0.329724
0.162976 0.411643 0.156292 1.97697e-05 0.176411 2.02056e-05 0.163096 0.15934 0.424813 0.988755 0.178516 2.01133e-05 0.177403 0.160186 0.157485 0.17604 0.17569 0.164088 0.377722 0.409503 0.412067 0.985232 0.161512 0.176428 0.155179
0.308964 0.420849 0.331731 0.999979 0.229298 0.999979 0.309161 0.278217 0.435636 0.0131324 0.231847 0.999979 0.230499 0.27961 0.292947 0.228849 0.228424 0.310779 0.522703 0.418694 0.421276 0.0166013 0.306569 0.229318 0.329724
0.162976 0.411642 0.156292 1.93025e-05 0.176411 1.97228e-05 0.163096 0.15934 0.424813 0.988755 0.178516 1.96338e-05 0.177403 0.160186 0.157485 0.17604 0.17569 0.164088 0.377722 0.409503 0.412066 0.985232 0.161512 0.176428 0.155179
0.308964 0.420849 0.331732 0.99998 0.229298 0.99998 0.309161 0.278217 0.435636 0.0131324 0.231847 0.99998 0.230499 0.27961 0.292947 0.228849 0.228424 0.310779 0.522703 0.418694 0.421276 0.0166012 0.306569 0.229318 0.329724
0.162976 0.411642 0.156292 1.88534e-05 0.176411 1.92588e-05 0.163096 0.15934 0.424813 0.988755 0.178516 1.9173e-05 0.177403 0.160186 0.157485 0.17604 0.17569 0.164088 0.377721 0.409502 0.412066 0.985232 0.161511 0.176428 0.155179
0.308964 0.420849 0.331732 0.99998 0.229298 0.99998 0.309161 0.278217 0.435636 0.0131323 0.231847 0.99998 0.230499 0.27961 0.292947 0.228849 0.228424 0.310779 0.522703 0.418694 0.421276 0.0166011 0.30657 0.229319 0.329724
0.162976 0.411642 0.156292 1.84216e-05 0.176411 1.88128e-05 0.163096 0.15934 0.424813 0.988755 0.178516 1.873e-05 0.177402 0.160186 0.157485 0.17604 0.17569 0.164088 0.377721 0.409502 0.412066 0.985233 0.161511 0.176428 0.155179
0.308964 0.420849 0.331732 0.999981 0.229298 0.999981 0.309161 0.278218 0.435636 0.0131322 0.231847 0.999981 0.230499 0.27961 0.292947 0.228849 0.228424 0.310779 0.522703 0.418693 0.421276 0.0166011 0.30657 0.229319 0.329725
0.162976 0.411642 0.156292 1.80063e-05 0.176411 1.83839e-05 0.163096 0.15934 0.424812 0.988755 0.178516 1.8304e-05 0.177402 0.160186 0.157485 0.17604 0.17569 0.164088 0.377721 0.409502 0.412066 0.985233 0.161511 0.176428 0.155179
0.308964 0.420849 0.331732 0.999981 0.229298 0.999981 0.309162 0.278218 0.435636 0.0131322 0.231847 0.999981 0.230499 0.279611 0.292948 0.228849 0.228424 0.310779 0.522703 0.418693 0.421276 0.016601 0.30657 0.229319 0.329725
0.162976 0.411641 0.156292 1.76066e-05 0.176411 1.79713e-05 0.163096 0.15934 0.424812 0.988755 0.178516 1.78942e-05 0.177402 0.160186 0.157485 0.17604 0.17569 0.164088 0.377721 0.409502 0.412066 0.985233 0.161511 0.176428 0.155179
0.308965 0.420849 0.331732 0.999982 0.229298 0.999981 0.309162 0.278218 0.435636 0.0131321 0.231847 0.999982 0.230499 0.279611 0.292948 0.228849 0.228424 0.310779 0.522703 0.418693 0.421276 0.0166009 0.30657 0.229319 0.329725
0.162976 0.411641 0.156292 1.72219e-05 0.176411 1.75742e-05 0.163096 0.15934 0.424812 0.988755 0.178516 1.74997e-05 0.177402 0.160186 0.157485 0.17604 0.17569 0.164088 0.377721 0.409502 0.412065 0.985233 0.161511 0.176428 0.155179
0.308965 0.420849 0.331732 0.999982 0.229298 0.999982 0.309162 0.278218 0.435636 0.0131321 0.231847 0.999982 0.230499 0.279611 0.292948 0.228849 0.228424 0.31078 0.522703 0.418693 0.421276 0.0166009 0.30657 0.229319 0.329725
0.162976 0.411641 0.156292 1.68515e-05 0.176411 1.7192e-05 0.163096 0.15934 0.424812 0.988755 0.178516 1.712e-05 0.177402 0.160186 0.157485 0.17604 0.17569 0.164088 0.377721 0.409501 0.412065 0.985233 0.161511 0.176428 0.155179
0.308965 0.420848 0.331733 0.999982 0.229298 0.999982 0.309162 0.278218 0.435636 0.0131321 0.231847 0.999982 0.230499 0.279611 0.292948 0.228849 0.228425 0.31078 0.522703 0.418693 0.421276 0.0166008 0.30657 0.229319 0.329725
0.162976 0.411641 0.156292 1.64947e-05 0.176411 1.68239e-05 0.163096 0.15934 0.424812 0.988755 0.178516 1.67543e-05 0.177402 0.160186 0.157485 0.17604 0.17569 0.164088 0.37772 0.409501 0.412065 0.985233 0.161511 0.176428 0.155179
0.308965 0.420848 0.331733 0.999983 0.229298 0.999983 0.309162 0.278218 0.435636 0.013132 0.231848 0.999983 0.2305 0.279611 0.292948 0.228849 0.228425 0.31078 0.522703 0.418693 0.421276 0.0166008 0.30657 0.229319 0.329725
0.162976 0.411641 0.156292 1.61509e-05 0.176411 1.64693e-05 0.163096 0.15934 0.424812 0.988755 0.178516 1.6402e-05 0.177402 0.160186 0.157485 0.17604 0.17569 0.164088 0.37772 0.409501 0.412065 0.985233 0.161511 0.176428 0.155179
0.308965 0.420848 0.331733 0.999983 0.229298 0.999983 0.309162 0.278218 0.435636 0.013132 0.231848 0.999983 0.2305 0.279611 0.292948 0.228849 0.228425 0.31078 0.522703 0.418693 0.421275 0.0166007 0.30657 0.229319 0.329725
0.162976 0.411641 0.156292 1.58195e-05 0.176411 1.61275e-05 0.163096 0.15934 0.424811 0.988755 0.178516 1.60624e-05 0.177402 0.160186 0.157485 0.17604 0.17569 0.164088 0.37772 0.409501 0.412065 0.985233 0.161511 0.176428 0.155179
0.308965 0.420848 0.331733 0.999984 0.229298 0.999983 0.309162 0.278218 0.435636 0.0131319 0.231848 0.999983 0.2305 0.279611 0.292948 0.228849 0.228425 0.31078 0.522703 0.418693 0.421275 0.0166007 0.306571 0.229319 0.329726
0.162976 0.411641 0.156292 1.54999e-05 0.176411 1.57981e-05 0.163096 0.15934 0.424811 0.988755 0.178516 1.57351e-05 0.177402 0.160186 0.157485 0.17604 0.17569 0.164088 0.37772 0.409501 0.412065 0.985233 0.161511 0.176428 0.155179
0.308965 0.420848 0.331733 0.999984 0.229298 0.999984 0.309162 0.278218 0.435636 0.0131319 0.231848 0.999984 0.2305 0.279611 0.292948 0.228849 0.228425 0.31078 0.522703 0.418693 0.421275 0.0166006 0.306571 0.229319 0.329726
0.162976 0.41164 0.156292 1.51917e-05 0.17641 1.54804e-05 0.163096 0.15934 0.424811 0.988755 0.178516 1.54195e-05 0.177402 0.160186 0.157485 0.17604 0.17569 0.164088 0.37772 0.409501 0.412065 0.985233 0.161511 0.176428 0.155179
0.308965 0.420848 0.331733 0.999984 0.229298 0.999984 0.309163 0.278218 0.435636 0.0131318 0.231848 0.999984 0.2305 0.279611 0.292948 0.228849 0.228425 0.31078 0.522703 0.418693 0.421275 0.0166006 0.306571 0.229319 0.329726
0.162976 0.41164 0.156292 1.48943e-05 0.17641 1.5174e-05 0.163096 0.15934 0.424811 0.988755 0.178516 1.5115e-05 0.177402 0.160186 0.157485 0.17604 0.17569 0.164088 0.37772 0.409501 0.412064 0.985233 0.161511 0.176428 0.155179
0.308966 0.420848 0.331733 0.999984 0.229298 0.999984 0.309163 0.278218 0.435636 0.0131318 0.231848 0.999984 0.2305 0.279611 0.292948 0.228849 0.228425 0.31078 0.522703 0.418693 0.421275 0.0166005 0.306571 0.229319 0.329726
0.162976 0.41164 0.156292 1.46073e-05 0.17641 1.48783e-05 0.163096 0.15934 0.424811 0.988755 0.178516 1.48211e-05 0.177402 0.160186 0.157485 0.17604 0.17569 0.164088 0.37772 0.4095 0.412064 0.985233 0.161511 0.176428 0.155179
0.308966 0.420848 0.331733 0.999985 0.229298 0.999985 0.309163 0.278218 0.435635 0.0131318 0.231848 0.999985 0.2305 0.279611 0.292948 0.228849 0.228425 0.310781 0.522703 0.418693 0.421275 0.0166005 0.306571 0.229319 0.329726
0.162976 0.41164 0.156292 1.43302e-05 0.17641 1.45929e-05 0.163096 0.15934 0.424811 0.988755 0.178516 1.45375e-05 0.177402 0.160186 0.157485 0.17604 0.17569 0.164088 0.37772 0.4095 0.412064 0.985233 0.161511 0.176428 0.155179
0.308966 0.420848 0.331733 0.999985 0.229298 0.999985 0.309163 0.278219 0.435635 0.0131317 0.231848 0.999985 0.2305 0.279611 0.292949 0.228849 0.228425 0.310781 0.522703 0.418693 0.421275 0.0166004 0.306571 0.229319 0.329726
0.162976 0.41164 0.156292 1.40626e-05 0.17641 1.43174e-05 0.163096 0.15934 0.424811 0.988755 0.178516 1.42636e-05 0.177402 0.160186 0.157485 0.17604 0.17569 0.164088 0.377719 0.4095 0.412064 0.985233 0.161511 0.176428 0.155179
0.308966 0.420848 0.331734 0.999985 0.229298 0.999985 0.309163 0.278219 0.435635 0.0131317 0.231848 0.999985 0.2305 0.279611 0.292949 0.228849 0.228425 0.310781 0.522703 0.418692 0.421275 0.0166004 0.306571 0.229319 0.329726
0.162976 0.41164 0.156292 1.38041e-05 0.17641 1.40512e-05 0.163096 0.15934 0.424811 0.988755 0.178516 1.39991e-05 0.177402 0.160186 0.157485 0.17604 0.17569 0.164088 0.377719 0.4095 0.412064 0.985233 0.161511 0.176427 0.155179
0.308966 0.420848 0.331734 0.999986 0.229298 0.999985 0.309163 0.278219 0.435635 0.0131317 0.231848 0.999986 0.2305 0.279612 0.292949 0.228849 0.228425 0.310781 0.522703 0.418692 0.421275 0.0166003 0.306571 0.229319 0.329726
0.162976 0.41164 0.156292 1.35543e-05 0.17641 1.37941e-05 0.163096 0.159339 0.42481 0.988755 0.178516 1.37435e-05 0.177402 0.160186 0.157485 0.17604 0.17569 0.164088 0.377719 0.4095 0.412064 0.985233 0.161511 0.176427 0.155179
0.308966 0.420848 0.331734 0.999986 0.229298 0.999986 0.309163 0.278219 0.435635 0.0131316 0.231848 0.999986 0.2305 0.279612 0.292949 0.228849 0.228425 0.310781 0.522703 0.418692 0.421275 0.0166003 0.306571 0.229319 0.329726
0.162976 0.41164 0.156292 1.33129e-05 0.17641 1.35456e-05 0.163096 0.159339 0.42481 0.988756 0.178516 1.34965e-05 0.177402 0.160186 0.157485 0.17604 0.17569 0.164088 0.377719 0.4095 0.412064 0.985233 0.161511 0.176427 0.155179
0.308966 0.420848 0.331734 0.999986 0.229298 0.999986 0.309163 0.278219 0.435635 0.0131316 0.231848 0.999986 0.2305 0.279612 0.292949 0.228849 0.228425 0.310781 0.522703 0.418692 0.421275 0.0166003 0.306571 0.229319 0.329726
0.162976 0.411639 0.156292 1.30794e-05 0.17641 1.33055e-05 0.163096 0.159339 0.42481 0.988756 0.178516 1.32578e-05 0.177402 0.160186 0.157485 0.17604 0.17569 0.164088 0.377719 0.4095 0.412064 0.985233 0.161511 0.176427 0.155179
0.308966 0.420848 0.331734 0.999986 0.229298 0.999986 0.309163 0.278219 0.435635 0.0131316 0.231848 0.999986 0.2305 0.279612 0.292949 0.228849 0.228425 0.310781 0.522703 0.418692 0.421275 0.0166002 0.306571 0.229319 0.329727
0.162976 0.411639 0.156292 1.28537e-05 0.17641 1.30732e-05 0.163096 0.159339 0.42481 0.988756 0.178516 1.30269e-05 0.177402 0.160186 0.157485 0.17604 0.17569 0.164088 0.377719 0.4095 0.412064 0.985233 0.161511 0.176427 0.155179
0.308966 0.420848 0.331734 0.999987 0.229298 0.999986 0.309163 0.278219 0.435635 0.0131316 0.231848 0.999987 0.2305 0.279612 0.292949 0.228849 0.228425 0.310781 0.522703 0.418692 0.421275 0.0166002 0.306572 0.229319 0.329727
0.162975 0.411639 0.156292 1.26353e-05 0.17641 1.28486e-05 0.163096 0.159339 0.42481 0.988756 0.178516 1.28036e-05 0.177402 0.160186 0.157485 0.17604 0.17569 0.164088 0.377719 0.4095 0.412063 0.985233 0.161511 0.176427 0.155179
0.308966 0.420847 0.331734 0.999987 0.229298 0.999987 0.309163 0.278219 0.435635 0.0131315 0.231848 0.999987 0.2305 0.279612 0.292949 0.228849 0.228425 0.310781 0.522703 0.418692 0.421275 0.0166002 0.306572 0.229319 0.329727
0.162975 0.411639 0.156292 1.24239e-05 0.17641 1.26312e-05 0.163096 0.159339 0.42481 0.988756 0.178516 1.25875e-05 0.177402 0.160186 0.157485 0.17604 0.17569 0.164088 0.377719 0.409499 0.412063 0.985233 0.161511 0.176427 0.155179
0.308966 0.420847 0.331734 0.999987 0.229299 0.999987 0.309164 0.278219 0.435635 0.0131315 0.231848 0.999987 0.2305 0.279612 0.292949 0.228849 0.228425 0.310781 0.522703 0.418692 0.421275 0.0166001 0.306572 0.229319 0.329727
0.162975 0.411639 0.156292 1.22193e-05 0.17641 1.24209e-05 0.163096 0.159339 0.42481 0.988756 0.178515 1.23784e-05 0.177402 0.160186 0.157485 0.17604 0.17569 0.164088 0.377719 0.409499 0.412063 0.985233 0.161511 0.176427 0.155179
0.308966 0.420847 0.331734 0.999987 0.229299 0.999987 0.309164 0.278219 0.435635 0.0131315 0.231848 0.999987 0.2305 0.279612 0.292949 0.22885 0.228425 0.310781 0.522703 0.418692 0.421275 0.0166001 0.306572 0.229319 0.329727
0.162975 0.411639 0.156292 1.20213e-05 0.17641 1.22173e-05 0.163096 0.159339 0.42481 0.988756 0.178515 1.2176e-05 0.177402 0.160186 0.157485 0.17604 0.17569 0.164088 0.377719 0.409499 0.412063 0.985233 0.161511 0.176427 0.155179
0.308967 0.420847 0.331734 0.999987 0.229299 0.999987 0.309164 0.278219 0.435635 0.0131315 0.231848 0.999987 0.2305 0.279612 0.292949 0.22885 0.228425 0.310781 0.522703 0.418692 0.421275 0.0166001 0.306572 0.229319 0.329727
0.162975 0.411639 0.156292 1.18295e-05 0.17641 1.20202e-05 0.163096 0.159339 0.42481 0.988756 0.178515 1.198e-05 0.177402 0.160186 0.157485 0.17604 0.17569 0.164088 0.377719 0.409499 0.412063 0.985234 0.161511 0.176427 0.155179
0.308967 0.420847 0.331734 0.999988 0.229299 0.999988 0.309164 0.278219 0.435635 0.0131314 0.231848 0.999988 0.2305 0.279612 0.292949 0.22885 0.228425 0.310781 0.522703 0.418692 0.421275 0.0166 0.306572 0.229319 0.329727
0.162975 0.411639 0.156292 1.16437e-05 0.17641 1.18293e-05 0.163096 0.159339 0.42481 0.988756 0.178515 1.17902e-05 0.177402 0.160186 0.157485 0.17604 0.17569 0.164088 0.377718 0.409499 0.412063 0.985234 0.161511 0.176427 0.155179
0.308967 0.420847 0.331735 0.999988 0.229299 0.999988 0.309164 0.278219 0.435635 0.0131314 0.231848 0.999988 0.2305 0.279612 0.292949 0.22885 0.228425 0.310782 0.522703 0.418692 0.421274 0.0166 0.306572 0.229319 0.329727
0.162975 0.411639 0.156292 1.14636e-05 0.17641 1.16443e-05 0.163096 0.159339 0.42481 0.988756 0.178515 1.16063e-05 0.177402 0.160186 0.157485 0.17604 0.17569 0.164088 0.377718 0.409499 0.412063 0.985234 0.161511 0.176427 0.155179
0.308967 0.420847 0.331735 0.999988 0.229299 0.999988 0.309164 0.278219 0.435635 0.0131314 0.231848 0.999988 0.2305 0.279612 0.292949 0.22885 0.228425 0.310782 0.522703 0.418692 0.421274 0.0166 0.306572 0.229319 0.329727
0.162975 0.411639 0.156292 1.12892e-05 0.17641 1.14651e-05 0.163096 0.159339 0.42481 0.988756 0.178515 1.1428e-05 0.177402 0.160186 0.157485 0.17604 0.17569 0.164088 0.377718 0.409499 0.412063 0.985234 0.161511 0.176427 0.155179
0.308967 0.420847 0.331735 0.999988 0.229299 0.999988 0.309164 0.278219 0.435635 0.0131314 0.231848 0.999988 0.2305 0.279612 0.292949 0.22885 0.228425 0.310782 0.522703 0.418692 0.421274 0.0166 0.306572 0.229319 0.329727
0.162975 0.411639 0.156292 1.112e-05 0.17641 1.12914e-05 0.163096 0.159339 0.424809 0.988756 0.178515 1.12553e-05 0.177402 0.160186 0.157485 0.17604 0.17569 0.164088 0.377718 0.409499 0.412063 0.985234 0.161511 0.176427 0.155179
0.308967 0.420847 0.331735 0.999988 0.229299 0.999988 0.309164 0.278219 0.435635 0.0131314 0.231848 0.999988 0.2305 0.279612 0.292949 0.22885 0.228425 0.310782 0.522703 0.418692 0.421274 0.0165999 0.306572 0.229319 0.329727
0.162975 0.411639 0.156292 1.0956e-05 0.17641 1.1123e-05 0.163096 0.159339 0.424809 0.988756 0.178515 1.10878e-05 0.177402 0.160186 0.157485 0.17604 0.17569 0.164088 0.377718 0.409499 0.412063 0.985234 0.161511 0.176427 0.155179
0.308967 0.420847 0.331735 0.999989 0.229299 0.999988 0.309164 0.278219 0.435635 0.0131313 0.231848 0.999988 0.2305 0.279612 0.292949 0.22885 0.228425 0.310782 0.522703 0.418692 0.421274 0.0165999 0.306572 0.229319 0.329727
0.162975 0.411638 0.156292 1.0797e-05 0.17641 1.09597e-05 0.163096 0.159339 0.424809 0.988756 0.178515 1.09254e-05 0.177402 0.160186 0.157485 0.17604 0.17569 0.164088 0.377718 0.409499 0.412063 0.985234 0.161511 0.176427 0.155179
0.308967 0.420847 0.331735 0.999989 0.229299 0.999989 0.309164 0.278219 0.435635 0.0131313 0.231848 0.999989 0.2305 0.279612 0.292949 0.22885 0.228425 0.310782 0.522703 0.418692 0.421274 0.0165999 0.306572 0.229319 0.329727
0.162975 0.411638 0.156292 1.06427e-05 0.17641 1.08013e-05 0.163096 0.159339 0.424809 0.988756 0.178515 1.07679e-05 0.177402 0.160186 0.157485 0.17604 0.17569 0.164088 0.377718 0.409499 0.412063 0.985234 0.161511 0.176427 0.155179
0.308967 0.420847 0.331735 0.999989 0.229299 0.999989 0.309164 0.278219 0.435635 0.0131313 0.231848 0.999989 0.2305 0.279612 0.292949 0.22885 0.228425 0.310782 0.522703 0.418692 0.421274 0.0165999 0.306572 0.229319 0.329728
0.162975 0.411638 0.156292 1.0493e-05 0.17641 1.06477e-05 0.163096 0.159339 0.424809 0.988756 0.178515 1.06151e-05 0.177402 0.160186 0.157485 0.17604 0.17569 0.164088 0.377718 0.409499 0.412063 0.985234 0.161511 0.176427 0.155179
0.308967 0.420847 0.331735 0.999989 0.229299 0.999989 0.309164 0.278219 0.435635 0.0131313 0.231848 0.999989 0.2305 0.279612 0.29295 0.22885 0.228425 0.310782 0.522703 0.418692 0.421274 0.0165998 0.306572 0.229319 0.329728
0.162975 0.411638 0.156292 1.03477e-05 0.17641 1.04985e-05 0.163096 0.159339 0.424809 0.988756 0.178515 1.04668e-05 0.177402 0.160186 0.157485 0.17604 0.17569 0.164088 0.377718 0.409499 0.412062 0.985234 0.161511 0.176427 0.155179
0.308967 0.420847 0.331735 0.999989 0.229299 0.999989 0.309164 0.278219 0.435635 0.0131313 0.231848 0.999989 0.2305 0.279612 0.29295 0.22885 0.228425 0.310782 0.522703 0.418692 0.421274 0.0165998 0.306572 0.229319 0.329728
0.162975 0.411638 0.156292 1.02066e-05 0.17641 1.03538e-05 0.163096 0.159339 0.424809 0.988756 0.178515 1.03229e-05 0.177402 0.160186 0.157485 0.17604 0.175689 0.164088 0.377718 0.409499 0.412062 0.985234 0.161511 0.176427 0.155179
0.308967 0.420847 0.331735 0.999989 0.229299 0.999989 0.309164 0.278219 0.435635 0.0131312 0.231848 0.999989 0.2305 0.279612 0.29295 0.22885 0.228425 0.310782 0.522703 0.418692 0.421274 0.0165998 0.306572 0.22932 0.329728
0.162975 0.411638 0.156292 1.00697e-05 0.17641 1.02133e-05 0.163096 0.159339 0.424809 0.988756 0.178515 1.01831e-05 0.177402 0.160186 0.157485 0.17604 0.175689 0.164088 0.377718 0.409498 0.412062 0.985234 0.161511 0.176427 0.155179
0.308967 0.420847 0.331735 0.999989 0.229299 0.999989 0.309164 0.27822 0.435635 0.0131312 0.231848 0.999989 0.2305 0.279612 0.29295 0.22885 0.228425 0.310782 0.522703 0.418692 0.421274 0.0165998 0.306573 0.22932 0.329728
0.162975 0.411638 0.156292 9.93666e-06 0.17641 1.00769e-05 0.163096 0.159339 0.424809 0.988756 0.178515 1.00474e-05 0.177402 0.160186 0.157485 0.17604 0.175689 0.164088 0.377718 0.409498 0.412062 0.985234 0.161511 0.176427 0.155179
0.308967 0.420847 0.331735 0.99999 0.229299 0.99999 0.309164 0.27822 0.435635 0.0131312 0.231848 0.99999 0.2305 0.279612 0.29295 0.22885 0.228425 0.310782 0.522703 0.418692 0.421274 0.0165998 0.306573 0.22932 0.329728
0.162975 0.411638 0.156292 9.80747e-06 0.17641 9.94442e-06 0.163096 0.159339 0.424809 0.988756 0.178515 9.91563e-06 0.177402 0.160186 0.157485 0.17604 0.175689 0.164088 0.377718 0.409498 0.412062 0.985234 0.161511 0.176427 0.155179
0.308967 0.420847 0.331735 0.99999 0.229299 0.99999 0.309164 0.27822 0.435635 0.0131312 0.231848 0.99999 0.2305 0.279612 0.29295 0.22885 0.228425 0.310782 0.522703 0.418692 0.421274 0.0165997 0.306573 0.22932 0.329728
0.162975 0.411638 0.156292 9.68195e-06 0.17641 9.81572e-06 0.163096 0.159339 0.424809 0.988756 0.178515 9.78759e-06 0.177402 0.160186 0.157485 0.17604 0.175689 0.164088 0.377718 0.409498 0.412062 0.985234 0.161511 0.176427 0.155179
0.308967 0.420847 0.331735 0.99999 0.229299 0.99999 0.309164 0.27822 0.435635 0.0131312 0.231848 0.99999 0.2305 0.279612 0.29295 0.22885 0.228425 0.310782 0.522703 0.418692 0.421274 0.0165997 0.306573 0.22932 0.329728
0.162975 0.411638 0.156292 9.55997e-06 0.17641 9.69066e-06 0.163096 0.159339 0.424809 0.988756 0.178515 9.66319e-06 0.177402 0.160186 0.157485 0.17604 0.175689 0.164088 0.377718 0.409498 0.412062 0.985234 0.161511 0.176427 0.155179
0.308967 0.420847 0.331735 0.99999 0.229299 0.99999 0.309165 0.27822 0.435635 0.0131312 0.231848 0.99999 0.2305 0.279612 0.29295 0.22885 0.228425 0.310782 0.522703 0.418692 0.421274 0.0165997 0.306573 0.22932 0.329728
0.162975 0.411638 0.156292 9.44141e-06 0.17641 9.56913e-06 0.163096 0.159339 0.424809 0.988756 0.178515 9.54229e-06 0.177402 0.160186 0.157485 0.17604 0.175689 0.164088 0.377718 0.409498 0.412062 0.985234 0.161511 0.176427 0.155179
0.308967 0.420847 0.331735 0.99999 0.229299 0.99999 0.309165 0.27822 0.435635 0.0131311 0.231848 0.99999 0.2305 0.279613 0.29295 0.22885 0.228425 0.310782 0.522703 0.418691 0.421274 0.0165997 0.306573 0.22932 0.329728
0.162975 0.411638 0.156292 9.32616e-06 0.17641 9.451e-06 0.163096 0.159339 0.424809 0.988756 0.178515 9.42477e-06 0.177402 0.160186 0.157485 0.17604 0.175689 0.164088 0.377718 0.409498 0.412062 0.985234 0.161511 0.176427 0.155179
0.308967 0.420847 0.331735 0.99999 0.229299 0.99999 0.309165 0.27822 0.435635 0.0131311 0.231848 0.99999 0.2305 0.279613 0.29295 0.22885 0.228425 0.310782 0.522703 0.418691 0.421274 0.0165997 0.306573 0.22932 0.329728
0.162975 0.411638 0.156292 9.21409e-06 0.17641 9.33615e-06 0.163096 0.159339 0.424809 0.988756 0.178515 9.31051e-06 0.177402 0.160186 0.157485 0.17604 0.175689 0.164088 0.377718 0.409498 0.412062 0.985234 0.161511 0.176427 0.155179
0.308967 0.420847 0.331735 0.99999 0.229299 0.99999 0.309165 0.27822 0.435635 0.0131311 0.231848 0.99999 0.2305 0.279613 0.29295 0.22885 0.228425 0.310782 0.522703 0.418691 0.421274 0.0165997 0.306573 0.22932 0.329728
0.162975 0.411638 0.156292 9.10511e-06 0.17641 9.22447e-06 0.163096 0.159339 0.424809 0.988756 0.178515 9.1994e-06 0.177402 0.160186 0.157485 0.176039 0.175689 0.164088 0.377717 0.409498 0.412062 0.985234 0.161511 0.176427 0.155179
0.308968 0.420847 0.331735 0.99999 0.229299 0.99999 0.309165 0.27822 0.435635 0.0131311 0.231848 0.99999 0.2305 0.279613 0.29295 0.22885 0.228425 0.310782 0.522703 0.418691 0.421274 0.0165996 0.306573 0.22932 0.329728
0.162975 0.411638 0.156292 8.99909e-06 0.17641 9.11586e-06 0.163096 0.159339 0.424809 0.988756 0.178515 9.09134e-06 0.177402 0.160186 0.157485 0.176039 0.175689 0.164088 0.377717 0.409498 0.412062 0.985234 0.161511 0.176427 0.155179
0.308968 0.420847 0.331736 0.999991 0.229299 0.999991 0.309165 0.27822 0.435635 0.0131311 0.231848 0.999991 0.2305 0.279613 0.29295 0.22885 0.228425 0.310782 0.522703 0.418691 0.421274 0.0165996 0.306573 0.22932 0.329728
0.162975 0.411638 0.156292 8.89595e-06 0.17641 9.0102e-06 0.163096 0.159339 0.424809 0.988756 0.178515 8.98621e-06 0.177402 0.160186 0.157485 0.176039 0.175689 0.164088 0.377717 0.409498 0.412062 0.985234 0.161511 0.176427 0.155179
0.308968 0.420847 0.331736 0.999991 0.229299 0.999991 0.309165 0.27822 0.435635 0.0131311 0.231848 0.999991 0.2305 0.279613 0.29295 0.22885 0.228425 0.310782 0.522703 0.418691 0.421274 0.0165996 0.306573 0.22932 0.329728
0.162975 0.411638 0.156292 8.79559e-06 0.17641 8.9074e-06 0.163096 0.159339 0.424809 0.988756 0.178515 8.88393e-06 0.177402 0.160185 0.157485 0.176039 0.175689 0.164088 0.377717 0.409498 0.412062 0.985234 0.161511 0.176427 0.155179
0.308968 0.420847 0.331736 0.999991 0.229299 0.999991 0.309165 0.27822 0.435635 0.0131311 0.231848 0.999991 0.2305 0.279613 0.29295 0.22885 0.228425 0.310782 0.522703 0.418691 0.421274 0.0165996 0.306573 0.22932 0.329728
0.162975 0.411638 0.156292 8.69791e-06 0.17641 8.80737e-06 0.163096 0.159339 0.424809 0.988756 0.178515 8.78439e-06 0.177402 0.160185 0.157485 0.176039 0.175689 0.164088 0.377717 0.409498 0.412062 0.985234 0.161511 0.176427 0.155179
0.308968 0.420847 0.331736 0.999991 0.229299 0.999991 0.309165 0.27822 0.435635 0.0131311 0.231848 0.999991 0.2305 0.279613 0.29295 0.22885 0.228425 0.310783 0.522703 0.418691 0.421274 0.0165996 0.306573 0.22932 0.329728
0.162975 0.411638 0.156292 8.60283e-06 0.17641 8.71001e-06 0.163096 0.159339 0.424808 0.988756 0.178515 8.68751e-06 0.177402 0.160185 0.157485 0.176039 0.175689 0.164088 0.377717 0.409498 0.412062 0.985234 0.161511 0.176427 0.155179
0.308968 0.420847 0.331736 0.999991 0.229299 0.999991 0.309165 0.27822 0.435635 0.013131 0.231848 0.999991 0.2305 0.279613 0.29295 0.22885 0.228425 0.310783 0.522703 0.418691 0.421274 0.0165996 0.306573 0.22932 0.329728
0.162975 0.411637 0.156292 8.51026e-06 0.17641 8.61522e-06 0.163096 0.159339 0.424808 0.988756 0.178515 8.5932e-06 0.177402 0.160185 0.157485 0.176039 0.175689 0.164088 0.377717 0.409498 0.412062 0.985234 0.161511 0.176427 0.155179
0.308968 0.420847 0.331736 0.999991 0.229299 0.999991 0.309165 0.27822 0.435635 0.013131 0.231848 0.999991 0.2305 0.279613 0.29295 0.22885 0.228425 0.310783 0.522703 0.418691 0.421274 0.0165995 0.306573 0.22932 0.329728
0.162975 0.411637 0.156292 8.42012e-06 0.17641 8.52294e-06 0.163096 0.159339 0.424808 0.988756 0.178515 8.50137e-06 0.177402 0.160185 0.157485 0.176039 0.175689 0.164088 0.377717 0.409498 0.412062 0.985234 0.161511 0.176427 0.155179
0.308968 0.420847 0.331736 0.999991 0.229299 0.999991 0.309165 0.27822 0.435635 0.013131 0.231848 0.999991 0.2305 0.279613 0.29295 0.22885 0.228425 0.310783 0.522703 0.418691 0.421274 0.0165995 0.306573 0.22932 0.329728
0.162975 0.411637 0.156291 8.33233e-06 0.17641 8.43308e-06 0.163096 0.159339 0.424808 0.988756 0.178515 8.41194e-06 0.177402 0.160185 0.157485 0.176039 0.175689 0.164088 0.377717 0.409498 0.412062 0.985234 0.161511 0.176427 0.155179
0.308968 0.420847 0.331736 0.999991 0.229299 0.999991 0.309165 0.27822 0.435635 0.013131 0.231848 0.999991 0.2305 0.279613 0.29295 0.22885 0.228425 0.310783 0.522703 0.418691 0.421274 0.0165995 0.306573 0.22932 0.329728
0.162975 0.411637 0.156291 8.24682e-06 0.17641 8.34555e-06 0.163096 0.159339 0.424808 0.988756 0.178515 8.32484e-06 0.177402 0.160185 0.157485 0.176039 0.175689 0.164088 0.377717 0.409498 0.412062 0.985234 0.161511 0.176427 0.155179
0.308968 0.420847 0.331736 0.999991 0.229299 0.999991 0.309165 0.27822 0.435635 0.013131 0.231848 0.999991 0.2305 0.279613 0.29295 0.22885 0.228425 0.310783 0.522703 0.418691 0.421274 0.0165995 0.306573 0.22932 0.329728
0.162975 0.411637 0.156291 8.16351e-06 0.17641 8.26029e-06 0.163096 0.159339 0.424808 0.988756 0.178515 8.23999e-06 0.177402 0.160185 0.157485 0.176039 0.175689 0.164088 0.377717 0.409498 0.412062 0.985234 0.161511 0.176427 0.155179
0.308968 0.420847 0.331736 0.999991 0.229299 0.999991 0.309165 0.27822 0.435635 0.013131 0.231848 0.999991 0.2305 0.279613 0.29295 0.22885 0.228425 0.310783 0.522703 0.418691 0.421274 0.0165995 0.306573 0.22932 0.329728
0.162975 0.411637 0.156291 8.08233e-06 0.17641 8.17722e-06 0.163096 0.159339 0.424808 0.988756 0.178515 8.15733e-06 0.177402 0.160185 0.157485 0.176039 0.175689 0.164088 0.377717 0.409498 0.412061 0.985234 0.161511 0.176427 0.155179
0.308968 0.420847 0.331736 0.999992 0.229299 0.999992 0.309165 0.27822 0.435635 0.013131 0.231848 0.999992 0.2305 0.279613 0.29295 0.22885 0.228426 0.310783 0.522703 0.418691 0.421274 0.0165995 0.306573 0.22932 0.329728
0.162975 0.411637 0.156291 8.00322e-06 0.17641 8.09628e-06 0.163096 0.159339 0.424808 0.988756 0.178515 8.07677e-06 0.177402 0.160185 0.157485 0.176039 0.175689 0.164088 0.377717 0.409498 0.412061 0.985234 0.161511 0.176427 0.155179
0.308968 0.420847 0.331736 0.999992 0.229299 0.999992 0.309165 0.27822 0.435635 0.013131 0.231848 0.999992 0.2305 0.279613 0.29295 0.22885 0.228426 0.310783 0.522703 0.418691 0.421274 0.0165995 0.306573 0.22932 0.329728
0.162975 0.411637 0.156291 7.92611e-06 0.17641 8.01739e-06 0.163096 0.159339 0.424808 0.988756 0.178515 7.99825e-06 0.177402 0.160185 0.157485 0.176039 0.175689 0.164088 0.377717 0.409498 0.412061 0.985234 0.161511 0.176427 0.155179
0.308968 0.420847 0.331736 0.999992 0.229299 0.999992 0.309165 0.27822 0.435635 0.013131 0.231849 0.999992 0.2305 0.279613 0.29295 0.22885 0.228426 0.310783 0.522703 0.418691 0.421274 0.0165995 0.306573 0.22932 0.329729
0.162975 0.411637 0.156291 7.85093e-06 0.17641 7.94049e-06 0.163096 0.159339 0.424808 0.988756 0.178515 7.92172e-06 0.177402 0.160185 0.157485 0.176039 0.175689 0.164088 0.377717 0.409498 0.412061 0.985234 0.161511 0.176427 0.155179
0.308968 0.420846 0.331736 0.999992 0.229299 0.999992 0.309165 0.27822 0.435634 0.013131 0.231849 0.999992 0.230501 0.279613 0.29295 0.22885 0.228426 0.310783 0.522703 0.418691 0.421274 0.0165994 0.306573 0.22932 0.329729
0.162975 0.411637 0.156291 7.77764e-06 0.17641 7.86553e-06 0.163096 0.159339 0.424808 0.988756 0.178515 7.84711e-06 0.177402 0.160185 0.157485 0.176039 0.175689 0.164088 0.377717 0.409498 0.412061 0.985234 0.161511 0.176427 0.155179
0.308968 0.420846 0.331736 0.999992 0.229299 0.999992 0.309165 0.27822 0.435634 0.0131309 0.231849 0.999992 0.230501 0.279613 0.29295 0.22885 0.228426 0.310783 0.522703 0.418691 0.421274 0.0165994 0.306573 0.22932 0.329729
0.162975 0.411637 0.156291 7.70617e-06 0.17641 7.79243e-06 0.163096 0.159339 0.424808 0.988756 0.178515 7.77435e-06 0.177402 0.160185 0.157485 0.176039 0.175689 0.164088 0.377717 0.409497 0.412061 0.985234 0.161511 0.176427 0.155179
0.308968 0.420846 0.331736 0.999992 0.229299 0.999992 0.309165 0.27822 0.435634 0.0131309 0.231849 0.999992 0.230501 0.279613 0.29295 0.22885 0.228426 0.310783 0.522703 0.418691 0.421274 0.0165994 0.306573 0.22932 0.329729
0.162975 0.411637 0.156291 7.63646e-06 0.17641 7.72115e-06 0.163096 0.159339 0.424808 0.988756 0.178515 7.7034e-06 0.177402 0.160185 0.157485 0.176039 0.175689 0.164088 0.377717 0.409497 0.412061 0.985234 0.161511 0.176427 0.155179
0.308968 0.420846 0.331736 0.999992 0.229299 0.999992 0.309165 0.27822 0.435634 0.0131309 0.231849 0.999992 0.230501 0.279613 0.29295 0.22885 0.228426 0.310783 0.522703 0.418691 0.421274 0.0165994 0.306573 0.22932 0.329729
0.162975 0.411637 0.156291 7.56847e-06 0.17641 7.65162e-06 0.163096 0.159339 0.424808 0.988756 0.178515 7.6342e-06 0.177402 0.160185 0.157485 0.176039 0.175689 0.164088 0.377717 0.409497 0.412061 0.985234 0.161511 0.176427 0.155179
0.308968 0.420846 0.331736 0.999992 0.229299 0.999992 0.309165 0.27822 0.435634 0.0131309 0.231849 0.999992 0.230501 0.279613 0.29295 0.22885 0.228426 0.310783 0.522703 0.418691 0.421274 0.0165994 0.306573 0.22932 0.329729
0.162975 0.411637 0.156291 7.50214e-06 0.17641 7.5838e-06 0.163096 0.159339 0.424808 0.988756 0.178515 7.5667e-06 0.177402 0.160185 0.157485 0.176039 0.175689 0.164088 0.377717 0.409497 0.412061 0.985234 0.161511 0.176427 0.155179
0.308968 0.420846 0.331736 0.999992 0.229299 0.999992 0.309165 0.27822 0.435634 0.0131309 0.231849 0.999992 0.230501 0.279613 0.29295 0.22885 0.228426 0.310783 0.522703 0.418691 0.421274 0.0165994 0.306573 0.22932 0.329729
0.162975 0.411637 0.156291 7.43742e-06 0.17641 7.51764e-06 0.163096 0.159339 0.424808 0.988756 0.178515 7.50084e-06 0.177402 0.160185 0.157485 0.176039 0.175689 0.164088 0.377717 0.409497 0.412061 0.985234 0.161511 0.176427 0.155179
0.308968 0.420846 0.331736 0.999992 0.229299 0.999992 0.309165 0.27822 0.435634 0.0131309 0.231849 0.999992 0.230501 0.279613 0.29295 0.22885 0.228426 0.310783 0.522703 0.418691 0.421274 0.0165994 0.306573 0.22932 0.329729
0.162975 0.411637 0.156291 7.37426e-06 0.17641 7.45308e-06 0.163096 0.159339 0.424808 0.988756 0.178515 7.43658e-06 0.177402 0.160185 0.157485 0.176039 0.175689 0.164088 0.377717 0.409497 0.412061 0.985234 0.161511 0.176427 0.155179
0.308968 0.420846 0.331736 0.999992 0.229299 0.999992 0.309165 0.27822 0.435634 0.0131309 0.231849 0.999992 0.230501 0.279613 0.29295 0.22885 0.228426 0.310783 0.522703 0.418691 0.421274 0.0165994 0.306573 0.22932 0.329729
0.162975 0.411637 0.156291 7.31262e-06 0.17641 7.39008e-06 0.163096 0.159339 0.424808 0.988756 0.178515 7.37386e-06 0.177402 0.160185 0.157485 0.176039 0.175689 0.164088 0.377717 0.409497 0.412061 0.985234 0.161511 0.176427 0.155179
0.308968 0.420846 0.331736 0.999992 0.229299 0.999992 0.309165 0.27822 0.435634 0.0131309 0.231849 0.999992 0.230501 0.279613 0.29295 0.22885 0.228426 0.310783 0.522703 0.418691 0.421274 0.0165994 0.306573 0.22932 0.329729
0.162975 0.411637 0.156291 7.25245e-06 0.17641 7.32859e-06 0.163096 0.159339 0.424808 0.988756 0.178515 7.31265e-06 0.177401 0.160185 0.157485 0.176039 0.175689 0.164088 0.377717 0.409497 0.412061 0.985234 0.161511 0.176427 0.155179
0.308968 0.420846 0.331736 0.999992 0.229299 0.999992 0.309165 0.27822 0.435634 0.0131309 0.231849 0.999992 0.230501 0.279613 0.29295 0.22885 0.228426 0.310783 0.522703 0.418691 0.421274 0.0165994 0.306573 0.22932 0.329729
0.162975 0.411637 0.156291 7.19372e-06 0.17641 7.26856e-06 0.163096 0.159339 0.424808 0.988756 0.178515 7.2529e-06 0.177401 0.160185 0.157485 0.176039 0.175689 0.164088 0.377717 0.409497 0.412061 0.985234 0.161511 0.176427 0.155179
0.308968 0.420846 0.331736 0.999992 0.229299 0.999992 0.309165 0.27822 0.435634 0.0131309 0.231849 0.999992 0.230501 0.279613 0.29295 0.22885 0.228426 0.310783 0.522703 0.418691 0.421274 0.0165993 0.306573 0.22932 0.329729
0.162975 0.411637 0.156291 7.13637e-06 0.17641 7.20996e-06 0.163096 0.159339 0.424808 0.988756 0.178515 7.19456e-06 0.177401 0.160185 0.157485 0.176039 0.175689 0.164088 0.377717 0.409497 0.412061 0.985234 0.161511 0.176427 0.155179
0.308968 0.420846 0.331736 0.999993 0.229299 0.999993 0.309165 0.27822 0.435634 0.0131309 0.231849 0.999993 0.230501 0.279613 0.29295 0.22885 0.228426 0.310783 0.522703 0.418691 0.421274 0.0165993 0.306573 0.22932 0.329729
0.162975 0.411637 0.156291 7.08037e-06 0.17641 7.15275e-06 0.163096 0.159339 0.424808 0.988756 0.178515 7.1376e-06 0.177401 0.160185 0.157485 0.176039 0.175689 0.164088 0.377717 0.409497 0.412061 0.985234 0.161511 0.176427 0.155179
0.308968 0.420846 0.331736 0.999993 0.229299 0.999993 0.309165 0.27822 0.435634 0.0131309 0.231849 0.999993 0.230501 0.279613 0.29295 0.22885 0.228426 0.310783 0.522703 0.418691 0.421274 0.0165993 0.306573 0.22932 0.329729
0.162975 0.411637 0.156291 7.02568e-06 0.17641 7.09687e-06 0.163096 0.159339 0.424808 0.988756 0.178515 7.08198e-06 0.177401 0.160185 0.157485 0.176039 0.175689 0.164088 0.377717 0.409497 0.412061 0.985234 0.161511 0.176427 0.155179
0.308968 0.420846 0.331736 0.999993 0.229299 0.999993 0.309165 0.27822 0.435634 0.0131309 0.231849 0.999993 0.230501 0.279613 0.29295 0.22885 0.228426 0.310783 0.522703 0.418691 0.421274 0.0165993 0.306574 0.22932 0.329729
0.162975 0.411637 0.156291 6.97227e-06 0.17641 7.04231e-06 0.163096 0.159339 0.424808 0.988756 0.178515 7.02766e-06 0.177401 0.160185 0.157485 0.176039 0.175689 0.164088 0.377717 0.409497 0.412061 0.985234 0.161511 0.176427 0.155179
0.308968 0.420846 0.331736 0.999993 0.229299 0.999993 0.309165 0.27822 0.435634 0.0131309 0.231849 0.999993 0.230501 0.279613 0.29295 0.22885 0.228426 0.310783 0.522703 0.418691 0.421274 0.0165993 0.306574 0.22932 0.329729
