0.067656 0.0712039 0.0737138 0.0520086 0.165404 0.0524591 0.067705 0.0583899 0.071718 0.0298749 0.166853 0.0523665 0.166087 0.0587511 0.154307 0.165149 0.164908 0.0681085 0.102386 0.0706814 0.0713079 0.0261332 0.0670613 0.165416 0.0731765
0.257678 0.249373 0.278702 0.229127 0.332738 0.231152 0.257866 0.226453 0.251213 0.209207 0.335694 0.230735 0.334132 0.227853 0.340139 0.332216 0.331723 0.25941 0.324903 0.247499 0.249746 0.187097 0.255397 0.332762 0.276723
0.166491 0.156598 0.194159 0.134562 0.259297 0.135989 0.166639 0.129421 0.158008 0.116294 0.262035 0.135695 0.260588 0.130295 0.290728 0.258814 0.258358 0.167853 0.250969 0.155165 0.156883 0.0932369 0.164702 0.259319 0.192544
0.216627 0.197276 0.2586 0.178679 0.297189 0.180495 0.21681 0.161456 0.198984 0.175286 0.300208 0.180121 0.298612 0.162539 0.353568 0.296657 0.296154 0.218311 0.327572 0.195541 0.197621 0.136511 0.214415 0.297214 0.256597
0.189993 0.168235 0.240364 0.150695 0.276104 0.152289 0.190161 0.128588 0.169757 0.151949 0.279012 0.151961 0.277475 0.129479 0.36025 0.275592 0.275107 0.191535 0.320628 0.166688 0.168542 0.109152 0.187968 0.276128 0.238451
0.203973 0.176123 0.266823 0.161346 0.286333 0.16303 0.204149 0.129804 0.177699 0.174461 0.289307 0.162684 0.287735 0.130713 0.395545 0.285809 0.285313 0.205598 0.359352 0.174522 0.176442 0.119756 0.201837 0.286358 0.264771
0.196066 0.164892 0.268859 0.151852 0.279877 0.153456 0.196238 0.114868 0.166389 0.172153 0.282813 0.153126 0.281261 0.115687 0.416283 0.27936 0.27887 0.197647 0.373471 0.163372 0.165195 0.110636 0.19399 0.279901 0.266797
0.199558 0.163776 0.284 0.152937 0.282152 0.154549 0.199731 0.109016 0.165262 0.183375 0.285101 0.154218 0.283542 0.109804 0.444073 0.281632 0.28114 0.201158 0.400738 0.162266 0.164076 0.111827 0.197454 0.282176 0.281867
0.19698 0.157629 0.292176 0.148547 0.279807 0.150121 0.197152 0.0996405 0.15907 0.187374 0.282742 0.149797 0.28119 0.100371 0.468112 0.27929 0.2788 0.198566 0.420963 0.156167 0.15792 0.107691 0.194897 0.279831 0.290006
0.197472 0.154223 0.304035 0.146955 0.279802 0.148515 0.197645 0.0929099 0.155636 0.195204 0.282736 0.148194 0.281185 0.0935998 0.493447 0.279285 0.278796 0.19906 0.444585 0.152788 0.154508 0.106264 0.195386 0.279826 0.301814
0.196334 0.149629 0.31393 0.143948 0.278558 0.145481 0.196505 0.0857935 0.151007 0.200977 0.281485 0.145165 0.279938 0.0864383 0.51745 0.278043 0.277555 0.197915 0.465975 0.148231 0.149907 0.103471 0.194256 0.278582 0.311669
0.195981 0.145844 0.324709 0.141676 0.277914 0.143188 0.196152 0.0797255 0.147191 0.207719 0.280836 0.142877 0.279292 0.0803311 0.541073 0.277399 0.276912 0.19756 0.487756 0.144476 0.146116 0.101387 0.193907 0.277938 0.322407
0.195207 0.141907 0.334799 0.139096 0.276957 0.140584 0.195378 0.0740045 0.143223 0.213801 0.279873 0.140278 0.278331 0.0745724 0.563596 0.276443 0.275957 0.196781 0.508325 0.140572 0.142173 0.0990104 0.193139 0.276981 0.332461
0.19463 0.138323 0.344867 0.136756 0.276157 0.138223 0.1948 0.0689383 0.13961 0.21998 0.279068 0.137922 0.277529 0.0694721 0.585052 0.275644 0.275159 0.1962 0.528193 0.137017 0.138583 0.0968658 0.192567 0.276181 0.342495
0.193959 0.134881 0.354441 0.134424 0.2753 0.13587 0.194129 0.0643583 0.13614 0.225795 0.278205 0.135573 0.27667 0.0648608 0.605166 0.274788 0.274304 0.195525 0.546841 0.133603 0.135135 0.094731 0.191902 0.275324 0.352039
0.193351 0.13171 0.363618 0.132247 0.274507 0.133672 0.193521 0.0603096 0.132943 0.231396 0.277406 0.133379 0.275874 0.060784 0.623837 0.273996 0.273513 0.194913 0.564285 0.130459 0.131959 0.0927434 0.191299 0.274531 0.361188
0.192745 0.128773 0.372223 0.130184 0.273735 0.13159 0.192914 0.0567324 0.129981 0.236636 0.276629 0.131301 0.275099 0.0571816 0.640948 0.273225 0.272743 0.194303 0.580335 0.127546 0.129017 0.0908647 0.190697 0.273758 0.369769
0.192181 0.126102 0.380236 0.128278 0.273017 0.129667 0.192349 0.0536078 0.127288 0.241525 0.275906 0.129381 0.274379 0.0540346 0.656455 0.272508 0.272027 0.193735 0.594962 0.124898 0.126341 0.0891342 0.190138 0.273041 0.377761
0.19165 0.123688 0.387589 0.126528 0.272349 0.1279 0.191818 0.0508928 0.124854 0.246011 0.275233 0.127617 0.273708 0.0513001 0.67035 0.27184 0.27136 0.193201 0.608125 0.122505 0.123924 0.0875484 0.189612 0.272372 0.385096
0.191165 0.121533 0.394266 0.124943 0.271739 0.1263 0.191333 0.0485518 0.122681 0.250091 0.274619 0.126021 0.273097 0.048942 0.682674 0.271232 0.270752 0.192713 0.619851 0.120369 0.121765 0.0861166 0.189131 0.271763 0.391757
0.190723 0.119625 0.400258 0.123523 0.271188 0.124866 0.190891 0.0465444 0.120756 0.253755 0.274064 0.12459 0.272544 0.0469199 0.693501 0.270681 0.270202 0.192268 0.630193 0.118477 0.119854 0.0848355 0.188693 0.271211 0.397736
0.190328 0.117951 0.405582 0.122263 0.270696 0.123594 0.190495 0.0448327 0.119068 0.257015 0.273569 0.12332 0.27205 0.0451955 0.702932 0.27019 0.269711 0.19187 0.639232 0.116818 0.118177 0.0837016 0.188301 0.270719 0.403049
0.189977 0.116494 0.410266 0.121155 0.270261 0.122476 0.190144 0.0433798 0.117599 0.259886 0.273131 0.122204 0.271614 0.0437319 0.711084 0.269756 0.269277 0.191517 0.647071 0.115374 0.116718 0.0827067 0.187954 0.270285 0.407724
0.189669 0.115235 0.414353 0.12019 0.269881 0.121501 0.189836 0.0421517 0.116329 0.262393 0.272748 0.121231 0.271232 0.0424946 0.718084 0.269376 0.268898 0.191207 0.653821 0.114125 0.115456 0.0818411 0.187648 0.269904 0.411804
0.189401 0.114154 0.417891 0.119355 0.26955 0.120658 0.189568 0.0411171 0.115238 0.264566 0.272415 0.12039 0.270901 0.0414523 0.724061 0.269046 0.268568 0.190938 0.659597 0.113053 0.114373 0.0810933 0.187383 0.269574 0.415335
0.18917 0.11323 0.420934 0.118637 0.269266 0.119934 0.189336 0.0402483 0.114307 0.266437 0.272129 0.119667 0.270615 0.0405769 0.729138 0.268761 0.268284 0.190705 0.664515 0.112138 0.113448 0.0804516 0.187154 0.269289 0.418373
0.188972 0.112446 0.423535 0.118024 0.269022 0.119315 0.189138 0.0395203 0.113515 0.268037 0.271883 0.119049 0.270371 0.0398435 0.733433 0.268518 0.268041 0.190505 0.668682 0.11136 0.112662 0.0799038 0.186957 0.269045 0.42097
0.188802 0.111781 0.425748 0.117502 0.268814 0.118788 0.188968 0.0389118 0.112845 0.269399 0.271674 0.118524 0.270162 0.0392303 0.737053 0.26831 0.267834 0.190335 0.672201 0.110702 0.111996 0.0794385 0.186789 0.268837 0.423179
0.188659 0.111221 0.427621 0.117061 0.268638 0.118343 0.188825 0.0384039 0.11228 0.270554 0.271496 0.118079 0.269985 0.0387185 0.740095 0.268134 0.267658 0.19019 0.675161 0.110147 0.111435 0.079045 0.186647 0.268661 0.42505
0.188537 0.11075 0.429202 0.116689 0.268489 0.117967 0.188703 0.0379806 0.111805 0.271528 0.271347 0.117704 0.269836 0.0382921 0.742645 0.267986 0.267509 0.190068 0.677645 0.10968 0.110964 0.0787133 0.186526 0.268512 0.426628
0.188435 0.110356 0.430532 0.116376 0.268364 0.117651 0.188601 0.0376283 0.111407 0.272348 0.27122 0.117388 0.26971 0.0379371 0.744777 0.26786 0.267384 0.189965 0.679724 0.109289 0.110568 0.0784345 0.186425 0.268387 0.427956
0.188349 0.110025 0.431647 0.116113 0.268259 0.117386 0.188515 0.0373354 0.111074 0.273036 0.271115 0.117124 0.269605 0.0376419 0.746558 0.267755 0.26728 0.189878 0.681461 0.108961 0.110237 0.0782008 0.186339 0.268282 0.429069
0.188277 0.109749 0.43258 0.115894 0.268171 0.117164 0.188443 0.037092 0.110796 0.273612 0.271026 0.116902 0.269517 0.0373967 0.748042 0.267668 0.267192 0.189806 0.682911 0.108688 0.109961 0.0780054 0.186268 0.268194 0.430001
0.188217 0.109519 0.43336 0.11571 0.268097 0.116979 0.188382 0.03689 0.110564 0.274093 0.270952 0.116718 0.269443 0.0371931 0.749277 0.267594 0.267118 0.189745 0.684118 0.10846 0.10973 0.0778422 0.186208 0.26812 0.43078
0.188166 0.109328 0.43401 0.115557 0.268036 0.116824 0.188332 0.0367223 0.11037 0.274494 0.27089 0.116563 0.269381 0.0370242 0.750305 0.267533 0.267057 0.189695 0.685122 0.10827 0.109538 0.0777061 0.186159 0.268059 0.431429
0.188124 0.109168 0.434552 0.11543 0.267985 0.116695 0.18829 0.0365833 0.11021 0.274829 0.270839 0.116435 0.26933 0.0368841 0.751159 0.267482 0.267006 0.189653 0.685957 0.108112 0.109379 0.0775929 0.186117 0.268008 0.43197
0.18809 0.109036 0.435002 0.115324 0.267942 0.116588 0.188255 0.036468 0.110076 0.275107 0.270796 0.116328 0.269287 0.036768 0.751868 0.267439 0.266964 0.189617 0.686651 0.10798 0.109246 0.0774986 0.186083 0.267965 0.43242
0.188061 0.108926 0.435377 0.115236 0.267907 0.116499 0.188226 0.0363725 0.109965 0.275339 0.27076 0.116239 0.269252 0.0366717 0.752456 0.267404 0.266928 0.189588 0.687226 0.107871 0.109136 0.0774203 0.186054 0.26793 0.432794
0.188037 0.108834 0.435688 0.115162 0.267877 0.116426 0.188202 0.0362934 0.109873 0.275531 0.27073 0.116166 0.269222 0.036592 0.752944 0.267374 0.266899 0.189564 0.687704 0.107781 0.109044 0.0773553 0.18603 0.267901 0.433105
0.188017 0.108759 0.435946 0.115102 0.267853 0.116364 0.188182 0.0362278 0.109796 0.27569 0.270706 0.116104 0.269198 0.0365259 0.753349 0.26735 0.266875 0.189544 0.6881 0.107706 0.108968 0.0773014 0.18601 0.267876 0.433362
0.188 0.108696 0.43616 0.115051 0.267833 0.116313 0.188166 0.0361735 0.109733 0.275823 0.270686 0.116054 0.269177 0.0364712 0.753684 0.26733 0.266855 0.189527 0.688429 0.107644 0.108905 0.0772566 0.185994 0.267856 0.433576
0.187986 0.108644 0.436338 0.11501 0.267816 0.116271 0.188152 0.0361285 0.109681 0.275932 0.270669 0.116011 0.269161 0.0364259 0.753962 0.267313 0.266838 0.189513 0.688701 0.107592 0.108853 0.0772195 0.18598 0.267839 0.433754
0.187975 0.108601 0.436485 0.114975 0.267802 0.116236 0.18814 0.0360913 0.109637 0.276023 0.270655 0.115977 0.269147 0.0363884 0.754192 0.267299 0.266824 0.189502 0.688926 0.107549 0.10881 0.0771887 0.185969 0.267825 0.433901
0.187965 0.108565 0.436607 0.114946 0.26779 0.116207 0.188131 0.0360605 0.109601 0.276099 0.270643 0.115948 0.269135 0.0363573 0.754383 0.267288 0.266812 0.189492 0.689113 0.107514 0.108774 0.0771632 0.185959 0.267814 0.434023
0.187958 0.108535 0.436708 0.114922 0.267781 0.116183 0.188123 0.036035 0.109571 0.276161 0.270633 0.115924 0.269126 0.0363316 0.754541 0.267278 0.266803 0.189484 0.689267 0.107484 0.108745 0.0771421 0.185952 0.267804 0.434124
0.187951 0.108511 0.436792 0.114903 0.267773 0.116163 0.188117 0.0360139 0.109546 0.276213 0.270625 0.115904 0.269118 0.0363103 0.754671 0.26727 0.266795 0.189478 0.689395 0.10746 0.10872 0.0771246 0.185945 0.267796 0.434207
0.187946 0.10849 0.436861 0.114886 0.267766 0.116147 0.188111 0.0359964 0.109526 0.276256 0.270619 0.115887 0.269111 0.0362927 0.75478 0.267264 0.266788 0.189473 0.689501 0.10744 0.1087 0.0771102 0.18594 0.26779 0.434276
0.187941 0.108474 0.436919 0.114873 0.267761 0.116133 0.188107 0.0359819 0.109509 0.276291 0.270613 0.115874 0.269106 0.0362781 0.754869 0.267258 0.266783 0.189468 0.689589 0.107423 0.108683 0.0770982 0.185935 0.267784 0.434334
0.187938 0.10846 0.436966 0.114862 0.267756 0.116122 0.188103 0.0359699 0.109495 0.276321 0.270609 0.115863 0.269101 0.0362661 0.754943 0.267254 0.266779 0.189464 0.689662 0.10741 0.108669 0.0770882 0.185932 0.26778 0.434381
0.187934 0.108448 0.437006 0.114852 0.267753 0.116113 0.1881 0.03596 0.109483 0.276345 0.270605 0.115853 0.269097 0.0362561 0.755005 0.26725 0.266775 0.189461 0.689722 0.107398 0.108657 0.07708 0.185929 0.267776 0.43442
0.187932 0.108439 0.437038 0.114845 0.26775 0.116105 0.188098 0.0359518 0.109474 0.276365 0.270602 0.115846 0.269094 0.0362478 0.755056 0.267247 0.266772 0.189459 0.689772 0.107389 0.108648 0.0770732 0.185926 0.267773 0.434453
0.18793 0.108431 0.437065 0.114838 0.267747 0.116098 0.188095 0.035945 0.109466 0.276382 0.270599 0.115839 0.269092 0.036241 0.755098 0.267244 0.266769 0.189457 0.689813 0.107381 0.10864 0.0770676 0.185924 0.26777 0.43448
0.187928 0.108424 0.437088 0.114833 0.267745 0.116093 0.188094 0.0359394 0.109459 0.276396 0.270597 0.115834 0.26909 0.0362353 0.755132 0.267242 0.266767 0.189455 0.689847 0.107374 0.108633 0.0770629 0.185922 0.267768 0.434502
0.187927 0.108419 0.437106 0.114829 0.267743 0.116089 0.188092 0.0359348 0.109454 0.276407 0.270595 0.115829 0.269088 0.0362306 0.755161 0.267241 0.266765 0.189453 0.689875 0.107369 0.108628 0.0770591 0.185921 0.267766 0.434521
0.187926 0.108414 0.437121 0.114825 0.267742 0.116085 0.188091 0.0359309 0.109449 0.276416 0.270594 0.115826 0.269086 0.0362268 0.755185 0.267239 0.266764 0.189452 0.689899 0.107365 0.108623 0.0770559 0.18592 0.267765 0.434536
0.187925 0.108411 0.437134 0.114822 0.267741 0.116082 0.18809 0.0359277 0.109445 0.276424 0.270593 0.115823 0.269085 0.0362236 0.755205 0.267238 0.266763 0.189451 0.689918 0.107361 0.10862 0.0770532 0.185919 0.267764 0.434549
0.187924 0.108408 0.437144 0.11482 0.26774 0.11608 0.188089 0.0359251 0.109442 0.276431 0.270592 0.11582 0.269084 0.0362209 0.755221 0.267237 0.266762 0.18945 0.689934 0.107358 0.108617 0.0770511 0.185918 0.267763 0.434559
0.187923 0.108405 0.437153 0.114818 0.267739 0.116078 0.188089 0.0359229 0.10944 0.276436 0.270591 0.115818 0.269083 0.0362187 0.755235 0.267236 0.266761 0.18945 0.689947 0.107355 0.108614 0.0770492 0.185917 0.267762 0.434568
0.187923 0.108403 0.43716 0.114816 0.267738 0.116076 0.188088 0.0359211 0.109438 0.276441 0.27059 0.115817 0.269083 0.0362169 0.755246 0.267235 0.26676 0.189449 0.689958 0.107353 0.108612 0.0770477 0.185917 0.267761 0.434575
0.187922 0.108401 0.437166 0.114815 0.267738 0.116074 0.188088 0.0359196 0.109436 0.276444 0.27059 0.115815 0.269082 0.0362154 0.755255 0.267235 0.26676 0.189449 0.689967 0.107352 0.10861 0.0770465 0.185916 0.267761 0.434581
0.187922 0.1084 0.437171 0.114814 0.267737 0.116073 0.188087 0.0359184 0.109434 0.276447 0.270589 0.115814 0.269082 0.0362141 0.755263 0.267234 0.266759 0.189448 0.689975 0.10735 0.108609 0.0770455 0.185916 0.26776 0.434586
0.187921 0.108399 0.437175 0.114813 0.267737 0.116072 0.188087 0.0359174 0.109433 0.27645 0.270589 0.115813 0.269081 0.0362131 0.755269 0.267234 0.266759 0.189448 0.689981 0.107349 0.108608 0.0770446 0.185916 0.26776 0.43459
0.187921 0.108398 0.437179 0.114812 0.267736 0.116071 0.188087 0.0359165 0.109432 0.276452 0.270589 0.115812 0.269081 0.0362123 0.755274 0.267234 0.266759 0.189448 0.689986 0.107348 0.108607 0.0770439 0.185915 0.26776 0.434593
0.187921 0.108397 0.437181 0.114811 0.267736 0.116071 0.188086 0.0359158 0.109431 0.276454 0.270588 0.115812 0.269081 0.0362115 0.755279 0.267234 0.266758 0.189448 0.68999 0.107347 0.108606 0.0770433 0.185915 0.267759 0.434596
0.187921 0.108396 0.437184 0.114811 0.267736 0.11607 0.188086 0.0359153 0.109431 0.276455 0.270588 0.115811 0.26908 0.036211 0.755282 0.267233 0.266758 0.189447 0.689994 0.107347 0.108605 0.0770429 0.185915 0.267759 0.434598
0.187921 0.108396 0.437186 0.11481 0.267736 0.11607 0.188086 0.0359148 0.10943 0.276456 0.270588 0.115811 0.26908 0.0362105 0.755285 0.267233 0.266758 0.189447 0.689997 0.107346 0.108605 0.0770425 0.185915 0.267759 0.4346
0.18792 0.108395 0.437187 0.11481 0.267736 0.116069 0.188086 0.0359144 0.10943 0.276457 0.270588 0.11581 0.26908 0.0362101 0.755288 0.267233 0.266758 0.189447 0.689999 0.107346 0.108604 0.0770421 0.185915 0.267759 0.434602
0.18792 0.108395 0.437188 0.11481 0.267735 0.116069 0.188086 0.0359141 0.109429 0.276458 0.270588 0.11581 0.26908 0.0362098 0.75529 0.267233 0.266758 0.189447 0.690001 0.107345 0.108604 0.0770419 0.185915 0.267759 0.434603
0.18792 0.108394 0.437189 0.114809 0.267735 0.116069 0.188086 0.0359138 0.109429 0.276459 0.270588 0.11581 0.26908 0.0362095 0.755291 0.267233 0.266757 0.189447 0.690003 0.107345 0.108603 0.0770416 0.185915 0.267759 0.434604
0.18792 0.108394 0.43719 0.114809 0.267735 0.116069 0.188086 0.0359136 0.109429 0.276459 0.270587 0.115809 0.26908 0.0362093 0.755293 0.267233 0.266757 0.189447 0.690004 0.107345 0.108603 0.0770415 0.185915 0.267759 0.434605
0.18792 0.108394 0.437191 0.114809 0.267735 0.116069 0.188086 0.0359134 0.109429 0.27646 0.270587 0.115809 0.26908 0.0362091 0.755294 0.267233 0.266757 0.189447 0.690005 0.107344 0.108603 0.0770413 0.185915 0.267758 0.434606
0.18792 0.108394 0.437192 0.114809 0.267735 0.116068 0.188086 0.0359132 0.109428 0.27646 0.270587 0.115809 0.26908 0.0362089 0.755295 0.267233 0.266757 0.189447 0.690006 0.107344 0.108603 0.0770412 0.185914 0.267758 0.434606
0.18792 0.108394 0.437192 0.114809 0.267735 0.116068 0.188086 0.0359131 0.109428 0.27646 0.270587 0.115809 0.26908 0.0362088 0.755296 0.267232 0.266757 0.189447 0.690007 0.107344 0.108603 0.0770411 0.185914 0.267758 0.434607
0.18792 0.108394 0.437193 0.114809 0.267735 0.116068 0.188086 0.035913 0.109428 0.276461 0.270587 0.115809 0.26908 0.0362087 0.755296 0.267232 0.266757 0.189447 0.690008 0.107344 0.108603 0.077041 0.185914 0.267758 0.434607
0.18792 0.108393 0.437193 0.114808 0.267735 0.116068 0.188086 0.0359129 0.109428 0.276461 0.270587 0.115809 0.26908 0.0362086 0.755297 0.267232 0.266757 0.189447 0.690008 0.107344 0.108602 0.0770409 0.185914 0.267758 0.434607
0.18792 0.108393 0.437193 0.114808 0.267735 0.116068 0.188086 0.0359128 0.109428 0.276461 0.270587 0.115809 0.26908 0.0362085 0.755297 0.267232 0.266757 0.189447 0.690009 0.107344 0.108602 0.0770408 0.185914 0.267758 0.434608
0.18792 0.108393 0.437194 0.114808 0.267735 0.116068 0.188085 0.0359128 0.109428 0.276461 0.270587 0.115809 0.269079 0.0362085 0.755298 0.267232 0.266757 0.189447 0.690009 0.107344 0.108602 0.0770408 0.185914 0.267758 0.434608
0.18792 0.108393 0.437194 0.114808 0.267735 0.116068 0.188085 0.0359127 0.109428 0.276461 0.270587 0.115809 0.269079 0.0362084 0.755298 0.267232 0.266757 0.189447 0.690009 0.107344 0.108602 0.0770408 0.185914 0.267758 0.434608
0.18792 0.108393 0.437194 0.114808 0.267735 0.116068 0.188085 0.0359127 0.109428 0.276461 0.270587 0.115809 0.269079 0.0362084 0.755298 0.267232 0.266757 0.189447 0.69001 0.107344 0.108602 0.0770407 0.185914 0.267758 0.434608
0.18792 0.108393 0.437194 0.114808 0.267735 0.116068 0.188085 0.0359126 0.109428 0.276461 0.270587 0.115809 0.269079 0.0362083 0.755298 0.267232 0.266757 0.189447 0.69001 0.107344 0.108602 0.0770407 0.185914 0.267758 0.434609
0.18792 0.108393 0.437194 0.114808 0.267735 0.116068 0.188085 0.0359126 0.109428 0.276461 0.270587 0.115809 0.269079 0.0362083 0.755298 0.267232 0.266757 0.189447 0.69001 0.107343 0.108602 0.0770407 0.185914 0.267758 0.434609
0.18792 0.108393 0.437194 0.114808 0.267735 0.116068 0.188085 0.0359126 0.109428 0.276461 0.270587 0.115809 0.269079 0.0362083 0.755299 0.267232 0.266757 0.189447 0.69001 0.107343 0.108602 0.0770407 0.185914 0.267758 0.434609
0.18792 0.108393 0.437194 0.114808 0.267735 0.116068 0.188085 0.0359126 0.109428 0.276462 0.270587 0.115809 0.269079 0.0362083 0.755299 0.267232 0.266757 0.189447 0.69001 0.107343 0.108602 0.0770406 0.185914 0.267758 0.434609
0.18792 0.108393 0.437194 0.114808 0.267735 0.116068 0.188085 0.0359126 0.109428 0.276462 0.270587 0.115809 0.269079 0.0362082 0.755299 0.267232 0.266757 0.189447 0.69001 0.107343 0.108602 0.0770406 0.185914 0.267758 0.434609
0.18792 0.108393 0.437194 0.114808 0.267735 0.116068 0.188085 0.0359125 0.109428 0.276462 0.270587 0.115809 0.269079 0.0362082 0.755299 0.267232 0.266757 0.189447 0.69001 0.107343 0.108602 0.0770406 0.185914 0.267758 0.434609
0.18792 0.108393 0.437194 0.114808 0.267735 0.116068 0.188085 0.0359125 0.109428 0.276462 0.270587 0.115808 0.269079 0.0362082 0.755299 0.267232 0.266757 0.189447 0.69001 0.107343 0.108602 0.0770406 0.185914 0.267758 0.434609
0.18792 0.108393 0.437194 0.114808 0.267735 0.116068 0.188085 0.0359125 0.109428 0.276462 0.270587 0.115808 0.269079 0.0362082 0.755299 0.267232 0.266757 0.189447 0.69001 0.107343 0.108602 0.0770406 0.185914 0.267758 0.434609
0.18792 0.108393 0.437195 0.114808 0.267735 0.116068 0.188085 0.0359125 0.109428 0.276462 0.270587 0.115808 0.269079 0.0362082 0.755299 0.267232 0.266757 0.189447 0.69001 0.107343 0.108602 0.0770406 0.185914 0.267758 0.434609
0.18792 0.108393 0.437195 0.114808 0.267735 0.116068 0.188085 0.0359125 0.109428 0.276462 0.270587 0.115808 0.269079 0.0362082 0.755299 0.267232 0.266757 0.189447 0.690011 0.107343 0.108602 0.0770406 0.185914 0.267758 0.434609
0.18792 0.108393 0.437195 0.114808 0.267735 0.116068 0.188085 0.0359125 0.109428 0.276462 0.270587 0.115808 0.269079 0.0362082 0.755299 0.267232 0.266757 0.189447 0.690011 0.107343 0.108602 0.0770406 0.185914 0.267758 0.434609
0.18792 0.108393 0.437195 0.114808 0.267735 0.116068 0.188085 0.0359125 0.109428 0.276462 0.270587 0.115808 0.269079 0.0362082 0.755299 0.267232 0.266757 0.189447 0.690011 0.107343 0.108602 0.0770406 0.185914 0.267758 0.434609
0.18792 0.108393 0.437195 0.114808 0.267735 0.116068 0.188085 0.0359125 0.109428 0.276462 0.270587 0.115808 0.269079 0.0362082 0.755299 0.267232 0.266757 0.189447 0.690011 0.107343 0.108602 0.0770406 0.185914 0.267758 0.434609
0.18792 0.108393 0.437195 0.114808 0.267735 0.116068 0.188085 0.0359125 0.109428 0.276462 0.270587 0.115808 0.269079 0.0362082 0.755299 0.267232 0.266757 0.189447 0.690011 0.107343 0.108602 0.0770406 0.185914 0.267758 0.434609
0.18792 0.108393 0.437195 0.114808 0.267735 0.116068 0.188085 0.0359125 0.109428 0.276462 0.270587 0.115808 0.269079 0.0362082 0.755299 0.267232 0.266757 0.189447 0.690011 0.107343 0.108602 0.0770406 0.185914 0.267758 0.434609
0.18792 0.108393 0.437195 0.114808 0.267735 0.116068 0.188085 0.0359125 0.109428 0.276462 0.270587 0.115808 0.269079 0.0362082 0.755299 0.267232 0.266757 0.189447 0.690011 0.107343 0.108602 0.0770406 0.185914 0.267758 0.434609
0.18792 0.108393 0.437195 0.114808 0.267735 0.116068 0.188085 0.0359125 0.109428 0.276462 0.270587 0.115808 0.269079 0.0362082 0.755299 0.267232 0.266757 0.189447 0.690011 0.107343 0.108602 0.0770406 0.185914 0.267758 0.434609
0.18792 0.108393 0.437195 0.114808 0.267735 0.116068 0.188085 0.0359125 0.109428 0.276462 0.270587 0.115808 0.269079 0.0362082 0.755299 0.267232 0.266757 0.189447 0.690011 0.107343 0.108602 0.0770406 0.185914 0.267758 0.434609
0.18792 0.108393 0.437195 0.114808 0.267735 0.116068 0.188085 0.0359125 0.109428 0.276462 0.270587 0.115808 0.269079 0.0362082 0.755299 0.267232 0.266757 0.189447 0.690011 0.107343 0.108602 0.0770406 0.185914 0.267758 0.434609
0.18792 0.108393 0.437195 0.114808 0.267735 0.116068 0.188085 0.0359125 0.109428 0.276462 0.270587 0.115808 0.269079 0.0362082 0.755299 0.267232 0.266757 0.189447 0.690011 0.107343 0.108602 0.0770406 0.185914 0.267758 0.434609
0.18792 0.108393 0.437195 0.114808 0.267735 0.116068 0.188085 0.0359125 0.109428 0.276462 0.270587 0.115808 0.269079 0.0362082 0.755299 0.267232 0.266757 0.189447 0.690011 0.107343 0.108602 0.0770406 0.185914 0.267758 0.434609
0.18792 0.108393 0.437195 0.114808 0.267735 0.116068 0.188085 0.0359125 0.109428 0.276462 0.270587 0.115808 0.269079 0.0362082 0.755299 0.267232 0.266757 0.189447 0.690011 0.107343 0.108602 0.0770406 0.185914 0.267758 0.434609
0.18792 0.108393 0.437195 0.114808 0.267735 0.116068 0.188085 0.0359125 0.109428 0.276462 0.270587 0.115808 0.269079 0.0362082 0.755299 0.267232 0.266757 0.189447 0.690011 0.107343 0.108602 0.0770406 0.185914 0.267758 0.434609
0.18792 0.108393 0.437195 0.114808 0.267735 0.116068 0.188085 0.0359125 0.109428 0.276462 0.270587 0.115808 0.269079 0.0362082 0.755299 0.267232 0.266757 0.189447 0.690011 0.107343 0.108602 0.0770406 0.185914 0.267758 0.434609
0.18792 0.108393 0.437195 0.114808 0.267735 0.116068 0.188085 0.0359125 0.109428 0.276462 0.270587 0.115808 0.269079 0.0362082 0.755299 0.267232 0.266757 0.189447 0.690011 0.107343 0.108602 0.0770406 0.185914 0.267758 0.434609
0.18792 0.108393 0.437195 0.114808 0.267735 0.116068 0.188085 0.0359125 0.109428 0.276462 0.270587 0.115808 0.269079 0.0362082 0.755299 0.267232 0.266757 0.189447 0.690011 0.107343 0.108602 0.0770406 0.185914 0.267758 0.434609
0.18792 0.108393 0.437195 0.114808 0.267735 0.116068 0.188085 0.0359125 0.109428 0.276462 0.270587 0.115808 0.269079 0.0362082 0.755299 0.267232 0.266757 0.189447 0.690011 0.107343 0.108602 0.0770406 0.185914 0.267758 0.434609
0.18792 0.108393 0.437195 0.114808 0.267735 0.116068 0.188085 0.0359125 0.109428 0.276462 0.270587 0.115808 0.269079 0.0362082 0.755299 0.267232 0.266757 0.189447 0.690011 0.107343 0.108602 0.0770406 0.185914 0.267758 0.434609
0.18792 0.108393 0.437195 0.114808 0.267735 0.116068 0.188085 0.0359125 0.109428 0.276462 0.270587 0.115808 0.269079 0.0362082 0.755299 0.267232 0.266757 0.189447 0.690011 0.107343 0.108602 0.0770406 0.185914 0.267758 0.434609
0.18792 0.108393 0.437195 0.114808 0.267735 0.116068 0.188085 0.0359125 0.109428 0.276462 0.270587 0.115808 0.269079 0.0362082 0.755299 0.267232 0.266757 0.189447 0.690011 0.107343 0.108602 0.0770406 0.185914 0.267758 0.434609
0.18792 0.108393 0.437195 0.114808 0.267735 0.116068 0.188085 0.0359125 0.109428 0.276462 0.270587 0.115808 0.269079 0.0362082 0.755299 0.267232 0.266757 0.189447 0.690011 0.107343 0.108602 0.0770406 0.185914 0.267758 0.434609
0.18792 0.108393 0.437195 0.114808 0.267735 0.116068 0.188085 0.0359125 0.109428 0.276462 0.270587 0.115808 0.269079 0.0362082 0.755299 0.267232 0.266757 0.189447 0.690011 0.107343 0.108602 0.0770406 0.185914 0.267758 0.434609
0.18792 0.108393 0.437195 0.114808 0.267735 0.116068 0.188085 0.0359125 0.109428 0.276462 0.270587 0.115808 0.269079 0.0362082 0.755299 0.267232 0.266757 0.189447 0.690011 0.107343 0.108602 0.0770406 0.185914 0.267758 0.434609
0.18792 0.108393 0.437195 0.114808 0.267735 0.116068 0.188085 0.0359125 0.109428 0.276462 0.270587 0.115808 0.269079 0.0362082 0.755299 0.267232 0.266757 0.189447 0.690011 0.107343 0.108602 0.0770406 0.185914 0.267758 0.434609
0.18792 0.108393 0.437195 0.114808 0.267735 0.116068 0.188085 0.0359125 0.109428 0.276462 0.270587 0.115808 0.269079 0.0362082 0.755299 0.267232 0.266757 0.189447 0.690011 0.107343 0.108602 0.0770406 0.185914 0.267758 0.434609
0.18792 0.108393 0.437195 0.114808 0.267735 0.116068 0.188085 0.0359125 0.109428 0.276462 0.270587 0.115808 0.269079 0.0362082 0.755299 0.267232 0.266757 0.189447 0.690011 0.107343 0.108602 0.0770406 0.185914 0.267758 0.434609
0.18792 0.108393 0.437195 0.114808 0.267735 0.116068 0.188085 0.0359125 0.109428 0.276462 0.270587 0.115808 0.269079 0.0362082 0.755299 0.267232 0.266757 0.189447 0.690011 0.107343 0.108602 0.0770406 0.185914 0.267758 0.434609
0.18792 0.108393 0.437195 0.114808 0.267735 0.116068 0.188085 0.0359125 0.109428 0.276462 0.270587 0.115808 0.269079 0.0362082 0.755299 0.267232 0.266757 0.189447 0.690011 0.107343 0.108602 0.0770406 0.185914 0.267758 0.434609
0.18792 0.108393 0.437195 0.114808 0.267735 0.116068 0.188085 0.0359125 0.109428 0.276462 0.270587 0.115808 0.269079 0.0362082 0.755299 0.267232 0.266757 0.189447 0.690011 0.107343 0.108602 0.0770406 0.185914 0.267758 0.434609
0.18792 0.108393 0.437195 0.114808 0.267735 0.116068 0.188085 0.0359125 0.109428 0.276462 0.270587 0.115808 0.269079 0.0362082 0.755299 0.267232 0.266757 0.189447 0.690011 0.107343 0.108602 0.0770406 0.185914 0.267758 0.434609
0.18792 0.108393 0.437195 0.114808 0.267735 0.116068 0.188085 0.0359125 0.109428 0.276462 0.270587 0.115808 0.269079 0.0362082 0.755299 0.267232 0.266757 0.189447 0.690011 0.107343 0.108602 0.0770406 0.185914 0.267758 0.434609
0.18792 0.108393 0.437195 0.114808 0.267735 0.116068 0.188085 0.0359125 0.109428 0.276462 0.270587 0.115808 0.269079 0.0362082 0.755299 0.267232 0.266757 0.189447 0.690011 0.107343 0.108602 0.0770406 0.185914 0.267758 0.434609
0.18792 0.108393 0.437195 0.114808 0.267735 0.116068 0.188085 0.0359125 0.109428 0.276462 0.270587 0.115808 0.269079 0.0362082 0.755299 0.267232 0.266757 0.189447 0.690011 0.107343 0.108602 0.0770406 0.185914 0.267758 0.434609
0.18792 0.108393 0.437195 0.114808 0.267735 0.116068 0.188085 0.0359125 0.109428 0.276462 0.270587 0.115808 0.269079 0.0362082 0.755299 0.267232 0.266757 0.189447 0.690011 0.107343 0.108602 0.0770406 0.185914 0.267758 0.434609
0.18792 0.108393 0.437195 0.114808 0.267735 0.116068 0.188085 0.0359125 0.109428 0.276462 0.270587 0.115808 0.269079 0.0362082 0.755299 0.267232 0.266757 0.189447 0.690011 0.107343 0.108602 0.0770406 0.185914 0.267758 0.434609
0.18792 0.108393 0.437195 0.114808 0.267735 0.116068 0.188085 0.0359125 0.109428 0.276462 0.270587 0.115808 0.269079 0.0362082 0.755299 0.267232 0.266757 0.189447 0.690011 0.107343 0.108602 0.0770406 0.185914 0.267758 0.434609
0.18792 0.108393 0.437195 0.114808 0.267735 0.116068 0.188085 0.0359125 0.109428 0.276462 0.270587 0.115808 0.269079 0.0362082 0.755299 0.267232 0.266757 0.189447 0.690011 0.107343 0.108602 0.0770406 0.185914 0.267758 0.434609
0.18792 0.108393 0.437195 0.114808 0.267735 0.116068 0.188085 0.0359125 0.109428 0.276462 0.270587 0.115808 0.269079 0.0362082 0.755299 0.267232 0.266757 0.189447 0.690011 0.107343 0.108602 0.0770406 0.185914 0.267758 0.434609
0.18792 0.108393 0.437195 0.114808 0.267735 0.116068 0.188085 0.0359125 0.109428 0.276462 0.270587 0.115808 0.269079 0.0362082 0.755299 0.267232 0.266757 0.189447 0.690011 0.107343 0.108602 0.0770406 0.185914 0.267758 0.434609
0.18792 0.108393 0.437195 0.114808 0.267735 0.116068 0.188085 0.0359125 0.109428 0.276462 0.270587 0.115808 0.269079 0.0362082 0.755299 0.267232 0.266757 0.189447 0.690011 0.107343 0.108602 0.0770406 0.185914 0.267758 0.434609
0.18792 0.108393 0.437195 0.114808 0.267735 0.116068 0.188085 0.0359125 0.109428 0.276462 0.270587 0.115808 0.269079 0.0362082 0.755299 0.267232 0.266757 0.189447 0.690011 0.107343 0.108602 0.0770406 0.185914 0.267758 0.434609
0.18792 0.108393 0.437195 0.114808 0.267735 0.116068 0.188085 0.0359125 0.109428 0.276462 0.270587 0.115808 0.269079 0.0362082 0.755299 0.267232 0.266757 0.189447 0.690011 0.107343 0.108602 0.0770406 0.185914 0.267758 0.434609
0.18792 0.108393 0.437195 0.114808 0.267735 0.116068 0.188085 0.0359125 0.109428 0.276462 0.270587 0.115808 0.269079 0.0362082 0.755299 0.267232 0.266757 0.189447 0.690011 0.107343 0.108602 0.0770406 0.185914 0.267758 0.434609
0.18792 0.108393 0.437195 0.114808 0.267735 0.116068 0.188085 0.0359125 0.109428 0.276462 0.270587 0.115808 0.269079 0.0362082 0.755299 0.267232 0.266757 0.189447 0.690011 0.107343 0.108602 0.0770406 0.185914 0.267758 0.434609
0.18792 0.108393 0.437195 0.114808 0.267735 0.116068 0.188085 0.0359125 0.109428 0.276462 0.270587 0.115808 0.269079 0.0362082 0.755299 0.267232 0.266757 0.189447 0.690011 0.107343 0.108602 0.0770406 0.185914 0.267758 0.434609
0.18792 0.108393 0.437195 0.114808 0.267735 0.116068 0.188085 0.0359125 0.109428 0.276462 0.270587 0.115808 0.269079 0.0362082 0.755299 0.267232 0.266757 0.189447 0.690011 0.107343 0.108602 0.0770406 0.185914 0.267758 0.434609
0.18792 0.108393 0.437195 0.114808 0.267735 0.116068 0.188085 0.0359125 0.109428 0.276462 0.270587 0.115808 0.269079 0.0362082 0.755299 0.267232 0.266757 0.189447 0.690011 0.107343 0.108602 0.0770406 0.185914 0.267758 0.434609
0.18792 0.108393 0.437195 0.114808 0.267735 0.116068 0.188085 0.0359125 0.109428 0.276462 0.270587 0.115808 0.269079 0.0362082 0.755299 0.267232 0.266757 0.189447 0.690011 0.107343 0.108602 0.0770406 0.185914 0.267758 0.434609
0.18792 0.108393 0.437195 0.114808 0.267735 0.116068 0.188085 0.0359125 0.109428 0.276462 0.270587 0.115808 0.269079 0.0362082 0.755299 0.267232 0.266757 0.189447 0.690011 0.107343 0.108602 0.0770406 0.185914 0.267758 0.434609
0.18792 0.108393 0.437195 0.114808 0.267735 0.116068 0.188085 0.0359125 0.109428 0.276462 0.270587 0.115808 0.269079 0.0362082 0.755299 0.267232 0.266757 0.189447 0.690011 0.107343 0.108602 0.0770406 0.185914 0.267758 0.434609
0.18792 0.108393 0.437195 0.114808 0.267735 0.116068 0.188085 0.0359125 0.109428 0.276462 0.270587 0.115808 0.269079 0.0362082 0.755299 0.267232 0.266757 0.189447 0.690011 0.107343 0.108602 0.0770406 0.185914 0.267758 0.434609
0.18792 0.108393 0.437195 0.114808 0.267735 0.116068 0.188085 0.0359125 0.109428 0.276462 0.270587 0.115808 0.269079 0.0362082 0.755299 0.267232 0.266757 0.189447 0.690011 0.107343 0.108602 0.0770406 0.185914 0.267758 0.434609
0.18792 0.108393 0.437195 0.114808 0.267735 0.116068 0.188085 0.0359125 0.109428 0.276462 0.270587 0.115808 0.269079 0.0362082 0.755299 0.267232 0.266757 0.189447 0.690011 0.107343 0.108602 0.0770406 0.185914 0.267758 0.434609
0.18792 0.108393 0.437195 0.114808 0.267735 0.116068 0.188085 0.0359125 0.109428 0.276462 0.270587 0.115808 0.269079 0.0362082 0.755299 0.267232 0.266757 0.189447 0.690011 0.107343 0.108602 0.0770406 0.185914 0.267758 0.434609
0.18792 0.108393 0.437195 0.114808 0.267735 0.116068 0.188085 0.0359125 0.109428 0.276462 0.270587 0.115808 0.269079 0.0362082 0.755299 0.267232 0.266757 0.189447 0.690011 0.107343 0.108602 0.0770406 0.185914 0.267758 0.434609
0.18792 0.108393 0.437195 0.114808 0.267735 0.116068 0.188085 0.0359125 0.109428 0.276462 0.270587 0.115808 0.269079 0.0362082 0.755299 0.267232 0.266757 0.189447 0.690011 0.107343 0.108602 0.0770406 0.185914 0.267758 0.434609
0.18792 0.108393 0.437195 0.114808 0.267735 0.116068 0.188085 0.0359125 0.109428 0.276462 0.270587 0.115808 0.269079 0.0362082 0.755299 0.267232 0.266757 0.189447 0.690011 0.107343 0.108602 0.0770406 0.185914 0.267758 0.434609
0.18792 0.108393 0.437195 0.114808 0.267735 0.116068 0.188085 0.0359125 0.109428 0.276462 0.270587 0.115808 0.269079 0.0362082 0.755299 0.267232 0.266757 0.189447 0.690011 0.107343 0.108602 0.0770406 0.185914 0.267758 0.434609
0.18792 0.108393 0.437195 0.114808 0.267735 0.116068 0.188085 0.0359125 0.109428 0.276462 0.270587 0.115808 0.269079 0.0362082 0.755299 0.267232 0.266757 0.189447 0.690011 0.107343 0.108602 0.0770406 0.185914 0.267758 0.434609
0.18792 0.108393 0.437195 0.114808 0.267735 0.116068 0.188085 0.0359125 0.109428 0.276462 0.270587 0.115808 0.269079 0.0362082 0.755299 0.267232 0.266757 0.189447 0.690011 0.107343 0.108602 0.0770406 0.185914 0.267758 0.434609
0.18792 0.108393 0.437195 0.114808 0.267735 0.116068 0.188085 0.0359125 0.109428 0.276462 0.270587 0.115808 0.269079 0.0362082 0.755299 0.267232 0.266757 0.189447 0.690011 0.107343 0.108602 0.0770406 0.185914 0.267758 0.434609
0.18792 0.108393 0.437195 0.114808 0.267735 0.116068 0.188085 0.0359125 0.109428 0.276462 0.270587 0.115808 0.269079 0.0362082 0.755299 0.267232 0.266757 0.189447 0.690011 0.107343 0.108602 0.0770406 0.185914 0.267758 0.434609
0.18792 0.108393 0.437195 0.114808 0.267735 0.116068 0.188085 0.0359125 0.109428 0.276462 0.270587 0.115808 0.269079 0.0362082 0.755299 0.267232 0.266757 0.189447 0.690011 0.107343 0.108602 0.0770406 0.185914 0.267758 0.434609
0.18792 0.108393 0.437195 0.114808 0.267735 0.116068 0.188085 0.0359125 0.109428 0.276462 0.270587 0.115808 0.269079 0.0362082 0.755299 0.267232 0.266757 0.189447 0.690011 0.107343 0.108602 0.0770406 0.185914 0.267758 0.434609
0.18792 0.108393 0.437195 0.114808 0.267735 0.116068 0.188085 0.0359125 0.109428 0.276462 0.270587 0.115808 0.269079 0.0362082 0.755299 0.267232 0.266757 0.189447 0.690011 0.107343 0.108602 0.0770406 0.185914 0.267758 0.434609
0.18792 0.108393 0.437195 0.114808 0.267735 0.116068 0.188085 0.0359125 0.109428 0.276462 0.270587 0.115808 0.269079 0.0362082 0.755299 0.267232 0.266757 0.189447 0.690011 0.107343 0.108602 0.0770406 0.185914 0.267758 0.434609
0.18792 0.108393 0.437195 0.114808 0.267735 0.116068 0.188085 0.0359125 0.109428 0.276462 0.270587 0.115808 0.269079 0.0362082 0.755299 0.267232 0.266757 0.189447 0.690011 0.107343 0.108602 0.0770406 0.185914 0.267758 0.434609
0.18792 0.108393 0.437195 0.114808 0.267735 0.116068 0.188085 0.0359125 0.109428 0.276462 0.270587 0.115808 0.269079 0.0362082 0.755299 0.267232 0.266757 0.189447 0.690011 0.107343 0.108602 0.0770406 0.185914 0.267758 0.434609
0.18792 0.108393 0.437195 0.114808 0.267735 0.116068 0.188085 0.0359125 0.109428 0.276462 0.270587 0.115808 0.269079 0.0362082 0.755299 0.267232 0.266757 0.189447 0.690011 0.107343 0.108602 0.0770406 0.185914 0.267758 0.434609
0.18792 0.108393 0.437195 0.114808 0.267735 0.116068 0.188085 0.0359125 0.109428 0.276462 0.270587 0.115808 0.269079 0.0362082 0.755299 0.267232 0.266757 0.189447 0.690011 0.107343 0.108602 0.0770406 0.185914 0.267758 0.434609
0.18792 0.108393 0.437195 0.114808 0.267735 0.116068 0.188085 0.0359125 0.109428 0.276462 0.270587 0.115808 0.269079 0.0362082 0.755299 0.267232 0.266757 0.189447 0.690011 0.107343 0.108602 0.0770406 0.185914 0.267758 0.434609
0.18792 0.108393 0.437195 0.114808 0.267735 0.116068 0.188085 0.0359125 0.109428 0.276462 0.270587 0.115808 0.269079 0.0362082 0.755299 0.267232 0.266757 0.189447 0.690011 0.107343 0.108602 0.0770406 0.185914 0.267758 0.434609
0.18792 0.108393 0.437195 0.114808 0.267735 0.116068 0.188085 0.0359125 0.109428 0.276462 0.270587 0.115808 0.269079 0.0362082 0.755299 0.267232 0.266757 0.189447 0.690011 0.107343 0.108602 0.0770406 0.185914 0.267758 0.434609
0.18792 0.108393 0.437195 0.114808 0.267735 0.116068 0.188085 0.0359125 0.109428 0.276462 0.270587 0.115808 0.269079 0.0362082 0.755299 0.267232 0.266757 0.189447 0.690011 0.107343 0.108602 0.0770406 0.185914 0.267758 0.434609
0.18792 0.108393 0.437195 0.114808 0.267735 0.116068 0.188085 0.0359125 0.109428 0.276462 0.270587 0.115808 0.269079 0.0362082 0.755299 0.267232 0.266757 0.189447 0.690011 0.107343 0.108602 0.0770406 0.185914 0.267758 0.434609
0.18792 0.108393 0.437195 0.114808 0.267735 0.116068 0.188085 0.0359125 0.109428 0.276462 0.270587 0.115808 0.269079 0.0362082 0.755299 0.267232 0.266757 0.189447 0.690011 0.107343 0.108602 0.0770406 0.185914 0.267758 0.434609
0.18792 0.108393 0.437195 0.114808 0.267735 0.116068 0.188085 0.0359125 0.109428 0.276462 0.270587 0.115808 0.269079 0.0362082 0.755299 0.267232 0.266757 0.189447 0.690011 0.107343 0.108602 0.0770406 0.185914 0.267758 0.434609
0.18792 0.108393 0.437195 0.114808 0.267735 0.116068 0.188085 0.0359125 0.109428 0.276462 0.270587 0.115808 0.269079 0.0362082 0.755299 0.267232 0.266757 0.189447 0.690011 0.107343 0.108602 0.0770406 0.185914 0.267758 0.434609
0.18792 0.108393 0.437195 0.114808 0.267735 0.116068 0.188085 0.0359125 0.109428 0.276462 0.270587 0.115808 0.269079 0.0362082 0.755299 0.267232 0.266757 0.189447 0.690011 0.107343 0.108602 0.0770406 0.185914 0.267758 0.434609
0.18792 0.108393 0.437195 0.114808 0.267735 0.116068 0.188085 0.0359125 0.109428 0.276462 0.270587 0.115808 0.269079 0.0362082 0.755299 0.267232 0.266757 0.189447 0.690011 0.107343 0.108602 0.0770406 0.185914 0.267758 0.434609
0.18792 0.108393 0.437195 0.114808 0.267735 0.116068 0.188085 0.0359125 0.109428 0.276462 0.270587 0.115808 0.269079 0.0362082 0.755299 0.267232 0.266757 0.189447 0.690011 0.107343 0.108602 0.0770406 0.185914 0.267758 0.434609
0.18792 0.108393 0.437195 0.114808 0.267735 0.116068 0.188085 0.0359125 0.109428 0.276462 0.270587 0.115808 0.269079 0.0362082 0.755299 0.267232 0.266757 0.189447 0.690011 0.107343 0.108602 0.0770406 0.185914 0.267758 0.434609
0.18792 0.108393 0.437195 0.114808 0.267735 0.116068 0.188085 0.0359125 0.109428 0.276462 0.270587 0.115808 0.269079 0.0362082 0.755299 0.267232 0.266757 0.189447 0.690011 0.107343 0.108602 0.0770406 0.185914 0.267758 0.434609
0.18792 0.108393 0.437195 0.114808 0.267735 0.116068 0.188085 0.0359125 0.109428 0.276462 0.270587 0.115808 0.269079 0.0362082 0.755299 0.267232 0.266757 0.189447 0.690011 0.107343 0.108602 0.0770406 0.185914 0.267758 0.434609
0.18792 0.108393 0.437195 0.114808 0.267735 0.116068 0.188085 0.0359125 0.109428 0.276462 0.270587 0.115808 0.269079 0.0362082 0.755299 0.267232 0.266757 0.189447 0.690011 0.107343 0.108602 0.0770406 0.185914 0.267758 0.434609
0.18792 0.108393 0.437195 0.114808 0.267735 0.116068 0.188085 0.0359125 0.109428 0.276462 0.270587 0.115808 0.269079 0.0362082 0.755299 0.267232 0.266757 0.189447 0.690011 0.107343 0.108602 0.0770406 0.185914 0.267758 0.434609
0.18792 0.108393 0.437195 0.114808 0.267735 0.116068 0.188085 0.0359125 0.109428 0.276462 0.270587 0.115808 0.269079 0.0362082 0.755299 0.267232 0.266757 0.189447 0.690011 0.107343 0.108602 0.0770406 0.185914 0.267758 0.434609
0.18792 0.108393 0.437195 0.114808 0.267735 0.116068 0.188085 0.0359125 0.109428 0.276462 0.270587 0.115808 0.269079 0.0362082 0.755299 0.267232 0.266757 0.189447 0.690011 0.107343 0.108602 0.0770406 0.185914 0.267758 0.434609
0.18792 0.108393 0.437195 0.114808 0.267735 0.116068 0.188085 0.0359125 0.109428 0.276462 0.270587 0.115808 0.269079 0.0362082 0.755299 0.267232 0.266757 0.189447 0.690011 0.107343 0.108602 0.0770406 0.185914 0.267758 0.434609
0.18792 0.108393 0.437195 0.114808 0.267735 0.116068 0.188085 0.0359125 0.109428 0.276462 0.270587 0.115808 0.269079 0.0362082 0.755299 0.267232 0.266757 0.189447 0.690011 0.107343 0.108602 0.0770406 0.185914 0.267758 0.434609
0.18792 0.108393 0.437195 0.114808 0.267735 0.116068 0.188085 0.0359125 0.109428 0.276462 0.270587 0.115808 0.269079 0.0362082 0.755299 0.267232 0.266757 0.189447 0.690011 0.107343 0.108602 0.0770406 0.185914 0.267758 0.434609
0.18792 0.108393 0.437195 0.114808 0.267735 0.116068 0.188085 0.0359125 0.109428 0.276462 0.270587 0.115808 0.269079 0.0362082 0.755299 0.267232 0.266757 0.189447 0.690011 0.107343 0.108602 0.0770406 0.185914 0.267758 0.434609
0.18792 0.108393 0.437195 0.114808 0.267735 0.116068 0.188085 0.0359125 0.109428 0.276462 0.270587 0.115808 0.269079 0.0362082 0.755299 0.267232 0.266757 0.189447 0.690011 0.107343 0.108602 0.0770406 0.185914 0.267758 0.434609
0.18792 0.108393 0.437195 0.114808 0.267735 0.116068 0.188085 0.0359125 0.109428 0.276462 0.270587 0.115808 0.269079 0.0362082 0.755299 0.267232 0.266757 0.189447 0.690011 0.107343 0.108602 0.0770406 0.185914 0.267758 0.434609
0.18792 0.108393 0.437195 0.114808 0.267735 0.116068 0.188085 0.0359125 0.109428 0.276462 0.270587 0.115808 0.269079 0.0362082 0.755299 0.267232 0.266757 0.189447 0.690011 0.107343 0.108602 0.0770406 0.185914 0.267758 0.434609
0.18792 0.108393 0.437195 0.114808 0.267735 0.116068 0.188085 0.0359125 0.109428 0.276462 0.270587 0.115808 0.269079 0.0362082 0.755299 0.267232 0.266757 0.189447 0.690011 0.107343 0.108602 0.0770406 0.185914 0.267758 0.434609
0.18792 0.108393 0.437195 0.114808 0.267735 0.116068 0.188085 0.0359125 0.109428 0.276462 0.270587 0.115808 0.269079 0.0362082 0.755299 0.267232 0.266757 0.189447 0.690011 0.107343 0.108602 0.0770406 0.185914 0.267758 0.434609
0.18792 0.108393 0.437195 0.114808 0.267735 0.116068 0.188085 0.0359125 0.109428 0.276462 0.270587 0.115808 0.269079 0.0362082 0.755299 0.267232 0.266757 0.189447 0.690011 0.107343 0.108602 0.0770406 0.185914 0.267758 0.434609
0.18792 0.108393 0.437195 0.114808 0.267735 0.116068 0.188085 0.0359125 0.109428 0.276462 0.270587 0.115808 0.269079 0.0362082 0.755299 0.267232 0.266757 0.189447 0.690011 0.107343 0.108602 0.0770406 0.185914 0.267758 0.434609
0.18792 0.108393 0.437195 0.114808 0.267735 0.116068 0.188085 0.0359125 0.109428 0.276462 0.270587 0.115808 0.269079 0.0362082 0.755299 0.267232 0.266757 0.189447 0.690011 0.107343 0.108602 0.0770406 0.185914 0.267758 0.434609
0.18792 0.108393 0.437195 0.114808 0.267735 0.116068 0.188085 0.0359125 0.109428 0.276462 0.270587 0.115808 0.269079 0.0362082 0.755299 0.267232 0.266757 0.189447 0.690011 0.107343 0.108602 0.0770406 0.185914 0.267758 0.434609
0.18792 0.108393 0.437195 0.114808 0.267735 0.116068 0.188085 0.0359125 0.109428 0.276462 0.270587 0.115808 0.269079 0.0362082 0.755299 0.267232 0.266757 0.189447 0.690011 0.107343 0.108602 0.0770406 0.185914 0.267758 0.434609
0.18792 0.108393 0.437195 0.114808 0.267735 0.116068 0.188085 0.0359125 0.109428 0.276462 0.270587 0.115808 0.269079 0.0362082 0.755299 0.267232 0.266757 0.189447 0.690011 0.107343 0.108602 0.0770406 0.185914 0.267758 0.434609
0.18792 0.108393 0.437195 0.114808 0.267735 0.116068 0.188085 0.0359125 0.109428 0.276462 0.270587 0.115808 0.269079 0.0362082 0.755299 0.267232 0.266757 0.189447 0.690011 0.107343 0.108602 0.0770406 0.185914 0.267758 0.434609
0.18792 0.108393 0.437195 0.114808 0.267735 0.116068 0.188085 0.0359125 0.109428 0.276462 0.270587 0.115808 0.269079 0.0362082 0.755299 0.267232 0.266757 0.189447 0.690011 0.107343 0.108602 0.0770406 0.185914 0.267758 0.434609
0.18792 0.108393 0.437195 0.114808 0.267735 0.116068 0.188085 0.0359125 0.109428 0.276462 0.270587 0.115808 0.269079 0.0362082 0.755299 0.267232 0.266757 0.189447 0.690011 0.107343 0.108602 0.0770406 0.185914 0.267758 0.434609
0.18792 0.108393 0.437195 0.114808 0.267735 0.116068 0.188085 0.0359125 0.109428 0.276462 0.270587 0.115808 0.269079 0.0362082 0.755299 0.267232 0.266757 0.189447 0.690011 0.107343 0.108602 0.0770406 0.185914 0.267758 0.434609
0.18792 0.108393 0.437195 0.114808 0.267735 0.116068 0.188085 0.0359125 0.109428 0.276462 0.270587 0.115808 0.269079 0.0362082 0.755299 0.267232 0.266757 0.189447 0.690011 0.107343 0.108602 0.0770406 0.185914 0.267758 0.434609
0.18792 0.108393 0.437195 0.114808 0.267735 0.116068 0.188085 0.0359125 0.109428 0.276462 0.270587 0.115808 0.269079 0.0362082 0.755299 0.267232 0.266757 0.189447 0.690011 0.107343 0.108602 0.0770406 0.185914 0.267758 0.434609
0.18792 0.108393 0.437195 0.114808 0.267735 0.116068 0.188085 0.0359125 0.109428 0.276462 0.270587 0.115808 0.269079 0.0362082 0.755299 0.267232 0.266757 0.189447 0.690011 0.107343 0.108602 0.0770406 0.185914 0.267758 0.434609
0.18792 0.108393 0.437195 0.114808 0.267735 0.116068 0.188085 0.0359125 0.109428 0.276462 0.270587 0.115808 0.269079 0.0362082 0.755299 0.267232 0.266757 0.189447 0.690011 0.107343 0.108602 0.0770406 0.185914 0.267758 0.434609
0.18792 0.108393 0.437195 0.114808 0.267735 0.116068 0.188085 0.0359125 0.109428 0.276462 0.270587 0.115808 0.269079 0.0362082 0.755299 0.267232 0.266757 0.189447 0.690011 0.107343 0.108602 0.0770406 0.185914 0.267758 0.434609
0.18792 0.108393 0.437195 0.114808 0.267735 0.116068 0.188085 0.0359125 0.109428 0.276462 0.270587 0.115808 0.269079 0.0362082 0.755299 0.267232 0.266757 0.189447 0.690011 0.107343 0.108602 0.0770406 0.185914 0.267758 0.434609
0.18792 0.108393 0.437195 0.114808 0.267735 0.116068 0.188085 0.0359125 0.109428 0.276462 0.270587 0.115808 0.269079 0.0362082 0.755299 0.267232 0.266757 0.189447 0.690011 0.107343 0.108602 0.0770406 0.185914 0.267758 0.434609
0.18792 0.108393 0.437195 0.114808 0.267735 0.116068 0.188085 0.0359125 0.109428 0.276462 0.270587 0.115808 0.269079 0.0362082 0.755299 0.267232 0.266757 0.189447 0.690011 0.107343 0.108602 0.0770406 0.185914 0.267758 0.434609
0.18792 0.108393 0.437195 0.114808 0.267735 0.116068 0.188085 0.0359125 0.109428 0.276462 0.270587 0.115808 0.269079 0.0362082 0.755299 0.267232 0.266757 0.189447 0.690011 0.107343 0.108602 0.0770406 0.185914 0.267758 0.434609
0.18792 0.108393 0.437195 0.114808 0.267735 0.116068 0.188085 0.0359125 0.109428 0.276462 0.270587 0.115808 0.269079 0.0362082 0.755299 0.267232 0.266757 0.189447 0.690011 0.107343 0.108602 0.0770406 0.185914 0.267758 0.434609
0.18792 0.108393 0.437195 0.114808 0.267735 0.116068 0.188085 0.0359125 0.109428 0.276462 0.270587 0.115808 0.269079 0.0362082 0.755299 0.267232 0.266757 0.189447 0.690011 0.107343 0.108602 0.0770406 0.185914 0.267758 0.434609
0.18792 0.108393 0.437195 0.114808 0.267735 0.116068 0.188085 0.0359125 0.109428 0.276462 0.270587 0.115808 0.269079 0.0362082 0.755299 0.267232 0.266757 0.189447 0.690011 0.107343 0.108602 0.0770406 0.185914 0.267758 0.434609
0.18792 0.108393 0.437195 0.114808 0.267735 0.116068 0.188085 0.0359125 0.109428 0.276462 0.270587 0.115808 0.269079 0.0362082 0.755299 0.267232 0.266757 0.189447 0.690011 0.107343 0.108602 0.0770406 0.185914 0.267758 0.434609
0.18792 0.108393 0.437195 0.114808 0.267735 0.116068 0.188085 0.0359125 0.109428 0.276462 0.270587 0.115808 0.269079 0.0362082 0.755299 0.267232 0.266757 0.189447 0.690011 0.107343 0.108602 0.0770406 0.185914 0.267758 0.434609
0.18792 0.108393 0.437195 0.114808 0.267735 0.116068 0.188085 0.0359125 0.109428 0.276462 0.270587 0.115808 0.269079 0.0362082 0.755299 0.267232 0.266757 0.189447 0.690011 0.107343 0.108602 0.0770406 0.185914 0.267758 0.434609
0.18792 0.108393 0.437195 0.114808 0.267735 0.116068 0.188085 0.0359125 0.109428 0.276462 0.270587 0.115808 0.269079 0.0362082 0.755299 0.267232 0.266757 0.189447 0.690011 0.107343 0.108602 0.0770406 0.185914 0.267758 0.434609
0.18792 0.108393 0.437195 0.114808 0.267735 0.116068 0.188085 0.0359125 0.109428 0.276462 0.270587 0.115808 0.269079 0.0362082 0.755299 0.267232 0.266757 0.189447 0.690011 0.107343 0.108602 0.0770406 0.185914 0.267758 0.434609
0.18792 0.108393 0.437195 0.114808 0.267735 0.116068 0.188085 0.0359125 0.109428 0.276462 0.270587 0.115808 0.269079 0.0362082 0.755299 0.267232 0.266757 0.189447 0.690011 0.107343 0.108602 0.0770406 0.185914 0.267758 0.434609
0.18792 0.108393 0.437195 0.114808 0.267735 0.116068 0.188085 0.0359125 0.109428 0.276462 0.270587 0.115808 0.269079 0.0362082 0.755299 0.267232 0.266757 0.189447 0.690011 0.107343 0.108602 0.0770406 0.185914 0.267758 0.434609
0.18792 0.108393 0.437195 0.114808 0.267735 0.116068 0.188085 0.0359125 0.109428 0.276462 0.270587 0.115808 0.269079 0.0362082 0.755299 0.267232 0.266757 0.189447 0.690011 0.107343 0.108602 0.0770406 0.185914 0.267758 0.434609
0.18792 0.108393 0.437195 0.114808 0.267735 0.116068 0.188085 0.0359125 0.109428 0.276462 0.270587 0.115808 0.269079 0.0362082 0.755299 0.267232 0.266757 0.189447 0.690011 0.107343 0.108602 0.0770406 0.185914 0.267758 0.434609
0.18792 0.108393 0.437195 0.114808 0.267735 0.116068 0.188085 0.0359125 0.109428 0.276462 0.270587 0.115808 0.269079 0.0362082 0.755299 0.267232 0.266757 0.189447 0.690011 0.107343 0.108602 0.0770406 0.185914 0.267758 0.434609
0.18792 0.108393 0.437195 0.114808 0.267735 0.116068 0.188085 0.0359125 0.109428 0.276462 0.270587 0.115808 0.269079 0.0362082 0.755299 0.267232 0.266757 0.189447 0.690011 0.107343 0.108602 0.0770406 0.185914 0.267758 0.434609
0.18792 0.108393 0.437195 0.114808 0.267735 0.116068 0.188085 0.0359125 0.109428 0.276462 0.270587 0.115808 0.269079 0.0362082 0.755299 0.267232 0.266757 0.189447 0.690011 0.107343 0.108602 0.0770406 0.185914 0.267758 0.434609
0.18792 0.108393 0.437195 0.114808 0.267735 0.116068 0.188085 0.0359125 0.109428 0.276462 0.270587 0.115808 0.269079 0.0362082 0.755299 0.267232 0.266757 0.189447 0.690011 0.107343 0.108602 0.0770406 0.185914 0.267758 0.434609
0.18792 0.108393 0.437195 0.114808 0.267735 0.116068 0.188085 0.0359125 0.109428 0.276462 0.270587 0.115808 0.269079 0.0362082 0.755299 0.267232 0.266757 0.189447 0.690011 0.107343 0.108602 0.0770406 0.185914 0.267758 0.434609
0.18792 0.108393 0.437195 0.114808 0.267735 0.116068 0.188085 0.0359125 0.109428 0.276462 0.270587 0.115808 0.269079 0.0362082 0.755299 0.267232 0.266757 0.189447 0.690011 0.107343 0.108602 0.0770406 0.185914 0.267758 0.434609
0.18792 0.108393 0.437195 0.114808 0.267735 0.116068 0.188085 0.0359125 0.109428 0.276462 0.270587 0.115808 0.269079 0.0362082 0.755299 0.267232 0.266757 0.189447 0.690011 0.107343 0.108602 0.0770406 0.185914 0.267758 0.434609
0.18792 0.108393 0.437195 0.114808 0.267735 0.116068 0.188085 0.0359125 0.109428 0.276462 0.270587 0.115808 0.269079 0.0362082 0.755299 0.267232 0.266757 0.189447 0.690011 0.107343 0.108602 0.0770406 0.185914 0.267758 0.434609
0.18792 0.108393 0.437195 0.114808 0.267735 0.116068 0.188085 0.0359125 0.109428 0.276462 0.270587 0.115808 0.269079 0.0362082 0.755299 0.267232 0.266757 0.189447 0.690011 0.107343 0.108602 0.0770406 0.185914 0.267758 0.434609
0.18792 0.108393 0.437195 0.114808 0.267735 0.116068 0.188085 0.0359125 0.109428 0.276462 0.270587 0.115808 0.269079 0.0362082 0.755299 0.267232 0.266757 0.189447 0.690011 0.107343 0.108602 0.0770406 0.185914 0.267758 0.434609
0.18792 0.108393 0.437195 0.114808 0.267735 0.116068 0.188085 0.0359125 0.109428 0.276462 0.270587 0.115808 0.269079 0.0362082 0.755299 0.267232 0.266757 0.189447 0.690011 0.107343 0.108602 0.0770406 0.185914 0.267758 0.434609
0.18792 0.108393 0.437195 0.114808 0.267735 0.116068 0.188085 0.0359125 0.109428 0.276462 0.270587 0.115808 0.269079 0.0362082 0.755299 0.267232 0.266757 0.189447 0.690011 0.107343 0.108602 0.0770406 0.185914 0.267758 0.434609
0.18792 0.108393 0.437195 0.114808 0.267735 0.116068 0.188085 0.0359125 0.109428 0.276462 0.270587 0.115808 0.269079 0.0362082 0.755299 0.267232 0.266757 0.189447 0.690011 0.107343 0.108602 0.0770406 0.185914 0.267758 0.434609
0.18792 0.108393 0.437195 0.114808 0.267735 0.116068 0.188085 0.0359125 0.109428 0.276462 0.270587 0.115808 0.269079 0.0362082 0.755299 0.267232 0.266757 0.189447 0.690011 0.107343 0.108602 0.0770406 0.185914 0.267758 0.434609
0.18792 0.108393 0.437195 0.114808 0.267735 0.116068 0.188085 0.0359125 0.109428 0.276462 0.270587 0.115808 0.269079 0.0362082 0.755299 0.267232 0.266757 0.189447 0.690011 0.107343 0.108602 0.0770406 0.185914 0.267758 0.434609
0.18792 0.108393 0.437195 0.114808 0.267735 0.116068 0.188085 0.0359125 0.109428 0.276462 0.270587 0.115808 0.269079 0.0362082 0.755299 0.267232 0.266757 0.189447 0.690011 0.107343 0.108602 0.0770406 0.185914 0.267758 0.434609
0.18792 0.108393 0.437195 0.114808 0.267735 0.116068 0.188085 0.0359125 0.109428 0.276462 0.270587 0.115808 0.269079 0.0362082 0.755299 0.267232 0.266757 0.189447 0.690011 0.107343 0.108602 0.0770406 0.185914 0.267758 0.434609
0.18792 0.108393 0.437195 0.114808 0.267735 0.116068 0.188085 0.0359125 0.109428 0.276462 0.270587 0.115808 0.269079 0.0362082 0.755299 0.267232 0.266757 0.189447 0.690011 0.107343 0.108602 0.0770406 0.185914 0.267758 0.434609
0.18792 0.108393 0.437195 0.114808 0.267735 0.116068 0.188085 0.0359125 0.109428 0.276462 0.270587 0.115808 0.269079 0.0362082 0.755299 0.267232 0.266757 0.189447 0.690011 0.107343 0.108602 0.0770406 0.185914 0.267758 0.434609
0.18792 0.108393 0.437195 0.114808 0.267735 0.116068 0.188085 0.0359125 0.109428 0.276462 0.270587 0.115808 0.269079 0.0362082 0.755299 0.267232 0.266757 0.189447 0.690011 0.107343 0.108602 0.0770406 0.185914 0.267758 0.434609
0.18792 0.108393 0.437195 0.114808 0.267735 0.116068 0.188085 0.0359125 0.109428 0.276462 0.270587 0.115808 0.269079 0.0362082 0.755299 0.267232 0.266757 0.189447 0.690011 0.107343 0.108602 0.0770406 0.185914 0.267758 0.434609
0.18792 0.108393 0.437195 0.114808 0.267735 0.116068 0.188085 0.0359125 0.109428 0.276462 0.270587 0.115808 0.269079 0.0362082 0.755299 0.267232 0.266757 0.189447 0.690011 0.107343 0.108602 0.0770406 0.185914 0.267758 0.434609
0.18792 0.108393 0.437195 0.114808 0.267735 0.116068 0.188085 0.0359125 0.109428 0.276462 0.270587 0.115808 0.269079 0.0362082 0.755299 0.267232 0.266757 0.189447 0.690011 0.107343 0.108602 0.0770406 0.185914 0.267758 0.434609
0.18792 0.108393 0.437195 0.114808 0.267735 0.116068 0.188085 0.0359125 0.109428 0.276462 0.270587 0.115808 0.269079 0.0362082 0.755299 0.267232 0.266757 0.189447 0.690011 0.107343 0.108602 0.0770406 0.185914 0.267758 0.434609
0.18792 0.108393 0.437195 0.114808 0.267735 0.116068 0.188085 0.0359125 0.109428 0.276462 0.270587 0.115808 0.269079 0.0362082 0.755299 0.267232 0.266757 0.189447 0.690011 0.107343 0.108602 0.0770406 0.185914 0.267758 0.434609
0.18792 0.108393 0.437195 0.114808 0.267735 0.116068 0.188085 0.0359125 0.109428 0.276462 0.270587 0.115808 0.269079 0.0362082 0.755299 0.267232 0.266757 0.189447 0.690011 0.107343 0.108602 0.0770406 0.185914 0.267758 0.434609
0.18792 0.108393 0.437195 0.114808 0.267735 0.116068 0.188085 0.0359125 0.109428 0.276462 0.270587 0.115808 0.269079 0.0362082 0.755299 0.267232 0.266757 0.189447 0.690011 0.107343 0.108602 0.0770406 0.185914 0.267758 0.434609
0.18792 0.108393 0.437195 0.114808 0.267735 0.116068 0.188085 0.0359125 0.109428 0.276462 0.270587 0.115808 0.269079 0.0362082 0.755299 0.267232 0.266757 0.189447 0.690011 0.107343 0.108602 0.0770406 0.185914 0.267758 0.434609
0.18792 0.108393 0.437195 0.114808 0.267735 0.116068 0.188085 0.0359125 0.109428 0.276462 0.270587 0.115808 0.269079 0.0362082 0.755299 0.267232 0.266757 0.189447 0.690011 0.107343 0.108602 0.0770406 0.185914 0.267758 0.434609
0.18792 0.108393 0.437195 0.114808 0.267735 0.116068 0.188085 0.0359125 0.109428 0.276462 0.270587 0.115808 0.269079 0.0362082 0.755299 0.267232 0.266757 0.189447 0.690011 0.107343 0.108602 0.0770406 0.185914 0.267758 0.434609
0.18792 0.108393 0.437195 0.114808 0.267735 0.116068 0.188085 0.0359125 0.109428 0.276462 0.270587 0.115808 0.269079 0.0362082 0.755299 0.267232 0.266757 0.189447 0.690011 0.107343 0.108602 0.0770406 0.185914 0.267758 0.434609
0.18792 0.108393 0.437195 0.114808 0.267735 0.116068 0.188085 0.0359125 0.109428 0.276462 0.270587 0.115808 0.269079 0.0362082 0.755299 0.267232 0.266757 0.189447 0.690011 0.107343 0.108602 0.0770406 0.185914 0.267758 0.434609
0.18792 0.108393 0.437195 0.114808 0.267735 0.116068 0.188085 0.0359125 0.109428 0.276462 0.270587 0.115808 0.269079 0.0362082 0.755299 0.267232 0.266757 0.189447 0.690011 0.107343 0.108602 0.0770406 0.185914 0.267758 0.434609
0.18792 0.108393 0.437195 0.114808 0.267735 0.116068 0.188085 0.0359125 0.109428 0.276462 0.270587 0.115808 0.269079 0.0362082 0.755299 0.267232 0.266757 0.189447 0.690011 0.107343 0.108602 0.0770406 0.185914 0.267758 0.434609
0.18792 0.108393 0.437195 0.114808 0.267735 0.116068 0.188085 0.0359125 0.109428 0.276462 0.270587 0.115808 0.269079 0.0362082 0.755299 0.267232 0.266757 0.189447 0.690011 0.107343 0.108602 0.0770406 0.185914 0.267758 0.434609
0.18792 0.108393 0.437195 0.114808 0.267735 0.116068 0.188085 0.0359125 0.109428 0.276462 0.270587 0.115808 0.269079 0.0362082 0.755299 0.267232 0.266757 0.189447 0.690011 0.107343 0.108602 0.0770406 0.185914 0.267758 0.434609
0.18792 0.108393 0.437195 0.114808 0.267735 0.116068 0.188085 0.0359125 0.109428 0.276462 0.270587 0.115808 0.269079 0.0362082 0.755299 0.267232 0.266757 0.189447 0.690011 0.107343 0.108602 0.0770406 0.185914 0.267758 0.434609
0.18792 0.108393 0.437195 0.114808 0.267735 0.116068 0.188085 0.0359125 0.109428 0.276462 0.270587 0.115808 0.269079 0.0362082 0.755299 0.267232 0.266757 0.189447 0.690011 0.107343 0.108602 0.0770406 0.185914 0.267758 0.434609
0.18792 0.108393 0.437195 0.114808 0.267735 0.116068 0.188085 0.0359125 0.109428 0.276462 0.270587 0.115808 0.269079 0.0362082 0.755299 0.267232 0.266757 0.189447 0.690011 0.107343 0.108602 0.0770406 0.185914 0.267758 0.434609
0.18792 0.108393 0.437195 0.114808 0.267735 0.116068 0.188085 0.0359125 0.109428 0.276462 0.270587 0.115808 0.269079 0.0362082 0.755299 0.267232 0.266757 0.189447 0.690011 0.107343 0.108602 0.0770406 0.185914 0.267758 0.434609
0.18792 0.108393 0.437195 0.114808 0.267735 0.116068 0.188085 0.0359125 0.109428 0.276462 0.270587 0.115808 0.269079 0.0362082 0.755299 0.267232 0.266757 0.189447 0.690011 0.107343 0.108602 0.0770406 0.185914 0.267758 0.434609
0.18792 0.108393 0.437195 0.114808 0.267735 0.116068 0.188085 0.0359125 0.109428 0.276462 0.270587 0.115808 0.269079 0.0362082 0.755299 0.267232 0.266757 0.189447 0.690011 0.107343 0.108602 0.0770406 0.185914 0.267758 0.434609
0.18792 0.108393 0.437195 0.114808 0.267735 0.116068 0.188085 0.0359125 0.109428 0.276462 0.270587 0.115808 0.269079 0.0362082 0.755299 0.267232 0.266757 0.189447 0.690011 0.107343 0.108602 0.0770406 0.185914 0.267758 0.434609
0.18792 0.108393 0.437195 0.114808 0.267735 0.116068 0.188085 0.0359125 0.109428 0.276462 0.270587 0.115808 0.269079 0.0362082 0.755299 0.267232 0.266757 0.189447 0.690011 0.107343 0.108602 0.0770406 0.185914 0.267758 0.434609
0.18792 0.108393 0.437195 0.114808 0.267735 0.116068 0.188085 0.0359125 0.109428 0.276462 0.270587 0.115808 0.269079 0.0362082 0.755299 0.267232 0.266757 0.189447 0.690011 0.107343 0.108602 0.0770406 0.185914 0.267758 0.434609
0.18792 0.108393 0.437195 0.114808 0.267735 0.116068 0.188085 0.0359125 0.109428 0.276462 0.270587 0.115808 0.269079 0.0362082 0.755299 0.267232 0.266757 0.189447 0.690011 0.107343 0.108602 0.0770406 0.185914 0.267758 0.434609
0.18792 0.108393 0.437195 0.114808 0.267735 0.116068 0.188085 0.0359125 0.109428 0.276462 0.270587 0.115808 0.269079 0.0362082 0.755299 0.267232 0.266757 0.189447 0.690011 0.107343 0.108602 0.0770406 0.185914 0.267758 0.434609
0.18792 0.108393 0.437195 0.114808 0.267735 0.116068 0.188085 0.0359125 0.109428 0.276462 0.270587 0.115808 0.269079 0.0362082 0.755299 0.267232 0.266757 0.189447 0.690011 0.107343 0.108602 0.0770406 0.185914 0.267758 0.434609
0.18792 0.108393 0.437195 0.114808 0.267735 0.116068 0.188085 0.0359125 0.109428 0.276462 0.270587 0.115808 0.269079 0.0362082 0.755299 0.267232 0.266757 0.189447 0.690011 0.107343 0.108602 0.0770406 0.185914 0.267758 0.434609
0.18792 0.108393 0.437195 0.114808 0.267735 0.116068 0.188085 0.0359125 0.109428 0.276462 0.270587 0.115808 0.269079 0.0362082 0.755299 0.267232 0.266757 0.189447 0.690011 0.107343 0.108602 0.0770406 0.185914 0.267758 0.434609
0.18792 0.108393 0.437195 0.114808 0.267735 0.116068 0.188085 0.0359125 0.109428 0.276462 0.270587 0.115808 0.269079 0.0362082 0.755299 0.267232 0.266757 0.189447 0.690011 0.107343 0.108602 0.0770406 0.185914 0.267758 0.434609
0.18792 0.108393 0.437195 0.114808 0.267735 0.116068 0.188085 0.0359125 0.109428 0.276462 0.270587 0.115808 0.269079 0.0362082 0.755299 0.267232 0.266757 0.189447 0.690011 0.107343 0.108602 0.0770406 0.185914 0.267758 0.434609
0.18792 0.108393 0.437195 0.114808 0.267735 0.116068 0.188085 0.0359125 0.109428 0.276462 0.270587 0.115808 0.269079 0.0362082 0.755299 0.267232 0.266757 0.189447 0.690011 0.107343 0.108602 0.0770406 0.185914 0.267758 0.434609
0.18792 0.108393 0.437195 0.114808 0.267735 0.116068 0.188085 0.0359125 0.109428 0.276462 0.270587 0.115808 0.269079 0.0362082 0.755299 0.267232 0.266757 0.189447 0.690011 0.107343 0.108602 0.0770406 0.185914 0.267758 0.434609
0.18792 0.108393 0.437195 0.114808 0.267735 0.116068 0.188085 0.0359125 0.109428 0.276462 0.270587 0.115808 0.269079 0.0362082 0.755299 0.267232 0.266757 0.189447 0.690011 0.107343 0.108602 0.0770406 0.185914 0.267758 0.434609
0.18792 0.108393 0.437195 0.114808 0.267735 0.116068 0.188085 0.0359125 0.109428 0.276462 0.270587 0.115808 0.269079 0.0362082 0.755299 0.267232 0.266757 0.189447 0.690011 0.107343 0.108602 0.0770406 0.185914 0.267758 0.434609
0.18792 0.108393 0.437195 0.114808 0.267735 0.116068 0.188085 0.0359125 0.109428 0.276462 0.270587 0.115808 0.269079 0.0362082 0.755299 0.267232 0.266757 0.189447 0.690011 0.107343 0.108602 0.0770406 0.185914 0.267758 0.434609
0.18792 0.108393 0.437195 0.114808 0.267735 0.116068 0.188085 0.0359125 0.109428 0.276462 0.270587 0.115808 0.269079 0.0362082 0.755299 0.267232 0.266757 0.189447 0.690011 0.107343 0.108602 0.0770406 0.185914 0.267758 0.434609
0.18792 0.108393 0.437195 0.114808 0.267735 0.116068 0.188085 0.0359125 0.109428 0.276462 0.270587 0.115808 0.269079 0.0362082 0.755299 0.267232 0.266757 0.189447 0.690011 0.107343 0.108602 0.0770406 0.185914 0.267758 0.434609
0.18792 0.108393 0.437195 0.114808 0.267735 0.116068 0.188085 0.0359125 0.109428 0.276462 0.270587 0.115808 0.269079 0.0362082 0.755299 0.267232 0.266757 0.189447 0.690011 0.107343 0.108602 0.0770406 0.185914 0.267758 0.434609
0.18792 0.108393 0.437195 0.114808 0.267735 0.116068 0.188085 0.0359125 0.109428 0.276462 0.270587 0.115808 0.269079 0.0362082 0.755299 0.267232 0.266757 0.189447 0.690011 0.107343 0.108602 0.0770406 0.185914 0.267758 0.434609
0.18792 0.108393 0.437195 0.114808 0.267735 0.116068 0.188085 0.0359125 0.109428 0.276462 0.270587 0.115808 0.269079 0.0362082 0.755299 0.267232 0.266757 0.189447 0.690011 0.107343 0.108602 0.0770406 0.185914 0.267758 0.434609
0.18792 0.108393 0.437195 0.114808 0.267735 0.116068 0.188085 0.0359125 0.109428 0.276462 0.270587 0.115808 0.269079 0.0362082 0.755299 0.267232 0.266757 0.189447 0.690011 0.107343 0.108602 0.0770406 0.185914 0.267758 0.434609
0.18792 0.108393 0.437195 0.114808 0.267735 0.116068 0.188085 0.0359125 0.109428 0.276462 0.270587 0.115808 0.269079 0.0362082 0.755299 0.267232 0.266757 0.189447 0.690011 0.107343 0.108602 0.0770406 0.185914 0.267758 0.434609
0.18792 0.108393 0.437195 0.114808 0.267735 0.116068 0.188085 0.0359125 0.109428 0.276462 0.270587 0.115808 0.269079 0.0362082 0.755299 0.267232 0.266757 0.189447 0.690011 0.107343 0.108602 0.0770406 0.185914 0.267758 0.434609
0.18792 0.108393 0.437195 0.114808 0.267735 0.116068 0.188085 0.0359125 0.109428 0.276462 0.270587 0.115808 0.269079 0.0362082 0.755299 0.267232 0.266757 0.189447 0.690011 0.107343 0.108602 0.0770406 0.185914 0.267758 0.434609
0.18792 0.108393 0.437195 0.114808 0.267735 0.116068 0.188085 0.0359125 0.109428 0.276462 0.270587 0.115808 0.269079 0.0362082 0.755299 0.267232 0.266757 0.189447 0.690011 0.107343 0.108602 0.0770406 0.185914 0.267758 0.434609
0.18792 0.108393 0.437195 0.114808 0.267735 0.116068 0.188085 0.0359125 0.109428 0.276462 0.270587 0.115808 0.269079 0.0362082 0.755299 0.267232 0.266757 0.189447 0.690011 0.107343 0.108602 0.0770406 0.185914 0.267758 0.434609
0.18792 0.108393 0.437195 0.114808 0.267735 0.116068 0.188085 0.0359125 0.109428 0.276462 0.270587 0.115808 0.269079 0.0362082 0.755299 0.267232 0.266757 0.189447 0.690011 0.107343 0.108602 0.0770406 0.185914 0.267758 0.434609
0.18792 0.108393 0.437195 0.114808 0.267735 0.116068 0.188085 0.0359125 0.109428 0.276462 0.270587 0.115808 0.269079 0.0362082 0.755299 0.267232 0.266757 0.189447 0.690011 0.107343 0.108602 0.0770406 0.185914 0.267758 0.434609
0.18792 0.108393 0.437195 0.114808 0.267735 0.116068 0.188085 0.0359125 0.109428 0.276462 0.270587 0.115808 0.269079 0.0362082 0.755299 0.267232 0.266757 0.189447 0.690011 0.107343 0.108602 0.0770406 0.185914 0.267758 0.434609
0.18792 0.108393 0.437195 0.114808 0.267735 0.116068 0.188085 0.0359125 0.109428 0.276462 0.270587 0.115808 0.269079 0.0362082 0.755299 0.267232 0.266757 0.189447 0.690011 0.107343 0.108602 0.0770406 0.185914 0.267758 0.434609
0.18792 0.108393 0.437195 0.114808 0.267735 0.116068 0.188085 0.0359125 0.109428 0.276462 0.270587 0.115808 0.269079 0.0362082 0.755299 0.267232 0.266757 0.189447 0.690011 0.107343 0.108602 0.0770406 0.185914 0.267758 0.434609
0.18792 0.108393 0.437195 0.114808 0.267735 0.116068 0.188085 0.0359125 0.109428 0.276462 0.270587 0.115808 0.269079 0.0362082 0.755299 0.267232 0.266757 0.189447 0.690011 0.107343 0.108602 0.0770406 0.185914 0.267758 0.434609
0.18792 0.108393 0.437195 0.114808 0.267735 0.116068 0.188085 0.0359125 0.109428 0.276462 0.270587 0.115808 0.269079 0.0362082 0.755299 0.267232 0.266757 0.189447 0.690011 0.107343 0.108602 0.0770406 0.185914 0.267758 0.434609
0.18792 0.108393 0.437195 0.114808 0.267735 0.116068 0.188085 0.0359125 0.109428 0.276462 0.270587 0.115808 0.269079 0.0362082 0.755299 0.267232 0.266757 0.189447 0.690011 0.107343 0.108602 0.0770406 0.185914 0.267758 0.434609
0.18792 0.108393 0.437195 0.114808 0.267735 0.116068 0.188085 0.0359125 0.109428 0.276462 0.270587 0.115808 0.269079 0.0362082 0.755299 0.267232 0.266757 0.189447 0.690011 0.107343 0.108602 0.0770406 0.185914 0.267758 0.434609
0.18792 0.108393 0.437195 0.114808 0.267735 0.116068 0.188085 0.0359125 0.109428 0.276462 0.270587 0.115808 0.269079 0.0362082 0.755299 0.267232 0.266757 0.189447 0.690011 0.107343 0.108602 0.0770406 0.185914 0.267758 0.434609
0.18792 0.108393 0.437195 0.114808 0.267735 0.116068 0.188085 0.0359125 0.109428 0.276462 0.270587 0.115808 0.269079 0.0362082 0.755299 0.267232 0.266757 0.189447 0.690011 0.107343 0.108602 0.0770406 0.185914 0.267758 0.434609
0.18792 0.108393 0.437195 0.114808 0.267735 0.116068 0.188085 0.0359125 0.109428 0.276462 0.270587 0.115808 0.269079 0.0362082 0.755299 0.267232 0.266757 0.189447 0.690011 0.107343 0.108602 0.0770406 0.185914 0.267758 0.434609
0.18792 0.108393 0.437195 0.114808 0.267735 0.116068 0.188085 0.0359125 0.109428 0.276462 0.270587 0.115808 0.269079 0.0362082 0.755299 0.267232 0.266757 0.189447 0.690011 0.107343 0.108602 0.0770406 0.185914 0.267758 0.434609
0.18792 0.108393 0.437195 0.114808 0.267735 0.116068 0.188085 0.0359125 0.109428 0.276462 0.270587 0.115808 0.269079 0.0362082 0.755299 0.267232 0.266757 0.189447 0.690011 0.107343 0.108602 0.0770406 0.185914 0.267758 0.434609
0.18792 0.108393 0.437195 0.114808 0.267735 0.116068 0.188085 0.0359125 0.109428 0.276462 0.270587 0.115808 0.269079 0.0362082 0.755299 0.267232 0.266757 0.189447 0.690011 0.107343 0.108602 0.0770406 0.185914 0.267758 0.434609
0.18792 0.108393 0.437195 0.114808 0.267735 0.116068 0.188085 0.0359125 0.109428 0.276462 0.270587 0.115808 0.269079 0.0362082 0.755299 0.267232 0.266757 0.189447 0.690011 0.107343 0.108602 0.0770406 0.185914 0.267758 0.434609
0.18792 0.108393 0.437195 0.114808 0.267735 0.116068 0.188085 0.0359125 0.109428 0.276462 0.270587 0.115808 0.269079 0.0362082 0.755299 0.267232 0.266757 0.189447 0.690011 0.107343 0.108602 0.0770406 0.185914 0.267758 0.434609
0.18792 0.108393 0.437195 0.114808 0.267735 0.116068 0.188085 0.0359125 0.109428 0.276462 0.270587 0.115808 0.269079 0.0362082 0.755299 0.267232 0.266757 0.189447 0.690011 0.107343 0.108602 0.0770406 0.185914 0.267758 0.434609
0.18792 0.108393 0.437195 0.114808 0.267735 0.116068 0.188085 0.0359125 0.109428 0.276462 0.270587 0.115808 0.269079 0.0362082 0.755299 0.267232 0.266757 0.189447 0.690011 0.107343 0.108602 0.0770406 0.185914 0.267758 0.434609
0.18792 0.108393 0.437195 0.114808 0.267735 0.116068 0.188085 0.0359125 0.109428 0.276462 0.270587 0.115808 0.269079 0.0362082 0.755299 0.267232 0.266757 0.189447 0.690011 0.107343 0.108602 0.0770406 0.185914 0.267758 0.434609
0.18792 0.108393 0.437195 0.114808 0.267735 0.116068 0.188085 0.0359125 0.109428 0.276462 0.270587 0.115808 0.269079 0.0362082 0.755299 0.267232 0.266757 0.189447 0.690011 0.107343 0.108602 0.0770406 0.185914 0.267758 0.434609
0.18792 0.108393 0.437195 0.114808 0.267735 0.116068 0.188085 0.0359125 0.109428 0.276462 0.270587 0.115808 0.269079 0.0362082 0.755299 0.267232 0.266757 0.189447 0.690011 0.107343 0.108602 0.0770406 0.185914 0.267758 0.434609
0.18792 0.108393 0.437195 0.114808 0.267735 0.116068 0.188085 0.0359125 0.109428 0.276462 0.270587 0.115808 0.269079 0.0362082 0.755299 0.267232 0.266757 0.189447 0.690011 0.107343 0.108602 0.0770406 0.185914 0.267758 0.434609
0.18792 0.108393 0.437195 0.114808 0.267735 0.116068 0.188085 0.0359125 0.109428 0.276462 0.270587 0.115808 0.269079 0.0362082 0.755299 0.267232 0.266757 0.189447 0.690011 0.107343 0.108602 0.0770406 0.185914 0.267758 0.434609
0.18792 0.108393 0.437195 0.114808 0.267735 0.116068 0.188085 0.0359125 0.109428 0.276462 0.270587 0.115808 0.269079 0.0362082 0.755299 0.267232 0.266757 0.189447 0.690011 0.107343 0.108602 0.0770406 0.185914 0.267758 0.434609
0.18792 0.108393 0.437195 0.114808 0.267735 0.116068 0.188085 0.0359125 0.109428 0.276462 0.270587 0.115808 0.269079 0.0362082 0.755299 0.267232 0.266757 0.189447 0.690011 0.107343 0.108602 0.0770406 0.185914 0.267758 0.434609
0.18792 0.108393 0.437195 0.114808 0.267735 0.116068 0.188085 0.0359125 0.109428 0.276462 0.270587 0.115808 0.269079 0.0362082 0.755299 0.267232 0.266757 0.189447 0.690011 0.107343 0.108602 0.0770406 0.185914 0.267758 0.434609
0.18792 0.108393 0.437195 0.114808 0.267735 0.116068 0.188085 0.0359125 0.109428 0.276462 0.270587 0.115808 0.269079 0.0362082 0.755299 0.267232 0.266757 0.189447 0.690011 0.107343 0.108602 0.0770406 0.185914 0.267758 0.434609
0.18792 0.108393 0.437195 0.114808 0.267735 0.116068 0.188085 0.0359125 0.109428 0.276462 0.270587 0.115808 0.269079 0.0362082 0.755299 0.267232 0.266757 0.189447 0.690011 0.107343 0.108602 0.0770406 0.185914 0.267758 0.434609
0.18792 0.108393 0.437195 0.114808 0.267735 0.116068 0.188085 0.0359125 0.109428 0.276462 0.270587 0.115808 0.269079 0.0362082 0.755299 0.267232 0.266757 0.189447 0.690011 0.107343 0.108602 0.0770406 0.185914 0.267758 0.434609
0.18792 0.108393 0.437195 0.114808 0.267735 0.116068 0.188085 0.0359125 0.109428 0.276462 0.270587 0.115808 0.269079 0.0362082 0.755299 0.267232 0.266757 0.189447 0.690011 0.107343 0.108602 0.0770406 0.185914 0.267758 0.434609
0.18792 0.108393 0.437195 0.114808 0.267735 0.116068 0.188085 0.0359125 0.109428 0.276462 0.270587 0.115808 0.269079 0.0362082 0.755299 0.267232 0.266757 0.189447 0.690011 0.107343 0.108602 0.0770406 0.185914 0.267758 0.434609
0.18792 0.108393 0.437195 0.114808 0.267735 0.116068 0.188085 0.0359125 0.109428 0.276462 0.270587 0.115808 0.269079 0.0362082 0.755299 0.267232 0.266757 0.189447 0.690011 0.107343 0.108602 0.0770406 0.185914 0.267758 0.434609
0.18792 0.108393 0.437195 0.114808 0.267735 0.116068 0.188085 0.0359125 0.109428 0.276462 0.270587 0.115808 0.269079 0.0362082 0.755299 0.267232 0.266757 0.189447 0.690011 0.107343 0.108602 0.0770406 0.185914 0.267758 0.434609
0.18792 0.108393 0.437195 0.114808 0.267735 0.116068 0.188085 0.0359125 0.109428 0.276462 0.270587 0.115808 0.269079 0.0362082 0.755299 0.267232 0.266757 0.189447 0.690011 0.107343 0.108602 0.0770406 0.185914 0.267758 0.434609
0.18792 0.108393 0.437195 0.114808 0.267735 0.116068 0.188085 0.0359125 0.109428 0.276462 0.270587 0.115808 0.269079 0.0362082 0.755299 0.267232 0.266757 0.189447 0.690011 0.107343 0.108602 0.0770406 0.185914 0.267758 0.434609
0.18792 0.108393 0.437195 0.114808 0.267735 0.116068 0.188085 0.0359125 0.109428 0.276462 0.270587 0.115808 0.269079 0.0362082 0.755299 0.267232 0.266757 0.189447 0.690011 0.107343 0.108602 0.0770406 0.185914 0.267758 0.434609
0.18792 0.108393 0.437195 0.114808 0.267735 0.116068 0.188085 0.0359125 0.109428 0.276462 0.270587 0.115808 0.269079 0.0362082 0.755299 0.267232 0.266757 0.189447 0.690011 0.107343 0.108602 0.0770406 0.185914 0.267758 0.434609
0.18792 0.108393 0.437195 0.114808 0.267735 0.116068 0.188085 0.0359125 0.109428 0.276462 0.270587 0.115808 0.269079 0.0362082 0.755299 0.267232 0.266757 0.189447 0.690011 0.107343 0.108602 0.0770406 0.185914 0.267758 0.434609
0.18792 0.108393 0.437195 0.114808 0.267735 0.116068 0.188085 0.0359125 0.109428 0.276462 0.270587 0.115808 0.269079 0.0362082 0.755299 0.267232 0.266757 0.189447 0.690011 0.107343 0.108602 0.0770406 0.185914 0.267758 0.434609
0.18792 0.108393 0.437195 0.114808 0.267735 0.116068 0.188085 0.0359125 0.109428 0.276462 0.270587 0.115808 0.269079 0.0362082 0.755299 0.267232 0.266757 0.189447 0.690011 0.107343 0.108602 0.0770406 0.185914 0.267758 0.434609
0.18792 0.108393 0.437195 0.114808 0.267735 0.116068 0.188085 0.0359125 0.109428 0.276462 0.270587 0.115808 0.269079 0.0362082 0.755299 0.267232 0.266757 0.189447 0.690011 0.107343 0.108602 0.0770406 0.185914 0.267758 0.434609
0.18792 0.108393 0.437195 0.114808 0.267735 0.116068 0.188085 0.0359125 0.109428 0.276462 0.270587 0.115808 0.269079 0.0362082 0.755299 0.267232 0.266757 0.189447 0.690011 0.107343 0.108602 0.0770406 0.185914 0.267758 0.434609
0.18792 0.108393 0.437195 0.114808 0.267735 0.116068 0.188085 0.0359125 0.109428 0.276462 0.270587 0.115808 0.269079 0.0362082 0.755299 0.267232 0.266757 0.189447 0.690011 0.107343 0.108602 0.0770406 0.185914 0.267758 0.434609
0.18792 0.108393 0.437195 0.114808 0.267735 0.116068 0.188085 0.0359125 0.109428 0.276462 0.270587 0.115808 0.269079 0.0362082 0.755299 0.267232 0.266757 0.189447 0.690011 0.107343 0.108602 0.0770406 0.185914 0.267758 0.434609
0.18792 0.108393 0.437195 0.114808 0.267735 0.116068 0.188085 0.0359125 0.109428 0.276462 0.270587 0.115808 0.269079 0.0362082 0.755299 0.267232 0.266757 0.189447 0.690011 0.107343 0.108602 0.0770406 0.185914 0.267758 0.434609
0.18792 0.108393 0.437195 0.114808 0.267735 0.116068 0.188085 0.0359125 0.109428 0.276462 0.270587 0.115808 0.269079 0.0362082 0.755299 0.267232 0.266757 0.189447 0.690011 0.107343 0.108602 0.0770406 0.185914 0.267758 0.434609
0.18792 0.108393 0.437195 0.114808 0.267735 0.116068 0.188085 0.0359125 0.109428 0.276462 0.270587 0.115808 0.269079 0.0362082 0.755299 0.267232 0.266757 0.189447 0.690011 0.107343 0.108602 0.0770406 0.185914 0.267758 0.434609
0.18792 0.108393 0.437195 0.114808 0.267735 0.116068 0.188085 0.0359125 0.109428 0.276462 0.270587 0.115808 0.269079 0.0362082 0.755299 0.267232 0.266757 0.189447 0.690011 0.107343 0.108602 0.0770406 0.185914 0.267758 0.434609
0.18792 0.108393 0.437195 0.114808 0.267735 0.116068 0.188085 0.0359125 0.109428 0.276462 0.270587 0.115808 0.269079 0.0362082 0.755299 0.267232 0.266757 0.189447 0.690011 0.107343 0.108602 0.0770406 0.185914 0.267758 0.434609
0.18792 0.108393 0.437195 0.114808 0.267735 0.116068 0.188085 0.0359125 0.109428 0.276462 0.270587 0.115808 0.269079 0.0362082 0.755299 0.267232 0.266757 0.189447 0.690011 0.107343 0.108602 0.0770406 0.185914 0.267758 0.434609
0.18792 0.108393 0.437195 0.114808 0.267735 0.116068 0.188085 0.0359125 0.109428 0.276462 0.270587 0.115808 0.269079 0.0362082 0.755299 0.267232 0.266757 0.189447 0.690011 0.107343 0.108602 0.0770406 0.185914 0.267758 0.434609
0.18792 0.108393 0.437195 0.114808 0.267735 0.116068 0.188085 0.0359125 0.109428 0.276462 0.270587 0.115808 0.269079 0.0362082 0.755299 0.267232 0.266757 0.189447 0.690011 0.107343 0.108602 0.0770406 0.185914 0.267758 0.434609
0.18792 0.108393 0.437195 0.114808 0.267735 0.116068 0.188085 0.0359125 0.109428 0.276462 0.270587 0.115808 0.269079 0.0362082 0.755299 0.267232 0.266757 0.189447 0.690011 0.107343 0.108602 0.0770406 0.185914 0.267758 0.434609
0.18792 0.108393 0.437195 0.114808 0.267735 0.116068 0.188085 0.0359125 0.109428 0.276462 0.270587 0.115808 0.269079 0.0362082 0.755299 0.267232 0.266757 0.189447 0.690011 0.107343 0.108602 0.0770406 0.185914 0.267758 0.434609
0.18792 0.108393 0.437195 0.114808 0.267735 0.116068 0.188085 0.0359125 0.109428 0.276462 0.270587 0.115808 0.269079 0.0362082 0.755299 0.267232 0.266757 0.189447 0.690011 0.107343 0.108602 0.0770406 0.185914 0.267758 0.434609
0.18792 0.108393 0.437195 0.114808 0.267735 0.116068 0.188085 0.0359125 0.109428 0.276462 0.270587 0.115808 0.269079 0.0362082 0.755299 0.267232 0.266757 0.189447 0.690011 0.107343 0.108602 0.0770406 0.185914 0.267758 0.434609
0.18792 0.108393 0.437195 0.114808 0.267735 0.116068 0.188085 0.0359125 0.109428 0.276462 0.270587 0.115808 0.269079 0.0362082 0.755299 0.267232 0.266757 0.189447 0.690011 0.107343 0.108602 0.0770406 0.185914 0.267758 0.434609
0.18792 0.108393 0.437195 0.114808 0.267735 0.116068 0.188085 0.0359125 0.109428 0.276462 0.270587 0.115808 0.269079 0.0362082 0.755299 0.267232 0.266757 0.189447 0.690011 0.107343 0.108602 0.0770406 0.185914 0.267758 0.434609
0.18792 0.108393 0.437195 0.114808 0.267735 0.116068 0.188085 0.0359125 0.109428 0.276462 0.270587 0.115808 0.269079 0.0362082 0.755299 0.267232 0.266757 0.189447 0.690011 0.107343 0.108602 0.0770406 0.185914 0.267758 0.434609
0.18792 0.108393 0.437195 0.114808 0.267735 0.116068 0.188085 0.0359125 0.109428 0.276462 0.270587 0.115808 0.269079 0.0362082 0.755299 0.267232 0.266757 0.189447 0.690011 0.107343 0.108602 0.0770406 0.185914 0.267758 0.434609
0.18792 0.108393 0.437195 0.114808 0.267735 0.116068 0.188085 0.0359125 0.109428 0.276462 0.270587 0.115808 0.269079 0.0362082 0.755299 0.267232 0.266757 0.189447 0.690011 0.107343 0.108602 0.0770406 0.185914 0.267758 0.434609
0.18792 0.108393 0.437195 0.114808 0.267735 0.116068 0.188085 0.0359125 0.109428 0.276462 0.270587 0.115808 0.269079 0.0362082 0.755299 0.267232 0.266757 0.189447 0.690011 0.107343 0.108602 0.0770406 0.185914 0.267758 0.434609
0.18792 0.108393 0.437195 0.114808 0.267735 0.116068 0.188085 0.0359125 0.109428 0.276462 0.270587 0.115808 0.269079 0.0362082 0.755299 0.267232 0.266757 0.189447 0.690011 0.107343 0.108602 0.0770406 0.185914 0.267758 0.434609
0.18792 0.108393 0.437195 0.114808 0.267735 0.116068 0.188085 0.0359125 0.109428 0.276462 0.270587 0.115808 0.269079 0.0362082 0.755299 0.267232 0.266757 0.189447 0.690011 0.107343 0.108602 0.0770406 0.185914 0.267758 0.434609
0.18792 0.108393 0.437195 0.114808 0.267735 0.116068 0.188085 0.0359125 0.109428 0.276462 0.270587 0.115808 0.269079 0.0362082 0.755299 0.267232 0.266757 0.189447 0.690011 0.107343 0.108602 0.0770406 0.185914 0.267758 0.434609
0.18792 0.108393 0.437195 0.114808 0.267735 0.116068 0.188085 0.0359125 0.109428 0.276462 0.270587 0.115808 0.269079 0.0362082 0.755299 0.267232 0.266757 0.189447 0.690011 0.107343 0.108602 0.0770406 0.185914 0.267758 0.434609
0.18792 0.108393 0.437195 0.114808 0.267735 0.116068 0.188085 0.0359125 0.109428 0.276462 0.270587 0.115808 0.269079 0.0362082 0.755299 0.267232 0.266757 0.189447 0.690011 0.107343 0.108602 0.0770406 0.185914 0.267758 0.434609
0.18792 0.108393 0.437195 0.114808 0.267735 0.116068 0.188085 0.0359125 0.109428 0.276462 0.270587 0.115808 0.269079 0.0362082 0.755299 0.267232 0.266757 0.189447 0.690011 0.107343 0.108602 0.0770406 0.185914 0.267758 0.434609
0.18792 0.108393 0.437195 0.114808 0.267735 0.116068 0.188085 0.0359125 0.109428 0.276462 0.270587 0.115808 0.269079 0.0362082 0.755299 0.267232 0.266757 0.189447 0.690011 0.107343 0.108602 0.0770406 0.185914 0.267758 0.434609
0.18792 0.108393 0.437195 0.114808 0.267735 0.116068 0.188085 0.0359125 0.109428 0.276462 0.270587 0.115808 0.269079 0.0362082 0.755299 0.267232 0.266757 0.189447 0.690011 0.107343 0.108602 0.0770406 0.185914 0.267758 0.434609
0.18792 0.108393 0.437195 0.114808 0.267735 0.116068 0.188085 0.0359125 0.109428 0.276462 0.270587 0.115808 0.269079 0.0362082 0.755299 0.267232 0.266757 0.189447 0.690011 0.107343 0.108602 0.0770406 0.185914 0.267758 0.434609
0.18792 0.108393 0.437195 0.114808 0.267735 0.116068 0.188085 0.0359125 0.109428 0.276462 0.270587 0.115808 0.269079 0.0362082 0.755299 0.267232 0.266757 0.189447 0.690011 0.107343 0.108602 0.0770406 0.185914 0.267758 0.434609
0.18792 0.108393 0.437195 0.114808 0.267735 0.116068 0.188085 0.0359125 0.109428 0.276462 0.270587 0.115808 0.269079 0.0362082 0.755299 0.267232 0.266757 0.189447 0.690011 0.107343 0.108602 0.0770406 0.185914 0.267758 0.434609
0.18792 0.108393 0.437195 0.114808 0.267735 0.116068 0.188085 0.0359125 0.109428 0.276462 0.270587 0.115808 0.269079 0.0362082 0.755299 0.267232 0.266757 0.189447 0.690011 0.107343 0.108602 0.0770406 0.185914 0.267758 0.434609
0.18792 0.108393 0.437195 0.114808 0.267735 0.116068 0.188085 0.0359125 0.109428 0.276462 0.270587 0.115808 0.269079 0.0362082 0.755299 0.267232 0.266757 0.189447 0.690011 0.107343 0.108602 0.0770406 0.185914 0.267758 0.434609
0.18792 0.108393 0.437195 0.114808 0.267735 0.116068 0.188085 0.0359125 0.109428 0.276462 0.270587 0.115808 0.269079 0.0362082 0.755299 0.267232 0.266757 0.189447 0.690011 0.107343 0.108602 0.0770406 0.185914 0.267758 0.434609
0.18792 0.108393 0.437195 0.114808 0.267735 0.116068 0.188085 0.0359125 0.109428 0.276462 0.270587 0.115808 0.269079 0.0362082 0.755299 0.267232 0.266757 0.189447 0.690011 0.107343 0.108602 0.0770406 0.185914 0.267758 0.434609
0.18792 0.108393 0.437195 0.114808 0.267735 0.116068 0.188085 0.0359125 0.109428 0.276462 0.270587 0.115808 0.269079 0.0362082 0.755299 0.267232 0.266757 0.189447 0.690011 0.107343 0.108602 0.0770406 0.185914 0.267758 0.434609
0.18792 0.108393 0.437195 0.114808 0.267735 0.116068 0.188085 0.0359125 0.109428 0.276462 0.270587 0.115808 0.269079 0.0362082 0.755299 0.267232 0.266757 0.189447 0.690011 0.107343 0.108602 0.0770406 0.185914 0.267758 0.434609
0.18792 0.108393 0.437195 0.114808 0.267735 0.116068 0.188085 0.0359125 0.109428 0.276462 0.270587 0.115808 0.269079 0.0362082 0.755299 0.267232 0.266757 0.189447 0.690011 0.107343 0.108602 0.0770406 0.185914 0.267758 0.434609
0.18792 0.108393 0.437195 0.114808 0.267735 0.116068 0.188085 0.0359125 0.109428 0.276462 0.270587 0.115808 0.269079 0.0362082 0.755299 0.267232 0.266757 0.189447 0.690011 0.107343 0.108602 0.0770406 0.185914 0.267758 0.434609
0.18792 0.108393 0.437195 0.114808 0.267735 0.116068 0.188085 0.0359125 0.109428 0.276462 0.270587 0.115808 0.269079 0.0362082 0.755299 0.267232 0.266757 0.189447 0.690011 0.107343 0.108602 0.0770406 0.185914 0.267758 0.434609
0.18792 0.108393 0.437195 0.114808 0.267735 0.116068 0.188085 0.0359125 0.109428 0.276462 0.270587 0.115808 0.269079 0.0362082 0.755299 0.267232 0.266757 0.189447 0.690011 0.107343 0.108602 0.0770406 0.185914 0.267758 0.434609
0.18792 0.108393 0.437195 0.114808 0.267735 0.116068 0.188085 0.0359125 0.109428 0.276462 0.270587 0.115808 0.269079 0.0362082 0.755299 0.267232 0.266757 0.189447 0.690011 0.107343 0.108602 0.0770406 0.185914 0.267758 0.434609
0.18792 0.108393 0.437195 0.114808 0.267735 0.116068 0.188085 0.0359125 0.109428 0.276462 0.270587 0.115808 0.269079 0.0362082 0.755299 0.267232 0.266757 0.189447 0.690011 0.107343 0.108602 0.0770406 0.185914 0.267758 0.434609
0.18792 0.108393 0.437195 0.114808 0.267735 0.116068 0.188085 0.0359125 0.109428 0.276462 0.270587 0.115808 0.269079 0.0362082 0.755299 0.267232 0.266757 0.189447 0.690011 0.107343 0.108602 0.0770406 0.185914 0.267758 0.434609
0.18792 0.108393 0.437195 0.114808 0.267735 0.116068 0.188085 0.0359125 0.109428 0.276462 0.270587 0.115808 0.269079 0.0362082 0.755299 0.267232 0.266757 0.189447 0.690011 0.107343 0.108602 0.0770406 0.185914 0.267758 0.434609
0.18792 0.108393 0.437195 0.114808 0.267735 0.116068 0.188085 0.0359125 0.109428 0.276462 0.270587 0.115808 0.269079 0.0362082 0.755299 0.267232 0.266757 0.189447 0.690011 0.107343 0.108602 0.0770406 0.185914 0.267758 0.434609
0.18792 0.108393 0.437195 0.114808 0.267735 0.116068 0.188085 0.0359125 0.109428 0.276462 0.270587 0.115808 0.269079 0.0362082 0.755299 0.267232 0.266757 0.189447 0.690011 0.107343 0.108602 0.0770406 0.185914 0.267758 0.434609
0.18792 0.108393 0.437195 0.114808 0.267735 0.116068 0.188085 0.0359125 0.109428 0.276462 0.270587 0.115808 0.269079 0.0362082 0.755299 0.267232 0.266757 0.189447 0.690011 0.107343 0.108602 0.0770406 0.185914 0.267758 0.434609
0.18792 0.108393 0.437195 0.114808 0.267735 0.116068 0.188085 0.0359125 0.109428 0.276462 0.270587 0.115808 0.269079 0.0362082 0.755299 0.267232 0.266757 0.189447 0.690011 0.107343 0.108602 0.0770406 0.185914 0.267758 0.434609
0.18792 0.108393 0.437195 0.114808 0.267735 0.116068 0.188085 0.0359125 0.109428 0.276462 0.270587 0.115808 0.269079 0.0362082 0.755299 0.267232 0.266757 0.189447 0.690011 0.107343 0.108602 0.0770406 0.185914 0.267758 0.434609
0.18792 0.108393 0.437195 0.114808 0.267735 0.116068 0.188085 0.0359125 0.109428 0.276462 0.270587 0.115808 0.269079 0.0362082 0.755299 0.267232 0.266757 0.189447 0.690011 0.107343 0.108602 0.0770406 0.185914 0.267758 0.434609
0.18792 0.108393 0.437195 0.114808 0.267735 0.116068 0.188085 0.0359125 0.109428 0.276462 0.270587 0.115808 0.269079 0.0362082 0.755299 0.267232 0.266757 0.189447 0.690011 0.107343 0.108602 0.0770406 0.185914 0.267758 0.434609
0.18792 0.108393 0.437195 0.114808 0.267735 0.116068 0.188085 0.0359125 0.109428 0.276462 0.270587 0.115808 0.269079 0.0362082 0.755299 0.267232 0.266757 0.189447 0.690011 0.107343 0.108602 0.0770406 0.185914 0.267758 0.434609
0.18792 0.108393 0.437195 0.114808 0.267735 0.116068 0.188085 0.0359125 0.109428 0.276462 0.270587 0.115808 0.269079 0.0362082 0.755299 0.267232 0.266757 0.189447 0.690011 0.107343 0.108602 0.0770406 0.185914 0.267758 0.434609
0.18792 0.108393 0.437195 0.114808 0.267735 0.116068 0.188085 0.0359125 0.109428 0.276462 0.270587 0.115808 0.269079 0.0362082 0.755299 0.267232 0.266757 0.189447 0.690011 0.107343 0.108602 0.0770406 0.185914 0.267758 0.434609
0.18792 0.108393 0.437195 0.114808 0.267735 0.116068 0.188085 0.0359125 0.109428 0.276462 0.270587 0.115808 0.269079 0.0362082 0.755299 0.267232 0.266757 0.189447 0.690011 0.107343 0.108602 0.0770406 0.185914 0.267758 0.434609
0.18792 0.108393 0.437195 0.114808 0.267735 0.116068 0.188085 0.0359125 0.109428 0.276462 0.270587 0.115808 0.269079 0.0362082 0.755299 0.267232 0.266757 0.189447 0.690011 0.107343 0.108602 0.0770406 0.185914 0.267758 0.434609
0.18792 0.108393 0.437195 0.114808 0.267735 0.116068 0.188085 0.0359125 0.109428 0.276462 0.270587 0.115808 0.269079 0.0362082 0.755299 0.267232 0.266757 0.189447 0.690011 0.107343 0.108602 0.0770406 0.185914 0.267758 0.434609
0.18792 0.108393 0.437195 0.114808 0.267735 0.116068 0.188085 0.0359125 0.109428 0.276462 0.270587 0.115808 0.269079 0.0362082 0.755299 0.267232 0.266757 0.189447 0.690011 0.107343 0.108602 0.0770406 0.185914 0.267758 0.434609
0.18792 0.108393 0.437195 0.114808 0.267735 0.116068 0.188085 0.0359125 0.109428 0.276462 0.270587 0.115808 0.269079 0.0362082 0.755299 0.267232 0.266757 0.189447 0.690011 0.107343 0.108602 0.0770406 0.185914 0.267758 0.434609
0.18792 0.108393 0.437195 0.114808 0.267735 0.116068 0.188085 0.0359125 0.109428 0.276462 0.270587 0.115808 0.269079 0.0362082 0.755299 0.267232 0.266757 0.189447 0.690011 0.107343 0.108602 0.0770406 0.185914 0.267758 0.434609
0.18792 0.108393 0.437195 0.114808 0.267735 0.116068 0.188085 0.0359125 0.109428 0.276462 0.270587 0.115808 0.269079 0.0362082 0.755299 0.267232 0.266757 0.189447 0.690011 0.107343 0.108602 0.0770406 0.185914 0.267758 0.434609
0.18792 0.108393 0.437195 0.114808 0.267735 0.116068 0.188085 0.0359125 0.109428 0.276462 0.270587 0.115808 0.269079 0.0362082 0.755299 0.267232 0.266757 0.189447 0.690011 0.107343 0.108602 0.0770406 0.185914 0.267758 0.434609
0.18792 0.108393 0.437195 0.114808 0.267735 0.116068 0.188085 0.0359125 0.109428 0.276462 0.270587 0.115808 0.269079 0.0362082 0.755299 0.267232 0.266757 0.189447 0.690011 0.107343 0.108602 0.0770406 0.185914 0.267758 0.434609
0.18792 0.108393 0.437195 0.114808 0.267735 0.116068 0.188085 0.0359125 0.109428 0.276462 0.270587 0.115808 0.269079 0.0362082 0.755299 0.267232 0.266757 0.189447 0.690011 0.107343 0.108602 0.0770406 0.185914 0.267758 0.434609
0.18792 0.108393 0.437195 0.114808 0.267735 0.116068 0.188085 0.0359125 0.109428 0.276462 0.270587 0.115808 0.269079 0.0362082 0.755299 0.267232 0.266757 0.189447 0.690011 0.107343 0.108602 0.0770406 0.185914 0.267758 0.434609
0.18792 0.108393 0.437195 0.114808 0.267735 0.116068 0.188085 0.0359125 0.109428 0.276462 0.270587 0.115808 0.269079 0.0362082 0.755299 0.267232 0.266757 0.189447 0.690011 0.107343 0.108602 0.0770406 0.185914 0.267758 0.434609
0.18792 0.108393 0.437195 0.114808 0.267735 0.116068 0.188085 0.0359125 0.109428 0.276462 0.270587 0.115808 0.269079 0.0362082 0.755299 0.267232 0.266757 0.189447 0.690011 0.107343 0.108602 0.0770406 0.185914 0.267758 0.434609
0.18792 0.108393 0.437195 0.114808 0.267735 0.116068 0.188085 0.0359125 0.109428 0.276462 0.270587 0.115808 0.269079 0.0362082 0.755299 0.267232 0.266757 0.189447 0.690011 0.107343 0.108602 0.0770406 0.185914 0.267758 0.434609
0.18792 0.108393 0.437195 0.114808 0.267735 0.116068 0.188085 0.0359125 0.109428 0.276462 0.270587 0.115808 0.269079 0.0362082 0.755299 0.267232 0.266757 0.189447 0.690011 0.107343 0.108602 0.0770406 0.185914 0.267758 0.434609
0.18792 0.108393 0.437195 0.114808 0.267735 0.116068 0.188085 0.0359125 0.109428 0.276462 0.270587 0.115808 0.269079 0.0362082 0.755299 0.267232 0.266757 0.189447 0.690011 0.107343 0.108602 0.0770406 0.185914 0.267758 0.434609
0.18792 0.108393 0.437195 0.114808 0.267735 0.116068 0.188085 0.0359125 0.109428 0.276462 0.270587 0.115808 0.269079 0.0362082 0.755299 0.267232 0.266757 0.189447 0.690011 0.107343 0.108602 0.0770406 0.185914 0.267758 0.434609
