0.0107874 0.0113895 0.0118178 0.00817716 0.00548845 0.0082513 0.0107957 0.00923285 0.0114771 0.00415034 0.00554582 0.00823605 0.00551547 0.00929297 0.00505521 0.00547835 0.0319014 0.010864 0.0168527 0.0113006 0.0114072 0.0212995 0.0106869 0.00548891 0.011726
0.22668 0.228857 0.232289 0.215151 0.198469 0.217092 0.226852 0.219017 0.230589 0.186337 0.199676 0.216693 0.199461 0.220425 0.195054 0.198098 0.28766 0.228266 0.248124 0.226837 0.229207 0.261838 0.224592 0.198486 0.230519
0.0884536 0.0912787 0.0941817 0.0820895 0.0717209 0.0831534 0.0885523 0.0826841 0.0923 0.0592302 0.0676649 0.0829342 0.0722832 0.0833789 0.0651114 0.0715113 0.161307 0.0893651 0.108002 0.0898137 0.0914848 0.124177 0.087261 0.0717306 0.0931583
0.2007 0.204295 0.208305 0.196553 0.181125 0.198733 0.200892 0.19373 0.206256 0.164279 0.177357 0.198284 0.182334 0.195153 0.174735 0.180674 0.279881 0.202474 0.221672 0.201675 0.204691 0.240785 0.198372 0.181146 0.206354
0.103434 0.106589 0.109157 0.0967974 0.0832975 0.0981048 0.103554 0.0969492 0.107841 0.0710919 0.0804054 0.0978353 0.0840115 0.097771 0.0780524 0.0830318 0.178882 0.104549 0.123602 0.105162 0.106842 0.141308 0.101976 0.0833098 0.107928
0.186648 0.190497 0.194282 0.18249 0.167478 0.18462 0.186837 0.179656 0.192433 0.150534 0.16274 0.184181 0.168687 0.181015 0.160211 0.167027 0.268692 0.188392 0.207929 0.188073 0.190888 0.227662 0.184365 0.167498 0.192375
0.113358 0.116708 0.119442 0.107015 0.0926469 0.10845 0.113489 0.106701 0.118073 0.0797964 0.0897283 0.108154 0.0934438 0.107595 0.0873412 0.0923503 0.190918 0.114573 0.134015 0.115211 0.116983 0.152353 0.11177 0.0926606 0.118107
0.177041 0.180924 0.184598 0.172694 0.157664 0.174756 0.177224 0.170037 0.182808 0.140923 0.152865 0.174332 0.158842 0.171342 0.150343 0.157226 0.25984 0.178733 0.198457 0.178645 0.181304 0.218337 0.174824 0.157685 0.182747
0.120655 0.124123 0.126978 0.114532 0.0998149 0.116051 0.120794 0.113905 0.12556 0.086402 0.0966959 0.115738 0.100665 0.114851 0.0942733 0.0994984 0.199578 0.121935 0.141581 0.12255 0.124413 0.160307 0.118982 0.0998296 0.125574
0.170041 0.173923 0.177511 0.165514 0.150429 0.167519 0.17022 0.16304 0.175761 0.133922 0.14572 0.167106 0.151576 0.164304 0.143194 0.150002 0.253049 0.171691 0.191516 0.171738 0.174294 0.211433 0.167882 0.150449 0.175708
0.126204 0.12975 0.132696 0.120255 0.105359 0.121836 0.126347 0.119397 0.131238 0.0915133 0.102051 0.12151 0.106248 0.120381 0.0996003 0.105028 0.206037 0.127531 0.147291 0.128114 0.13005 0.166278 0.124469 0.105374 0.131241
0.16478 0.16865 0.172171 0.160101 0.144974 0.162061 0.164955 0.157786 0.170451 0.128685 0.140377 0.161657 0.146094 0.159019 0.137846 0.144557 0.2478 0.166395 0.186278 0.166534 0.169013 0.20619 0.162667 0.144993 0.170404
0.130496 0.134097 0.137112 0.124687 0.109688 0.126314 0.130643 0.123652 0.135624 0.0955143 0.106226 0.125978 0.110605 0.124665 0.103754 0.109346 0.210958 0.131858 0.151687 0.132411 0.134405 0.170854 0.128715 0.109703 0.13562
0.160756 0.16461 0.168077 0.155954 0.140799 0.157877 0.160928 0.153769 0.166382 0.124699 0.136306 0.157481 0.141898 0.154978 0.133771 0.140389 0.243707 0.162344 0.182259 0.162546 0.164968 0.202148 0.158678 0.140818 0.16634
0.133848 0.137489 0.140557 0.128151 0.113088 0.129812 0.133998 0.126979 0.139045 0.0986658 0.109504 0.12947 0.114028 0.128015 0.107017 0.112739 0.214754 0.135237 0.155107 0.135762 0.137803 0.174403 0.132032 0.113105 0.139035
0.157643 0.161483 0.164907 0.152743 0.137571 0.154638 0.157813 0.150664 0.163232 0.12163 0.133167 0.154247 0.138653 0.151854 0.130631 0.137168 0.240499 0.15921 0.179144 0.159459 0.161836 0.199003 0.155594 0.13759 0.163193
0.13648 0.14015 0.143259 0.130871 0.115769 0.13256 0.136632 0.129593 0.141728 0.101156 0.112089 0.132212 0.116726 0.130646 0.10959 0.115414 0.217705 0.137889 0.157787 0.138391 0.140468 0.177174 0.134637 0.115786 0.141715
0.15522 0.159046 0.162436 0.150241 0.13506 0.152114 0.155387 0.148248 0.160776 0.119249 0.13073 0.151728 0.136129 0.149422 0.128193 0.134662 0.237975 0.156769 0.176714 0.157053 0.159395 0.196544 0.153193 0.135078 0.160741
0.138552 0.142244 0.145386 0.133013 0.117887 0.134723 0.138706 0.131653 0.14384 0.103126 0.11413 0.134371 0.118856 0.13272 0.111624 0.117526 0.220011 0.139978 0.159892 0.14046 0.142566 0.179348 0.136688 0.117904 0.143824
0.153324 0.157139 0.160502 0.148283 0.133098 0.150139 0.153491 0.146359 0.158855 0.117393 0.128828 0.149756 0.134156 0.147521 0.126292 0.132704 0.235985 0.15486 0.17481 0.15517 0.157485 0.194613 0.151315 0.133116 0.158822
0.140187 0.143895 0.147062 0.134703 0.11956 0.13643 0.140342 0.133278 0.145505 0.104686 0.115745 0.136074 0.12054 0.134356 0.113233 0.119196 0.221819 0.141625 0.161551 0.142091 0.14422 0.181056 0.138306 0.119577 0.145487
0.151838 0.155643 0.158984 0.146748 0.13156 0.148589 0.152003 0.144877 0.157347 0.115941 0.127338 0.148209 0.132609 0.14603 0.124803 0.131169 0.234415 0.153363 0.173316 0.153693 0.155987 0.193094 0.149843 0.131578 0.157315
0.141477 0.145198 0.148385 0.136038 0.120884 0.137778 0.141634 0.134562 0.146819 0.105921 0.117021 0.137419 0.121871 0.135648 0.114505 0.120516 0.223239 0.142926 0.162859 0.143378 0.145525 0.182402 0.139583 0.120901 0.146799
0.15067 0.154467 0.157791 0.145541 0.130352 0.147371 0.150834 0.143713 0.156162 0.114803 0.126169 0.146994 0.131395 0.144859 0.123635 0.129964 0.233175 0.152187 0.172141 0.152532 0.154809 0.191898 0.148686 0.13037 0.156131
0.142497 0.146227 0.149429 0.137092 0.12193 0.138842 0.142654 0.135576 0.147856 0.106899 0.118031 0.138481 0.122924 0.136669 0.115512 0.12156 0.224357 0.143953 0.163891 0.144394 0.146555 0.183462 0.140593 0.121947 0.147835
0.149751 0.153541 0.156852 0.144591 0.129403 0.146412 0.149914 0.142798 0.155229 0.113909 0.125251 0.146037 0.13044 0.143938 0.122717 0.129017 0.232196 0.151261 0.171215 0.151618 0.153882 0.190956 0.147776 0.129421 0.1552
0.143302 0.147039 0.150254 0.137924 0.122757 0.139682 0.14346 0.136377 0.148675 0.107673 0.118829 0.13932 0.123756 0.137475 0.116308 0.122386 0.225236 0.144764 0.164706 0.145197 0.147369 0.184299 0.14139 0.122774 0.148653
0.149027 0.152812 0.156112 0.143843 0.128656 0.145657 0.14919 0.142077 0.154494 0.113205 0.124528 0.145283 0.129689 0.143212 0.121995 0.128271 0.231423 0.150532 0.170486 0.150898 0.153151 0.190212 0.147059 0.128673 0.154466
0.143938 0.147681 0.150905 0.138582 0.123411 0.140346 0.144096 0.13701 0.149322 0.108284 0.11946 0.139982 0.124414 0.138112 0.116938 0.123038 0.22593 0.145405 0.165349 0.145831 0.148012 0.184958 0.142019 0.123428 0.149299
0.148457 0.152237 0.155529 0.143253 0.128067 0.145062 0.148619 0.141509 0.153915 0.112652 0.123958 0.144689 0.129096 0.14264 0.121427 0.127684 0.230812 0.149957 0.169911 0.15033 0.152576 0.189626 0.146494 0.128085 0.153887
0.14444 0.148188 0.15142 0.139101 0.123928 0.14087 0.144599 0.13751 0.149833 0.108768 0.119959 0.140506 0.124933 0.138615 0.117436 0.123554 0.226476 0.145911 0.165857 0.146331 0.14852 0.185479 0.142517 0.123945 0.14981
0.148007 0.151784 0.155069 0.142789 0.127603 0.144593 0.148169 0.141061 0.153458 0.112216 0.12351 0.144221 0.12863 0.14219 0.120979 0.127221 0.23033 0.149504 0.169458 0.149883 0.152122 0.189163 0.146049 0.127621 0.153431
0.144837 0.148588 0.151826 0.139511 0.124336 0.141285 0.144996 0.137905 0.150236 0.109151 0.120354 0.140919 0.125344 0.139013 0.117829 0.123961 0.226907 0.146311 0.166258 0.146726 0.14892 0.18589 0.14291 0.124353 0.150213
0.147652 0.151427 0.154707 0.142422 0.127237 0.144223 0.147814 0.140708 0.153098 0.111872 0.123156 0.143852 0.128262 0.141834 0.120626 0.126856 0.229949 0.149147 0.169101 0.14953 0.151764 0.188798 0.145698 0.127255 0.153071
0.14515 0.148904 0.152147 0.139835 0.124659 0.141612 0.14531 0.138217 0.150555 0.109453 0.120665 0.141246 0.125669 0.139327 0.11814 0.124283 0.227247 0.146626 0.166575 0.147038 0.149237 0.186214 0.14322 0.124676 0.150531
0.147373 0.151145 0.154421 0.142133 0.126949 0.143931 0.147534 0.140429 0.152814 0.111601 0.122877 0.143561 0.127972 0.141554 0.120348 0.126568 0.229648 0.148865 0.168818 0.149251 0.151481 0.18851 0.145421 0.126966 0.152787
0.145398 0.149153 0.1524 0.140091 0.124913 0.14187 0.145558 0.138463 0.150807 0.109692 0.120911 0.141503 0.125925 0.139575 0.118385 0.124537 0.227515 0.146876 0.166825 0.147285 0.149487 0.18647 0.143465 0.124931 0.150782
0.147152 0.150922 0.154195 0.141905 0.126721 0.143701 0.147313 0.14021 0.15259 0.111387 0.122657 0.143331 0.127743 0.141333 0.120128 0.126341 0.22941 0.148643 0.168596 0.149032 0.151259 0.188282 0.145202 0.126739 0.152563
0.145593 0.14935 0.1526 0.140293 0.125115 0.142074 0.145753 0.138657 0.151005 0.10988 0.121105 0.141707 0.126127 0.139771 0.118579 0.124738 0.227727 0.147072 0.167022 0.14748 0.149684 0.186672 0.143658 0.125132 0.150981
0.146978 0.150747 0.154017 0.141725 0.126542 0.143519 0.147139 0.140036 0.152413 0.111219 0.122484 0.143149 0.127562 0.141158 0.119955 0.126162 0.229223 0.148468 0.16842 0.148858 0.151083 0.188102 0.14503 0.126559 0.152386
0.145747 0.149506 0.152758 0.140453 0.125274 0.142235 0.145908 0.138811 0.151162 0.110029 0.121259 0.141868 0.126287 0.139925 0.118732 0.124896 0.227894 0.147228 0.167178 0.147633 0.14984 0.186832 0.143811 0.125291 0.151137
0.146841 0.150608 0.153876 0.141583 0.1264 0.143376 0.147002 0.139899 0.152273 0.111086 0.122347 0.143006 0.12742 0.141021 0.119818 0.12602 0.229075 0.148329 0.168281 0.148722 0.150944 0.187961 0.144894 0.126418 0.152247
0.145869 0.149629 0.152883 0.140579 0.125399 0.142362 0.14603 0.138932 0.151286 0.110147 0.12138 0.141995 0.126413 0.140047 0.118853 0.125022 0.228026 0.147351 0.167301 0.147755 0.149963 0.186958 0.143932 0.125417 0.151261
0.146732 0.150499 0.153765 0.141471 0.126288 0.143263 0.146893 0.139791 0.152163 0.110981 0.122239 0.142893 0.127308 0.140912 0.119711 0.125909 0.228958 0.14822 0.168172 0.148614 0.150835 0.187849 0.144786 0.126306 0.152137
0.145965 0.149726 0.152981 0.140678 0.125498 0.142462 0.146126 0.139028 0.151384 0.11024 0.121476 0.142095 0.126513 0.140144 0.118949 0.12512 0.22813 0.147448 0.167398 0.14785 0.15006 0.187057 0.144027 0.125516 0.151359
0.146646 0.150413 0.153678 0.141382 0.1262 0.143173 0.146808 0.139706 0.152076 0.110898 0.122154 0.142804 0.127219 0.140826 0.119626 0.125821 0.228866 0.148134 0.168086 0.148529 0.150748 0.187761 0.144701 0.126218 0.15205
0.146041 0.149802 0.153059 0.140757 0.125576 0.142542 0.146202 0.139104 0.151461 0.110313 0.121551 0.142174 0.126592 0.14022 0.119024 0.125198 0.228212 0.147524 0.167475 0.147926 0.150137 0.187136 0.144102 0.125594 0.151436
0.146579 0.150344 0.153609 0.141312 0.12613 0.143103 0.14674 0.139639 0.152007 0.110833 0.122087 0.142734 0.127149 0.140758 0.119558 0.125751 0.228793 0.148066 0.168017 0.148461 0.15068 0.187691 0.144635 0.126148 0.151981
0.146101 0.149863 0.15312 0.140818 0.125638 0.142604 0.146262 0.139163 0.151522 0.110371 0.121611 0.142236 0.126654 0.14028 0.119084 0.12526 0.228277 0.147584 0.167535 0.147986 0.150198 0.187198 0.144162 0.125656 0.151497
0.146526 0.150291 0.153554 0.141257 0.126075 0.143047 0.146687 0.139586 0.151953 0.110781 0.122034 0.142678 0.127094 0.140705 0.119505 0.125696 0.228735 0.148012 0.167964 0.148408 0.150626 0.187636 0.144582 0.126093 0.151927
0.146149 0.149911 0.153168 0.140867 0.125687 0.142654 0.146309 0.13921 0.15157 0.110417 0.121658 0.142286 0.126703 0.140327 0.119131 0.125309 0.228328 0.147632 0.167583 0.148033 0.150245 0.187246 0.144208 0.125704 0.151545
0.146484 0.150248 0.153511 0.141214 0.126032 0.143003 0.146644 0.139544 0.15191 0.110741 0.121992 0.142635 0.12705 0.140663 0.119464 0.125653 0.22869 0.14797 0.167921 0.148366 0.150584 0.187592 0.14454 0.12605 0.151885
0.146186 0.149948 0.153207 0.140906 0.125725 0.142693 0.146347 0.139248 0.151608 0.110453 0.121695 0.142324 0.126741 0.140365 0.119168 0.125347 0.228368 0.14767 0.167621 0.14807 0.150283 0.187285 0.144245 0.125743 0.151583
0.14645 0.150215 0.153477 0.141179 0.125998 0.142969 0.146611 0.139511 0.151877 0.110708 0.121959 0.1426 0.127016 0.14063 0.119431 0.125619 0.228654 0.147936 0.167888 0.148333 0.15055 0.187558 0.144507 0.126015 0.151851
0.146215 0.149978 0.153237 0.140937 0.125756 0.142723 0.146376 0.139277 0.151638 0.110481 0.121725 0.142355 0.126772 0.140394 0.119197 0.125377 0.2284 0.147699 0.16765 0.148099 0.150313 0.187316 0.144275 0.125773 0.151612
0.146424 0.150188 0.15345 0.141152 0.125971 0.142941 0.146585 0.139485 0.15185 0.110683 0.121933 0.142573 0.126988 0.140603 0.119405 0.125592 0.228626 0.14791 0.167861 0.148307 0.150524 0.187531 0.144481 0.125988 0.151824
0.146239 0.150001 0.153261 0.140961 0.12578 0.142748 0.146399 0.1393 0.151661 0.110504 0.121748 0.142379 0.126796 0.140417 0.11922 0.125401 0.228425 0.147723 0.167674 0.148122 0.150336 0.18734 0.144298 0.125797 0.151636
0.146403 0.150168 0.153429 0.141131 0.12595 0.14292 0.146564 0.139464 0.151829 0.110663 0.121912 0.142551 0.126967 0.140583 0.119384 0.125571 0.228603 0.147889 0.16784 0.148287 0.150503 0.18751 0.144461 0.125967 0.151803
0.146257 0.15002 0.153279 0.14098 0.125799 0.142767 0.146418 0.139318 0.15168 0.110522 0.121766 0.142399 0.126815 0.140436 0.119239 0.12542 0.228445 0.147741 0.167693 0.148141 0.150355 0.187359 0.144316 0.125816 0.151655
0.146387 0.150151 0.153413 0.141114 0.125933 0.142903 0.146548 0.139448 0.151812 0.110647 0.121896 0.142534 0.12695 0.140566 0.119368 0.125554 0.228586 0.147872 0.167824 0.14827 0.150486 0.187493 0.144445 0.12595 0.151787
0.146272 0.150035 0.153294 0.140995 0.125814 0.142782 0.146432 0.139333 0.151695 0.110536 0.121781 0.142414 0.12683 0.14045 0.119253 0.125435 0.228461 0.147756 0.167707 0.148155 0.15037 0.187374 0.14433 0.125831 0.151669
0.146374 0.150138 0.153399 0.141101 0.125919 0.142889 0.146535 0.139435 0.151799 0.110635 0.121883 0.142521 0.126937 0.140553 0.119355 0.125541 0.228572 0.147859 0.167811 0.148257 0.150473 0.18748 0.144432 0.125937 0.151774
0.146283 0.150046 0.153306 0.141006 0.125825 0.142794 0.146444 0.139344 0.151706 0.110547 0.121792 0.142426 0.126842 0.140462 0.119264 0.125447 0.228473 0.147768 0.167719 0.148167 0.150381 0.187385 0.144342 0.125843 0.151681
0.146364 0.150128 0.153389 0.14109 0.125909 0.142879 0.146525 0.139425 0.151789 0.110625 0.121873 0.14251 0.126926 0.140543 0.119345 0.12553 0.228561 0.147849 0.167801 0.148247 0.150463 0.187469 0.144422 0.125926 0.151763
0.146292 0.150055 0.153315 0.141016 0.125835 0.142803 0.146453 0.139353 0.151716 0.110555 0.121801 0.142435 0.126851 0.140471 0.119273 0.125456 0.228483 0.147777 0.167728 0.148176 0.15039 0.187395 0.144351 0.125852 0.15169
0.146356 0.15012 0.153381 0.141082 0.125901 0.14287 0.146517 0.139417 0.151781 0.110617 0.121865 0.142502 0.126918 0.140535 0.119337 0.125522 0.228552 0.147841 0.167792 0.148239 0.150455 0.187461 0.144414 0.125918 0.151755
0.146299 0.150062 0.153323 0.141023 0.125842 0.142811 0.14646 0.13936 0.151723 0.110562 0.121808 0.142442 0.126859 0.140478 0.11928 0.125464 0.228491 0.147784 0.167735 0.148183 0.150398 0.187402 0.144358 0.12586 0.151698
0.14635 0.150113 0.153374 0.141075 0.125894 0.142864 0.14651 0.139411 0.151774 0.110611 0.121858 0.142495 0.126911 0.140529 0.119331 0.125516 0.228545 0.147835 0.167786 0.148233 0.150449 0.187454 0.144408 0.125912 0.151749
0.146305 0.150068 0.153328 0.141029 0.125848 0.142817 0.146466 0.139366 0.151729 0.110568 0.121814 0.142448 0.126865 0.140484 0.119286 0.125469 0.228497 0.14779 0.167741 0.148188 0.150403 0.187408 0.144363 0.125865 0.151703
0.146345 0.150108 0.153369 0.14107 0.125889 0.142858 0.146505 0.139406 0.151769 0.110606 0.121853 0.14249 0.126906 0.140524 0.119326 0.12551 0.22854 0.14783 0.167781 0.148228 0.150443 0.187449 0.144403 0.125906 0.151744
0.146309 0.150073 0.153333 0.141034 0.125852 0.142821 0.14647 0.13937 0.151733 0.110572 0.121818 0.142453 0.126869 0.140488 0.11929 0.125474 0.228502 0.147794 0.167745 0.148193 0.150408 0.187412 0.144368 0.12587 0.151708
0.146341 0.150104 0.153365 0.141066 0.125885 0.142854 0.146502 0.139402 0.151765 0.110602 0.12185 0.142486 0.126902 0.14052 0.119322 0.125506 0.228536 0.147826 0.167777 0.148224 0.150439 0.187445 0.144399 0.125902 0.15174
0.146313 0.150076 0.153336 0.141037 0.125856 0.142825 0.146474 0.139374 0.151737 0.110575 0.121822 0.142457 0.126873 0.140492 0.119294 0.125478 0.228505 0.147798 0.167749 0.148196 0.150411 0.187416 0.144371 0.125874 0.151711
0.146338 0.150101 0.153362 0.141063 0.125882 0.142851 0.146498 0.139399 0.151762 0.110599 0.121846 0.142483 0.126899 0.140517 0.119319 0.125503 0.228532 0.147823 0.167774 0.148221 0.150436 0.187442 0.144396 0.125899 0.151737
0.146316 0.150079 0.153339 0.14104 0.125859 0.142828 0.146476 0.139377 0.15174 0.110578 0.121824 0.14246 0.126876 0.140494 0.119297 0.12548 0.228508 0.1478 0.167752 0.148199 0.150414 0.187419 0.144374 0.125876 0.151714
0.146335 0.150099 0.153359 0.14106 0.125879 0.142848 0.146496 0.139396 0.151759 0.110597 0.121844 0.14248 0.126896 0.140514 0.119316 0.125501 0.22853 0.14782 0.167771 0.148219 0.150434 0.187439 0.144393 0.125897 0.151734
0.146318 0.150081 0.153342 0.141042 0.125861 0.14283 0.146478 0.139379 0.151742 0.11058 0.121827 0.142462 0.126878 0.140497 0.119299 0.125483 0.228511 0.147803 0.167754 0.148201 0.150416 0.187421 0.144376 0.125879 0.151716
0.146333 0.150097 0.153357 0.141058 0.125877 0.142846 0.146494 0.139394 0.151757 0.110595 0.121842 0.142478 0.126894 0.140512 0.119314 0.125499 0.228527 0.147818 0.167769 0.148217 0.150432 0.187437 0.144391 0.125895 0.151732
0.146319 0.150083 0.153343 0.141044 0.125863 0.142832 0.14648 0.139381 0.151743 0.110582 0.121828 0.142464 0.12688 0.140498 0.119301 0.125484 0.228513 0.147804 0.167756 0.148203 0.150418 0.187423 0.144378 0.12588 0.151718
0.146332 0.150095 0.153356 0.141057 0.125876 0.142845 0.146492 0.139393 0.151756 0.110594 0.12184 0.142476 0.126893 0.140511 0.119313 0.125497 0.228526 0.147817 0.167768 0.148215 0.15043 0.187436 0.14439 0.125893 0.15173
0.146321 0.150084 0.153345 0.141046 0.125864 0.142833 0.146482 0.139382 0.151745 0.110583 0.12183 0.142465 0.126881 0.1405 0.119302 0.125486 0.228514 0.147806 0.167757 0.148204 0.150419 0.187424 0.144379 0.125882 0.151719
0.14633 0.150094 0.153355 0.141055 0.125874 0.142843 0.146491 0.139392 0.151755 0.110593 0.121839 0.142475 0.126891 0.140509 0.119312 0.125496 0.228524 0.147815 0.167767 0.148214 0.150429 0.187434 0.144389 0.125892 0.151729
0.146322 0.150085 0.153346 0.141047 0.125865 0.142835 0.146483 0.139383 0.151746 0.110584 0.121831 0.142466 0.126882 0.140501 0.119303 0.125487 0.228515 0.147807 0.167758 0.148205 0.15042 0.187425 0.14438 0.125883 0.151721
0.14633 0.150093 0.153354 0.141054 0.125873 0.142842 0.14649 0.139391 0.151754 0.110592 0.121838 0.142474 0.12689 0.140508 0.119311 0.125495 0.228523 0.147814 0.167766 0.148213 0.150428 0.187433 0.144388 0.125891 0.151728
0.146323 0.150086 0.153347 0.141048 0.125866 0.142835 0.146484 0.139384 0.151747 0.110585 0.121832 0.142467 0.126883 0.140502 0.119304 0.125488 0.228516 0.147808 0.167759 0.148206 0.150421 0.187426 0.144381 0.125884 0.151721
0.146329 0.150092 0.153353 0.141054 0.125873 0.142842 0.14649 0.13939 0.151753 0.110591 0.121838 0.142473 0.126889 0.140508 0.11931 0.125494 0.228523 0.147814 0.167765 0.148212 0.150427 0.187433 0.144387 0.12589 0.151728
0.146323 0.150087 0.153347 0.141048 0.125867 0.142836 0.146484 0.139385 0.151748 0.110586 0.121832 0.142468 0.126884 0.140502 0.119305 0.125489 0.228517 0.147808 0.16776 0.148207 0.150422 0.187427 0.144382 0.125885 0.151722
0.146328 0.150092 0.153352 0.141053 0.125872 0.142841 0.146489 0.139389 0.151752 0.11059 0.121837 0.142473 0.126889 0.140507 0.119309 0.125493 0.228522 0.147813 0.167764 0.148212 0.150427 0.187432 0.144386 0.125889 0.151727
0.146324 0.150087 0.153348 0.141049 0.125868 0.142837 0.146485 0.139385 0.151748 0.110586 0.121833 0.142468 0.126884 0.140503 0.119305 0.125489 0.228517 0.147809 0.16776 0.148207 0.150423 0.187428 0.144382 0.125885 0.151723
0.146328 0.150091 0.153352 0.141053 0.125871 0.142841 0.146488 0.139389 0.151752 0.11059 0.121837 0.142472 0.126888 0.140507 0.119309 0.125493 0.228521 0.147813 0.167764 0.148211 0.150426 0.187431 0.144386 0.125889 0.151726
0.146324 0.150088 0.153348 0.141049 0.125868 0.142837 0.146485 0.139386 0.151748 0.110587 0.121833 0.142469 0.126885 0.140503 0.119305 0.125489 0.228518 0.147809 0.16776 0.148208 0.150423 0.187428 0.144382 0.125886 0.151723
0.146327 0.150091 0.153351 0.141052 0.125871 0.14284 0.146488 0.139388 0.151751 0.11059 0.121836 0.142472 0.126888 0.140506 0.119308 0.125493 0.228521 0.147812 0.167763 0.148211 0.150426 0.187431 0.144385 0.125889 0.151726
0.146325 0.150088 0.153349 0.14105 0.125868 0.142837 0.146485 0.139386 0.151749 0.110587 0.121834 0.142469 0.126885 0.140504 0.119306 0.12549 0.228518 0.14781 0.167761 0.148208 0.150423 0.187428 0.144383 0.125886 0.151723
0.146327 0.15009 0.153351 0.141052 0.125871 0.14284 0.146488 0.139388 0.151751 0.110589 0.121836 0.142471 0.126888 0.140506 0.119308 0.125492 0.228521 0.147812 0.167763 0.14821 0.150426 0.187431 0.144385 0.125888 0.151726
0.146325 0.150088 0.153349 0.14105 0.125869 0.142838 0.146486 0.139386 0.151749 0.110587 0.121834 0.142469 0.126886 0.140504 0.119306 0.12549 0.228519 0.14781 0.167761 0.148208 0.150424 0.187429 0.144383 0.125886 0.151724
0.146327 0.15009 0.153351 0.141052 0.125871 0.14284 0.146488 0.139388 0.151751 0.110589 0.121836 0.142471 0.126887 0.140506 0.119308 0.125492 0.228521 0.147812 0.167763 0.14821 0.150425 0.187431 0.144385 0.125888 0.151726
0.146325 0.150089 0.153349 0.14105 0.125869 0.142838 0.146486 0.139386 0.151749 0.110587 0.121834 0.14247 0.126886 0.140504 0.119306 0.12549 0.228519 0.14781 0.167761 0.148209 0.150424 0.187429 0.144383 0.125886 0.151724
0.146327 0.15009 0.153351 0.141052 0.12587 0.142839 0.146487 0.139388 0.151751 0.110589 0.121835 0.142471 0.126887 0.140506 0.119308 0.125492 0.22852 0.147811 0.167763 0.14821 0.150425 0.18743 0.144385 0.125888 0.151725
0.146325 0.150089 0.153349 0.14105 0.125869 0.142838 0.146486 0.139386 0.151749 0.110588 0.121834 0.14247 0.126886 0.140504 0.119306 0.12549 0.228519 0.14781 0.167761 0.148209 0.150424 0.187429 0.144383 0.125887 0.151724
0.146326 0.15009 0.15335 0.141051 0.12587 0.142839 0.146487 0.139388 0.151751 0.110589 0.121835 0.142471 0.126887 0.140505 0.119308 0.125492 0.22852 0.147811 0.167763 0.14821 0.150425 0.18743 0.144385 0.125888 0.151725
0.146325 0.150089 0.153349 0.14105 0.125869 0.142838 0.146486 0.139387 0.15175 0.110588 0.121834 0.14247 0.126886 0.140504 0.119307 0.125491 0.228519 0.14781 0.167762 0.148209 0.150424 0.187429 0.144384 0.125887 0.151724
0.146326 0.15009 0.15335 0.141051 0.12587 0.142839 0.146487 0.139387 0.15175 0.110589 0.121835 0.142471 0.126887 0.140505 0.119307 0.125492 0.22852 0.147811 0.167762 0.14821 0.150425 0.18743 0.144384 0.125888 0.151725
0.146326 0.150089 0.153349 0.14105 0.125869 0.142838 0.146486 0.139387 0.15175 0.110588 0.121834 0.14247 0.126886 0.140505 0.119307 0.125491 0.228519 0.14781 0.167762 0.148209 0.150424 0.187429 0.144384 0.125887 0.151724
0.146326 0.15009 0.15335 0.141051 0.12587 0.142839 0.146487 0.139387 0.15175 0.110588 0.121835 0.142471 0.126887 0.140505 0.119307 0.125491 0.22852 0.147811 0.167762 0.14821 0.150425 0.18743 0.144384 0.125887 0.151725
0.146326 0.150089 0.15335 0.14105 0.125869 0.142838 0.146486 0.139387 0.15175 0.110588 0.121834 0.14247 0.126886 0.140505 0.119307 0.125491 0.228519 0.14781 0.167762 0.148209 0.150424 0.187429 0.144384 0.125887 0.151724
0.146326 0.15009 0.15335 0.141051 0.12587 0.142839 0.146487 0.139387 0.15175 0.110588 0.121835 0.142471 0.126887 0.140505 0.119307 0.125491 0.22852 0.147811 0.167762 0.14821 0.150425 0.18743 0.144384 0.125887 0.151725
0.146326 0.150089 0.15335 0.141051 0.125869 0.142838 0.146486 0.139387 0.15175 0.110588 0.121835 0.14247 0.126886 0.140505 0.119307 0.125491 0.228519 0.147811 0.167762 0.148209 0.150424 0.187429 0.144384 0.125887 0.151724
0.146326 0.15009 0.15335 0.141051 0.12587 0.142839 0.146487 0.139387 0.15175 0.110588 0.121835 0.142471 0.126887 0.140505 0.119307 0.125491 0.22852 0.147811 0.167762 0.14821 0.150425 0.18743 0.144384 0.125887 0.151725
0.146326 0.150089 0.15335 0.141051 0.125869 0.142839 0.146487 0.139387 0.15175 0.110588 0.121835 0.14247 0.126886 0.140505 0.119307 0.125491 0.228519 0.147811 0.167762 0.148209 0.150424 0.187429 0.144384 0.125887 0.151724
0.146326 0.15009 0.15335 0.141051 0.12587 0.142839 0.146487 0.139387 0.15175 0.110588 0.121835 0.142471 0.126887 0.140505 0.119307 0.125491 0.22852 0.147811 0.167762 0.14821 0.150425 0.18743 0.144384 0.125887 0.151725
0.146326 0.150089 0.15335 0.141051 0.125869 0.142839 0.146487 0.139387 0.15175 0.110588 0.121835 0.14247 0.126886 0.140505 0.119307 0.125491 0.228519 0.147811 0.167762 0.148209 0.150424 0.187429 0.144384 0.125887 0.151724
0.146326 0.15009 0.15335 0.141051 0.12587 0.142839 0.146487 0.139387 0.15175 0.110588 0.121835 0.14247 0.126887 0.140505 0.119307 0.125491 0.22852 0.147811 0.167762 0.148209 0.150425 0.18743 0.144384 0.125887 0.151725
0.146326 0.150089 0.15335 0.141051 0.125869 0.142839 0.146487 0.139387 0.15175 0.110588 0.121835 0.14247 0.126886 0.140505 0.119307 0.125491 0.228519 0.147811 0.167762 0.148209 0.150424 0.18743 0.144384 0.125887 0.151725
0.146326 0.150089 0.15335 0.141051 0.12587 0.142839 0.146487 0.139387 0.15175 0.110588 0.121835 0.14247 0.126887 0.140505 0.119307 0.125491 0.22852 0.147811 0.167762 0.148209 0.150425 0.18743 0.144384 0.125887 0.151725
0.146326 0.150089 0.15335 0.141051 0.12587 0.142839 0.146487 0.139387 0.15175 0.110588 0.121835 0.14247 0.126886 0.140505 0.119307 0.125491 0.228519 0.147811 0.167762 0.148209 0.150424 0.18743 0.144384 0.125887 0.151725
0.146326 0.150089 0.15335 0.141051 0.12587 0.142839 0.146487 0.139387 0.15175 0.110588 0.121835 0.14247 0.126887 0.140505 0.119307 0.125491 0.22852 0.147811 0.167762 0.148209 0.150425 0.18743 0.144384 0.125887 0.151725
0.146326 0.150089 0.15335 0.141051 0.12587 0.142839 0.146487 0.139387 0.15175 0.110588 0.121835 0.14247 0.126886 0.140505 0.119307 0.125491 0.22852 0.147811 0.167762 0.148209 0.150424 0.18743 0.144384 0.125887 0.151725
0.146326 0.150089 0.15335 0.141051 0.12587 0.142839 0.146487 0.139387 0.15175 0.110588 0.121835 0.14247 0.126887 0.140505 0.119307 0.125491 0.22852 0.147811 0.167762 0.148209 0.150425 0.18743 0.144384 0.125887 0.151725
0.146326 0.150089 0.15335 0.141051 0.12587 0.142839 0.146487 0.139387 0.15175 0.110588 0.121835 0.14247 0.126886 0.140505 0.119307 0.125491 0.22852 0.147811 0.167762 0.148209 0.150424 0.18743 0.144384 0.125887 0.151725
0.146326 0.150089 0.15335 0.141051 0.12587 0.142839 0.146487 0.139387 0.15175 0.110588 0.121835 0.14247 0.126887 0.140505 0.119307 0.125491 0.22852 0.147811 0.167762 0.148209 0.150425 0.18743 0.144384 0.125887 0.151725
0.146326 0.150089 0.15335 0.141051 0.12587 0.142839 0.146487 0.139387 0.15175 0.110588 0.121835 0.14247 0.126887 0.140505 0.119307 0.125491 0.22852 0.147811 0.167762 0.148209 0.150424 0.18743 0.144384 0.125887 0.151725
0.146326 0.150089 0.15335 0.141051 0.12587 0.142839 0.146487 0.139387 0.15175 0.110588 0.121835 0.14247 0.126887 0.140505 0.119307 0.125491 0.22852 0.147811 0.167762 0.148209 0.150425 0.18743 0.144384 0.125887 0.151725
0.146326 0.150089 0.15335 0.141051 0.12587 0.142839 0.146487 0.139387 0.15175 0.110588 0.121835 0.14247 0.126887 0.140505 0.119307 0.125491 0.22852 0.147811 0.167762 0.148209 0.150424 0.18743 0.144384 0.125887 0.151725
0.146326 0.150089 0.15335 0.141051 0.12587 0.142839 0.146487 0.139387 0.15175 0.110588 0.121835 0.14247 0.126887 0.140505 0.119307 0.125491 0.22852 0.147811 0.167762 0.148209 0.150425 0.18743 0.144384 0.125887 0.151725
0.146326 0.150089 0.15335 0.141051 0.12587 0.142839 0.146487 0.139387 0.15175 0.110588 0.121835 0.14247 0.126887 0.140505 0.119307 0.125491 0.22852 0.147811 0.167762 0.148209 0.150424 0.18743 0.144384 0.125887 0.151725
0.146326 0.150089 0.15335 0.141051 0.12587 0.142839 0.146487 0.139387 0.15175 0.110588 0.121835 0.14247 0.126887 0.140505 0.119307 0.125491 0.22852 0.147811 0.167762 0.148209 0.150425 0.18743 0.144384 0.125887 0.151725
0.146326 0.150089 0.15335 0.141051 0.12587 0.142839 0.146487 0.139387 0.15175 0.110588 0.121835 0.14247 0.126887 0.140505 0.119307 0.125491 0.22852 0.147811 0.167762 0.148209 0.150424 0.18743 0.144384 0.125887 0.151725
0.146326 0.150089 0.15335 0.141051 0.12587 0.142839 0.146487 0.139387 0.15175 0.110588 0.121835 0.14247 0.126887 0.140505 0.119307 0.125491 0.22852 0.147811 0.167762 0.148209 0.150425 0.18743 0.144384 0.125887 0.151725
0.146326 0.150089 0.15335 0.141051 0.12587 0.142839 0.146487 0.139387 0.15175 0.110588 0.121835 0.14247 0.126887 0.140505 0.119307 0.125491 0.22852 0.147811 0.167762 0.148209 0.150424 0.18743 0.144384 0.125887 0.151725
0.146326 0.150089 0.15335 0.141051 0.12587 0.142839 0.146487 0.139387 0.15175 0.110588 0.121835 0.14247 0.126887 0.140505 0.119307 0.125491 0.22852 0.147811 0.167762 0.148209 0.150425 0.18743 0.144384 0.125887 0.151725
0.146326 0.150089 0.15335 0.141051 0.12587 0.142839 0.146487 0.139387 0.15175 0.110588 0.121835 0.14247 0.126887 0.140505 0.119307 0.125491 0.22852 0.147811 0.167762 0.148209 0.150424 0.18743 0.144384 0.125887 0.151725
0.146326 0.150089 0.15335 0.141051 0.12587 0.142839 0.146487 0.139387 0.15175 0.110588 0.121835 0.14247 0.126887 0.140505 0.119307 0.125491 0.22852 0.147811 0.167762 0.148209 0.150425 0.18743 0.144384 0.125887 0.151725
0.146326 0.150089 0.15335 0.141051 0.12587 0.142839 0.146487 0.139387 0.15175 0.110588 0.121835 0.14247 0.126887 0.140505 0.119307 0.125491 0.22852 0.147811 0.167762 0.148209 0.150424 0.18743 0.144384 0.125887 0.151725
0.146326 0.150089 0.15335 0.141051 0.12587 0.142839 0.146487 0.139387 0.15175 0.110588 0.121835 0.14247 0.126887 0.140505 0.119307 0.125491 0.22852 0.147811 0.167762 0.148209 0.150425 0.18743 0.144384 0.125887 0.151725
0.146326 0.150089 0.15335 0.141051 0.12587 0.142839 0.146487 0.139387 0.15175 0.110588 0.121835 0.14247 0.126887 0.140505 0.119307 0.125491 0.22852 0.147811 0.167762 0.148209 0.150424 0.18743 0.144384 0.125887 0.151725
0.146326 0.150089 0.15335 0.141051 0.12587 0.142839 0.146487 0.139387 0.15175 0.110588 0.121835 0.14247 0.126887 0.140505 0.119307 0.125491 0.22852 0.147811 0.167762 0.148209 0.150425 0.18743 0.144384 0.125887 0.151725
0.146326 0.150089 0.15335 0.141051 0.12587 0.142839 0.146487 0.139387 0.15175 0.110588 0.121835 0.14247 0.126887 0.140505 0.119307 0.125491 0.22852 0.147811 0.167762 0.148209 0.150425 0.18743 0.144384 0.125887 0.151725
0.146326 0.150089 0.15335 0.141051 0.12587 0.142839 0.146487 0.139387 0.15175 0.110588 0.121835 0.14247 0.126887 0.140505 0.119307 0.125491 0.22852 0.147811 0.167762 0.148209 0.150425 0.18743 0.144384 0.125887 0.151725
0.146326 0.150089 0.15335 0.141051 0.12587 0.142839 0.146487 0.139387 0.15175 0.110588 0.121835 0.14247 0.126887 0.140505 0.119307 0.125491 0.22852 0.147811 0.167762 0.148209 0.150425 0.18743 0.144384 0.125887 0.151725
0.146326 0.150089 0.15335 0.141051 0.12587 0.142839 0.146487 0.139387 0.15175 0.110588 0.121835 0.14247 0.126887 0.140505 0.119307 0.125491 0.22852 0.147811 0.167762 0.148209 0.150425 0.18743 0.144384 0.125887 0.151725
0.146326 0.150089 0.15335 0.141051 0.12587 0.142839 0.146487 0.139387 0.15175 0.110588 0.121835 0.14247 0.126887 0.140505 0.119307 0.125491 0.22852 0.147811 0.167762 0.148209 0.150425 0.18743 0.144384 0.125887 0.151725
0.146326 0.150089 0.15335 0.141051 0.12587 0.142839 0.146487 0.139387 0.15175 0.110588 0.121835 0.14247 0.126887 0.140505 0.119307 0.125491 0.22852 0.147811 0.167762 0.148209 0.150425 0.18743 0.144384 0.125887 0.151725
0.146326 0.150089 0.15335 0.141051 0.12587 0.142839 0.146487 0.139387 0.15175 0.110588 0.121835 0.14247 0.126887 0.140505 0.119307 0.125491 0.22852 0.147811 0.167762 0.148209 0.150425 0.18743 0.144384 0.125887 0.151725
0.146326 0.150089 0.15335 0.141051 0.12587 0.142839 0.146487 0.139387 0.15175 0.110588 0.121835 0.14247 0.126887 0.140505 0.119307 0.125491 0.22852 0.147811 0.167762 0.148209 0.150425 0.18743 0.144384 0.125887 0.151725
0.146326 0.150089 0.15335 0.141051 0.12587 0.142839 0.146487 0.139387 0.15175 0.110588 0.121835 0.14247 0.126887 0.140505 0.119307 0.125491 0.22852 0.147811 0.167762 0.148209 0.150425 0.18743 0.144384 0.125887 0.151725
0.146326 0.150089 0.15335 0.141051 0.12587 0.142839 0.146487 0.139387 0.15175 0.110588 0.121835 0.14247 0.126887 0.140505 0.119307 0.125491 0.22852 0.147811 0.167762 0.148209 0.150425 0.18743 0.144384 0.125887 0.151725
0.146326 0.150089 0.15335 0.141051 0.12587 0.142839 0.146487 0.139387 0.15175 0.110588 0.121835 0.14247 0.126887 0.140505 0.119307 0.125491 0.22852 0.147811 0.167762 0.148209 0.150425 0.18743 0.144384 0.125887 0.151725
0.146326 0.150089 0.15335 0.141051 0.12587 0.142839 0.146487 0.139387 0.15175 0.110588 0.121835 0.14247 0.126887 0.140505 0.119307 0.125491 0.22852 0.147811 0.167762 0.148209 0.150425 0.18743 0.144384 0.125887 0.151725
0.146326 0.150089 0.15335 0.141051 0.12587 0.142839 0.146487 0.139387 0.15175 0.110588 0.121835 0.14247 0.126887 0.140505 0.119307 0.125491 0.22852 0.147811 0.167762 0.148209 0.150425 0.18743 0.144384 0.125887 0.151725
0.146326 0.150089 0.15335 0.141051 0.12587 0.142839 0.146487 0.139387 0.15175 0.110588 0.121835 0.14247 0.126887 0.140505 0.119307 0.125491 0.22852 0.147811 0.167762 0.148209 0.150425 0.18743 0.144384 0.125887 0.151725
0.146326 0.150089 0.15335 0.141051 0.12587 0.142839 0.146487 0.139387 0.15175 0.110588 0.121835 0.14247 0.126887 0.140505 0.119307 0.125491 0.22852 0.147811 0.167762 0.148209 0.150425 0.18743 0.144384 0.125887 0.151725
0.146326 0.150089 0.15335 0.141051 0.12587 0.142839 0.146487 0.139387 0.15175 0.110588 0.121835 0.14247 0.126887 0.140505 0.119307 0.125491 0.22852 0.147811 0.167762 0.148209 0.150425 0.18743 0.144384 0.125887 0.151725
0.146326 0.150089 0.15335 0.141051 0.12587 0.142839 0.146487 0.139387 0.15175 0.110588 0.121835 0.14247 0.126887 0.140505 0.119307 0.125491 0.22852 0.147811 0.167762 0.148209 0.150425 0.18743 0.144384 0.125887 0.151725
0.146326 0.150089 0.15335 0.141051 0.12587 0.142839 0.146487 0.139387 0.15175 0.110588 0.121835 0.14247 0.126887 0.140505 0.119307 0.125491 0.22852 0.147811 0.167762 0.148209 0.150425 0.18743 0.144384 0.125887 0.151725
0.146326 0.150089 0.15335 0.141051 0.12587 0.142839 0.146487 0.139387 0.15175 0.110588 0.121835 0.14247 0.126887 0.140505 0.119307 0.125491 0.22852 0.147811 0.167762 0.148209 0.150425 0.18743 0.144384 0.125887 0.151725
0.146326 0.150089 0.15335 0.141051 0.12587 0.142839 0.146487 0.139387 0.15175 0.110588 0.121835 0.14247 0.126887 0.140505 0.119307 0.125491 0.22852 0.147811 0.167762 0.148209 0.150425 0.18743 0.144384 0.125887 0.151725
0.146326 0.150089 0.15335 0.141051 0.12587 0.142839 0.146487 0.139387 0.15175 0.110588 0.121835 0.14247 0.126887 0.140505 0.119307 0.125491 0.22852 0.147811 0.167762 0.148209 0.150425 0.18743 0.144384 0.125887 0.151725
0.146326 0.150089 0.15335 0.141051 0.12587 0.142839 0.146487 0.139387 0.15175 0.110588 0.121835 0.14247 0.126887 0.140505 0.119307 0.125491 0.22852 0.147811 0.167762 0.148209 0.150425 0.18743 0.144384 0.125887 0.151725
0.146326 0.150089 0.15335 0.141051 0.12587 0.142839 0.146487 0.139387 0.15175 0.110588 0.121835 0.14247 0.126887 0.140505 0.119307 0.125491 0.22852 0.147811 0.167762 0.148209 0.150425 0.18743 0.144384 0.125887 0.151725
0.146326 0.150089 0.15335 0.141051 0.12587 0.142839 0.146487 0.139387 0.15175 0.110588 0.121835 0.14247 0.126887 0.140505 0.119307 0.125491 0.22852 0.147811 0.167762 0.148209 0.150425 0.18743 0.144384 0.125887 0.151725
0.146326 0.150089 0.15335 0.141051 0.12587 0.142839 0.146487 0.139387 0.15175 0.110588 0.121835 0.14247 0.126887 0.140505 0.119307 0.125491 0.22852 0.147811 0.167762 0.148209 0.150425 0.18743 0.144384 0.125887 0.151725
0.146326 0.150089 0.15335 0.141051 0.12587 0.142839 0.146487 0.139387 0.15175 0.110588 0.121835 0.14247 0.126887 0.140505 0.119307 0.125491 0.22852 0.147811 0.167762 0.148209 0.150425 0.18743 0.144384 0.125887 0.151725
0.146326 0.150089 0.15335 0.141051 0.12587 0.142839 0.146487 0.139387 0.15175 0.110588 0.121835 0.14247 0.126887 0.140505 0.119307 0.125491 0.22852 0.147811 0.167762 0.148209 0.150425 0.18743 0.144384 0.125887 0.151725
0.146326 0.150089 0.15335 0.141051 0.12587 0.142839 0.146487 0.139387 0.15175 0.110588 0.121835 0.14247 0.126887 0.140505 0.119307 0.125491 0.22852 0.147811 0.167762 0.148209 0.150425 0.18743 0.144384 0.125887 0.151725
0.146326 0.150089 0.15335 0.141051 0.12587 0.142839 0.146487 0.139387 0.15175 0.110588 0.121835 0.14247 0.126887 0.140505 0.119307 0.125491 0.22852 0.147811 0.167762 0.148209 0.150425 0.18743 0.144384 0.125887 0.151725
0.146326 0.150089 0.15335 0.141051 0.12587 0.142839 0.146487 0.139387 0.15175 0.110588 0.121835 0.14247 0.126887 0.140505 0.119307 0.125491 0.22852 0.147811 0.167762 0.148209 0.150425 0.18743 0.144384 0.125887 0.151725
0.146326 0.150089 0.15335 0.141051 0.12587 0.142839 0.146487 0.139387 0.15175 0.110588 0.121835 0.14247 0.126887 0.140505 0.119307 0.125491 0.22852 0.147811 0.167762 0.148209 0.150425 0.18743 0.144384 0.125887 0.151725
0.146326 0.150089 0.15335 0.141051 0.12587 0.142839 0.146487 0.139387 0.15175 0.110588 0.121835 0.14247 0.126887 0.140505 0.119307 0.125491 0.22852 0.147811 0.167762 0.148209 0.150425 0.18743 0.144384 0.125887 0.151725
0.146326 0.150089 0.15335 0.141051 0.12587 0.142839 0.146487 0.139387 0.15175 0.110588 0.121835 0.14247 0.126887 0.140505 0.119307 0.125491 0.22852 0.147811 0.167762 0.148209 0.150425 0.18743 0.144384 0.125887 0.151725
0.146326 0.150089 0.15335 0.141051 0.12587 0.142839 0.146487 0.139387 0.15175 0.110588 0.121835 0.14247 0.126887 0.140505 0.119307 0.125491 0.22852 0.147811 0.167762 0.148209 0.150425 0.18743 0.144384 0.125887 0.151725
0.146326 0.150089 0.15335 0.141051 0.12587 0.142839 0.146487 0.139387 0.15175 0.110588 0.121835 0.14247 0.126887 0.140505 0.119307 0.125491 0.22852 0.147811 0.167762 0.148209 0.150425 0.18743 0.144384 0.125887 0.151725
0.146326 0.150089 0.15335 0.141051 0.12587 0.142839 0.146487 0.139387 0.15175 0.110588 0.121835 0.14247 0.126887 0.140505 0.119307 0.125491 0.22852 0.147811 0.167762 0.148209 0.150425 0.18743 0.144384 0.125887 0.151725
0.146326 0.150089 0.15335 0.141051 0.12587 0.142839 0.146487 0.139387 0.15175 0.110588 0.121835 0.14247 0.126887 0.140505 0.119307 0.125491 0.22852 0.147811 0.167762 0.148209 0.150425 0.18743 0.144384 0.125887 0.151725
0.146326 0.150089 0.15335 0.141051 0.12587 0.142839 0.146487 0.139387 0.15175 0.110588 0.121835 0.14247 0.126887 0.140505 0.119307 0.125491 0.22852 0.147811 0.167762 0.148209 0.150425 0.18743 0.144384 0.125887 0.151725
0.146326 0.150089 0.15335 0.141051 0.12587 0.142839 0.146487 0.139387 0.15175 0.110588 0.121835 0.14247 0.126887 0.140505 0.119307 0.125491 0.22852 0.147811 0.167762 0.148209 0.150425 0.18743 0.144384 0.125887 0.151725
0.146326 0.150089 0.15335 0.141051 0.12587 0.142839 0.146487 0.139387 0.15175 0.110588 0.121835 0.14247 0.126887 0.140505 0.119307 0.125491 0.22852 0.147811 0.167762 0.148209 0.150425 0.18743 0.144384 0.125887 0.151725
0.146326 0.150089 0.15335 0.141051 0.12587 0.142839 0.146487 0.139387 0.15175 0.110588 0.121835 0.14247 0.126887 0.140505 0.119307 0.125491 0.22852 0.147811 0.167762 0.148209 0.150425 0.18743 0.144384 0.125887 0.151725
0.146326 0.150089 0.15335 0.141051 0.12587 0.142839 0.146487 0.139387 0.15175 0.110588 0.121835 0.14247 0.126887 0.140505 0.119307 0.125491 0.22852 0.147811 0.167762 0.148209 0.150425 0.18743 0.144384 0.125887 0.151725
0.146326 0.150089 0.15335 0.141051 0.12587 0.142839 0.146487 0.139387 0.15175 0.110588 0.121835 0.14247 0.126887 0.140505 0.119307 0.125491 0.22852 0.147811 0.167762 0.148209 0.150425 0.18743 0.144384 0.125887 0.151725
0.146326 0.150089 0.15335 0.141051 0.12587 0.142839 0.146487 0.139387 0.15175 0.110588 0.121835 0.14247 0.126887 0.140505 0.119307 0.125491 0.22852 0.147811 0.167762 0.148209 0.150425 0.18743 0.144384 0.125887 0.151725
0.146326 0.150089 0.15335 0.141051 0.12587 0.142839 0.146487 0.139387 0.15175 0.110588 0.121835 0.14247 0.126887 0.140505 0.119307 0.125491 0.22852 0.147811 0.167762 0.148209 0.150425 0.18743 0.144384 0.125887 0.151725
0.146326 0.150089 0.15335 0.141051 0.12587 0.142839 0.146487 0.139387 0.15175 0.110588 0.121835 0.14247 0.126887 0.140505 0.119307 0.125491 0.22852 0.147811 0.167762 0.148209 0.150425 0.18743 0.144384 0.125887 0.151725
0.146326 0.150089 0.15335 0.141051 0.12587 0.142839 0.146487 0.139387 0.15175 0.110588 0.121835 0.14247 0.126887 0.140505 0.119307 0.125491 0.22852 0.147811 0.167762 0.148209 0.150425 0.18743 0.144384 0.125887 0.151725
0.146326 0.150089 0.15335 0.141051 0.12587 0.142839 0.146487 0.139387 0.15175 0.110588 0.121835 0.14247 0.126887 0.140505 0.119307 0.125491 0.22852 0.147811 0.167762 0.148209 0.150425 0.18743 0.144384 0.125887 0.151725
0.146326 0.150089 0.15335 0.141051 0.12587 0.142839 0.146487 0.139387 0.15175 0.110588 0.121835 0.14247 0.126887 0.140505 0.119307 0.125491 0.22852 0.147811 0.167762 0.148209 0.150425 0.18743 0.144384 0.125887 0.151725
0.146326 0.150089 0.15335 0.141051 0.12587 0.142839 0.146487 0.139387 0.15175 0.110588 0.121835 0.14247 0.126887 0.140505 0.119307 0.125491 0.22852 0.147811 0.167762 0.148209 0.150425 0.18743 0.144384 0.125887 0.151725
0.146326 0.150089 0.15335 0.141051 0.12587 0.142839 0.146487 0.139387 0.15175 0.110588 0.121835 0.14247 0.126887 0.140505 0.119307 0.125491 0.22852 0.147811 0.167762 0.148209 0.150425 0.18743 0.144384 0.125887 0.151725
0.146326 0.150089 0.15335 0.141051 0.12587 0.142839 0.146487 0.139387 0.15175 0.110588 0.121835 0.14247 0.126887 0.140505 0.119307 0.125491 0.22852 0.147811 0.167762 0.148209 0.150425 0.18743 0.144384 0.125887 0.151725
0.146326 0.150089 0.15335 0.141051 0.12587 0.142839 0.146487 0.139387 0.15175 0.110588 0.121835 0.14247 0.126887 0.140505 0.119307 0.125491 0.22852 0.147811 0.167762 0.148209 0.150425 0.18743 0.144384 0.125887 0.151725
0.146326 0.150089 0.15335 0.141051 0.12587 0.142839 0.146487 0.139387 0.15175 0.110588 0.121835 0.14247 0.126887 0.140505 0.119307 0.125491 0.22852 0.147811 0.167762 0.148209 0.150425 0.18743 0.144384 0.125887 0.151725
0.146326 0.150089 0.15335 0.141051 0.12587 0.142839 0.146487 0.139387 0.15175 0.110588 0.121835 0.14247 0.126887 0.140505 0.119307 0.125491 0.22852 0.147811 0.167762 0.148209 0.150425 0.18743 0.144384 0.125887 0.151725
0.146326 0.150089 0.15335 0.141051 0.12587 0.142839 0.146487 0.139387 0.15175 0.110588 0.121835 0.14247 0.126887 0.140505 0.119307 0.125491 0.22852 0.147811 0.167762 0.148209 0.150425 0.18743 0.144384 0.125887 0.151725
0.146326 0.150089 0.15335 0.141051 0.12587 0.142839 0.146487 0.139387 0.15175 0.110588 0.121835 0.14247 0.126887 0.140505 0.119307 0.125491 0.22852 0.147811 0.167762 0.148209 0.150425 0.18743 0.144384 0.125887 0.151725
0.146326 0.150089 0.15335 0.141051 0.12587 0.142839 0.146487 0.139387 0.15175 0.110588 0.121835 0.14247 0.126887 0.140505 0.119307 0.125491 0.22852 0.147811 0.167762 0.148209 0.150425 0.18743 0.144384 0.125887 0.151725
0.146326 0.150089 0.15335 0.141051 0.12587 0.142839 0.146487 0.139387 0.15175 0.110588 0.121835 0.14247 0.126887 0.140505 0.119307 0.125491 0.22852 0.147811 0.167762 0.148209 0.150425 0.18743 0.144384 0.125887 0.151725
0.146326 0.150089 0.15335 0.141051 0.12587 0.142839 0.146487 0.139387 0.15175 0.110588 0.121835 0.14247 0.126887 0.140505 0.119307 0.125491 0.22852 0.147811 0.167762 0.148209 0.150425 0.18743 0.144384 0.125887 0.151725
0.146326 0.150089 0.15335 0.141051 0.12587 0.142839 0.146487 0.139387 0.15175 0.110588 0.121835 0.14247 0.126887 0.140505 0.119307 0.125491 0.22852 0.147811 0.167762 0.148209 0.150425 0.18743 0.144384 0.125887 0.151725
0.146326 0.150089 0.15335 0.141051 0.12587 0.142839 0.146487 0.139387 0.15175 0.110588 0.121835 0.14247 0.126887 0.140505 0.119307 0.125491 0.22852 0.147811 0.167762 0.148209 0.150425 0.18743 0.144384 0.125887 0.151725
0.146326 0.150089 0.15335 0.141051 0.12587 0.142839 0.146487 0.139387 0.15175 0.110588 0.121835 0.14247 0.126887 0.140505 0.119307 0.125491 0.22852 0.147811 0.167762 0.148209 0.150425 0.18743 0.144384 0.125887 0.151725
0.146326 0.150089 0.15335 0.141051 0.12587 0.142839 0.146487 0.139387 0.15175 0.110588 0.121835 0.14247 0.126887 0.140505 0.119307 0.125491 0.22852 0.147811 0.167762 0.148209 0.150425 0.18743 0.144384 0.125887 0.151725
0.146326 0.150089 0.15335 0.141051 0.12587 0.142839 0.146487 0.139387 0.15175 0.110588 0.121835 0.14247 0.126887 0.140505 0.119307 0.125491 0.22852 0.147811 0.167762 0.148209 0.150425 0.18743 0.144384 0.125887 0.151725
0.146326 0.150089 0.15335 0.141051 0.12587 0.142839 0.146487 0.139387 0.15175 0.110588 0.121835 0.14247 0.126887 0.140505 0.119307 0.125491 0.22852 0.147811 0.167762 0.148209 0.150425 0.18743 0.144384 0.125887 0.151725
0.146326 0.150089 0.15335 0.141051 0.12587 0.142839 0.146487 0.139387 0.15175 0.110588 0.121835 0.14247 0.126887 0.140505 0.119307 0.125491 0.22852 0.147811 0.167762 0.148209 0.150425 0.18743 0.144384 0.125887 0.151725
0.146326 0.150089 0.15335 0.141051 0.12587 0.142839 0.146487 0.139387 0.15175 0.110588 0.121835 0.14247 0.126887 0.140505 0.119307 0.125491 0.22852 0.147811 0.167762 0.148209 0.150425 0.18743 0.144384 0.125887 0.151725
0.146326 0.150089 0.15335 0.141051 0.12587 0.142839 0.146487 0.139387 0.15175 0.110588 0.121835 0.14247 0.126887 0.140505 0.119307 0.125491 0.22852 0.147811 0.167762 0.148209 0.150425 0.18743 0.144384 0.125887 0.151725
0.146326 0.150089 0.15335 0.141051 0.12587 0.142839 0.146487 0.139387 0.15175 0.110588 0.121835 0.14247 0.126887 0.140505 0.119307 0.125491 0.22852 0.147811 0.167762 0.148209 0.150425 0.18743 0.144384 0.125887 0.151725
0.146326 0.150089 0.15335 0.141051 0.12587 0.142839 0.146487 0.139387 0.15175 0.110588 0.121835 0.14247 0.126887 0.140505 0.119307 0.125491 0.22852 0.147811 0.167762 0.148209 0.150425 0.18743 0.144384 0.125887 0.151725
0.146326 0.150089 0.15335 0.141051 0.12587 0.142839 0.146487 0.139387 0.15175 0.110588 0.121835 0.14247 0.126887 0.140505 0.119307 0.125491 0.22852 0.147811 0.167762 0.148209 0.150425 0.18743 0.144384 0.125887 0.151725
0.146326 0.150089 0.15335 0.141051 0.12587 0.142839 0.146487 0.139387 0.15175 0.110588 0.121835 0.14247 0.126887 0.140505 0.119307 0.125491 0.22852 0.147811 0.167762 0.148209 0.150425 0.18743 0.144384 0.125887 0.151725
0.146326 0.150089 0.15335 0.141051 0.12587 0.142839 0.146487 0.139387 0.15175 0.110588 0.121835 0.14247 0.126887 0.140505 0.119307 0.125491 0.22852 0.147811 0.167762 0.148209 0.150425 0.18743 0.144384 0.125887 0.151725
0.146326 0.150089 0.15335 0.141051 0.12587 0.142839 0.146487 0.139387 0.15175 0.110588 0.121835 0.14247 0.126887 0.140505 0.119307 0.125491 0.22852 0.147811 0.167762 0.148209 0.150425 0.18743 0.144384 0.125887 0.151725
0.146326 0.150089 0.15335 0.141051 0.12587 0.142839 0.146487 0.139387 0.15175 0.110588 0.121835 0.14247 0.126887 0.140505 0.119307 0.125491 0.22852 0.147811 0.167762 0.148209 0.150425 0.18743 0.144384 0.125887 0.151725
0.146326 0.150089 0.15335 0.141051 0.12587 0.142839 0.146487 0.139387 0.15175 0.110588 0.121835 0.14247 0.126887 0.140505 0.119307 0.125491 0.22852 0.147811 0.167762 0.148209 0.150425 0.18743 0.144384 0.125887 0.151725
0.146326 0.150089 0.15335 0.141051 0.12587 0.142839 0.146487 0.139387 0.15175 0.110588 0.121835 0.14247 0.126887 0.140505 0.119307 0.125491 0.22852 0.147811 0.167762 0.148209 0.150425 0.18743 0.144384 0.125887 0.151725
0.146326 0.150089 0.15335 0.141051 0.12587 0.142839 0.146487 0.139387 0.15175 0.110588 0.121835 0.14247 0.126887 0.140505 0.119307 0.125491 0.22852 0.147811 0.167762 0.148209 0.150425 0.18743 0.144384 0.125887 0.151725
0.146326 0.150089 0.15335 0.141051 0.12587 0.142839 0.146487 0.139387 0.15175 0.110588 0.121835 0.14247 0.126887 0.140505 0.119307 0.125491 0.22852 0.147811 0.167762 0.148209 0.150425 0.18743 0.144384 0.125887 0.151725
0.146326 0.150089 0.15335 0.141051 0.12587 0.142839 0.146487 0.139387 0.15175 0.110588 0.121835 0.14247 0.126887 0.140505 0.119307 0.125491 0.22852 0.147811 0.167762 0.148209 0.150425 0.18743 0.144384 0.125887 0.151725
0.146326 0.150089 0.15335 0.141051 0.12587 0.142839 0.146487 0.139387 0.15175 0.110588 0.121835 0.14247 0.126887 0.140505 0.119307 0.125491 0.22852 0.147811 0.167762 0.148209 0.150425 0.18743 0.144384 0.125887 0.151725
0.146326 0.150089 0.15335 0.141051 0.12587 0.142839 0.146487 0.139387 0.15175 0.110588 0.121835 0.14247 0.126887 0.140505 0.119307 0.125491 0.22852 0.147811 0.167762 0.148209 0.150425 0.18743 0.144384 0.125887 0.151725
0.146326 0.150089 0.15335 0.141051 0.12587 0.142839 0.146487 0.139387 0.15175 0.110588 0.121835 0.14247 0.126887 0.140505 0.119307 0.125491 0.22852 0.147811 0.167762 0.148209 0.150425 0.18743 0.144384 0.125887 0.151725
0.146326 0.150089 0.15335 0.141051 0.12587 0.142839 0.146487 0.139387 0.15175 0.110588 0.121835 0.14247 0.126887 0.140505 0.119307 0.125491 0.22852 0.147811 0.167762 0.148209 0.150425 0.18743 0.144384 0.125887 0.151725
0.146326 0.150089 0.15335 0.141051 0.12587 0.142839 0.146487 0.139387 0.15175 0.110588 0.121835 0.14247 0.126887 0.140505 0.119307 0.125491 0.22852 0.147811 0.167762 0.148209 0.150425 0.18743 0.144384 0.125887 0.151725
0.146326 0.150089 0.15335 0.141051 0.12587 0.142839 0.146487 0.139387 0.15175 0.110588 0.121835 0.14247 0.126887 0.140505 0.119307 0.125491 0.22852 0.147811 0.167762 0.148209 0.150425 0.18743 0.144384 0.125887 0.151725
0.146326 0.150089 0.15335 0.141051 0.12587 0.142839 0.146487 0.139387 0.15175 0.110588 0.121835 0.14247 0.126887 0.140505 0.119307 0.125491 0.22852 0.147811 0.167762 0.148209 0.150425 0.18743 0.144384 0.125887 0.151725
0.146326 0.150089 0.15335 0.141051 0.12587 0.142839 0.146487 0.139387 0.15175 0.110588 0.121835 0.14247 0.126887 0.140505 0.119307 0.125491 0.22852 0.147811 0.167762 0.148209 0.150425 0.18743 0.144384 0.125887 0.151725
0.146326 0.150089 0.15335 0.141051 0.12587 0.142839 0.146487 0.139387 0.15175 0.110588 0.121835 0.14247 0.126887 0.140505 0.119307 0.125491 0.22852 0.147811 0.167762 0.148209 0.150425 0.18743 0.144384 0.125887 0.151725
0.146326 0.150089 0.15335 0.141051 0.12587 0.142839 0.146487 0.139387 0.15175 0.110588 0.121835 0.14247 0.126887 0.140505 0.119307 0.125491 0.22852 0.147811 0.167762 0.148209 0.150425 0.18743 0.144384 0.125887 0.151725
0.146326 0.150089 0.15335 0.141051 0.12587 0.142839 0.146487 0.139387 0.15175 0.110588 0.121835 0.14247 0.126887 0.140505 0.119307 0.125491 0.22852 0.147811 0.167762 0.148209 0.150425 0.18743 0.144384 0.125887 0.151725
0.146326 0.150089 0.15335 0.141051 0.12587 0.142839 0.146487 0.139387 0.15175 0.110588 0.121835 0.14247 0.126887 0.140505 0.119307 0.125491 0.22852 0.147811 0.167762 0.148209 0.150425 0.18743 0.144384 0.125887 0.151725
0.146326 0.150089 0.15335 0.141051 0.12587 0.142839 0.146487 0.139387 0.15175 0.110588 0.121835 0.14247 0.126887 0.140505 0.119307 0.125491 0.22852 0.147811 0.167762 0.148209 0.150425 0.18743 0.144384 0.125887 0.151725
0.146326 0.150089 0.15335 0.141051 0.12587 0.142839 0.146487 0.139387 0.15175 0.110588 0.121835 0.14247 0.126887 0.140505 0.119307 0.125491 0.22852 0.147811 0.167762 0.148209 0.150425 0.18743 0.144384 0.125887 0.151725
0.146326 0.150089 0.15335 0.141051 0.12587 0.142839 0.146487 0.139387 0.15175 0.110588 0.121835 0.14247 0.126887 0.140505 0.119307 0.125491 0.22852 0.147811 0.167762 0.148209 0.150425 0.18743 0.144384 0.125887 0.151725
0.146326 0.150089 0.15335 0.141051 0.12587 0.142839 0.146487 0.139387 0.15175 0.110588 0.121835 0.14247 0.126887 0.140505 0.119307 0.125491 0.22852 0.147811 0.167762 0.148209 0.150425 0.18743 0.144384 0.125887 0.151725
0.146326 0.150089 0.15335 0.141051 0.12587 0.142839 0.146487 0.139387 0.15175 0.110588 0.121835 0.14247 0.126887 0.140505 0.119307 0.125491 0.22852 0.147811 0.167762 0.148209 0.150425 0.18743 0.144384 0.125887 0.151725
0.146326 0.150089 0.15335 0.141051 0.12587 0.142839 0.146487 0.139387 0.15175 0.110588 0.121835 0.14247 0.126887 0.140505 0.119307 0.125491 0.22852 0.147811 0.167762 0.148209 0.150425 0.18743 0.144384 0.125887 0.151725
0.146326 0.150089 0.15335 0.141051 0.12587 0.142839 0.146487 0.139387 0.15175 0.110588 0.121835 0.14247 0.126887 0.140505 0.119307 0.125491 0.22852 0.147811 0.167762 0.148209 0.150425 0.18743 0.144384 0.125887 0.151725
0.146326 0.150089 0.15335 0.141051 0.12587 0.142839 0.146487 0.139387 0.15175 0.110588 0.121835 0.14247 0.126887 0.140505 0.119307 0.125491 0.22852 0.147811 0.167762 0.148209 0.150425 0.18743 0.144384 0.125887 0.151725
0.146326 0.150089 0.15335 0.141051 0.12587 0.142839 0.146487 0.139387 0.15175 0.110588 0.121835 0.14247 0.126887 0.140505 0.119307 0.125491 0.22852 0.147811 0.167762 0.148209 0.150425 0.18743 0.144384 0.125887 0.151725
0.146326 0.150089 0.15335 0.141051 0.12587 0.142839 0.146487 0.139387 0.15175 0.110588 0.121835 0.14247 0.126887 0.140505 0.119307 0.125491 0.22852 0.147811 0.167762 0.148209 0.150425 0.18743 0.144384 0.125887 0.151725
0.146326 0.150089 0.15335 0.141051 0.12587 0.142839 0.146487 0.139387 0.15175 0.110588 0.121835 0.14247 0.126887 0.140505 0.119307 0.125491 0.22852 0.147811 0.167762 0.148209 0.150425 0.18743 0.144384 0.125887 0.151725
0.146326 0.150089 0.15335 0.141051 0.12587 0.142839 0.146487 0.139387 0.15175 0.110588 0.121835 0.14247 0.126887 0.140505 0.119307 0.125491 0.22852 0.147811 0.167762 0.148209 0.150425 0.18743 0.144384 0.125887 0.151725
0.146326 0.150089 0.15335 0.141051 0.12587 0.142839 0.146487 0.139387 0.15175 0.110588 0.121835 0.14247 0.126887 0.140505 0.119307 0.125491 0.22852 0.147811 0.167762 0.148209 0.150425 0.18743 0.144384 0.125887 0.151725
0.146326 0.150089 0.15335 0.141051 0.12587 0.142839 0.146487 0.139387 0.15175 0.110588 0.121835 0.14247 0.126887 0.140505 0.119307 0.125491 0.22852 0.147811 0.167762 0.148209 0.150425 0.18743 0.144384 0.125887 0.151725
0.146326 0.150089 0.15335 0.141051 0.12587 0.142839 0.146487 0.139387 0.15175 0.110588 0.121835 0.14247 0.126887 0.140505 0.119307 0.125491 0.22852 0.147811 0.167762 0.148209 0.150425 0.18743 0.144384 0.125887 0.151725
0.146326 0.150089 0.15335 0.141051 0.12587 0.142839 0.146487 0.139387 0.15175 0.110588 0.121835 0.14247 0.126887 0.140505 0.119307 0.125491 0.22852 0.147811 0.167762 0.148209 0.150425 0.18743 0.144384 0.125887 0.151725
0.146326 0.150089 0.15335 0.141051 0.12587 0.142839 0.146487 0.139387 0.15175 0.110588 0.121835 0.14247 0.126887 0.140505 0.119307 0.125491 0.22852 0.147811 0.167762 0.148209 0.150425 0.18743 0.144384 0.125887 0.151725
0.146326 0.150089 0.15335 0.141051 0.12587 0.142839 0.146487 0.139387 0.15175 0.110588 0.121835 0.14247 0.126887 0.140505 0.119307 0.125491 0.22852 0.147811 0.167762 0.148209 0.150425 0.18743 0.144384 0.125887 0.151725
0.146326 0.150089 0.15335 0.141051 0.12587 0.142839 0.146487 0.139387 0.15175 0.110588 0.121835 0.14247 0.126887 0.140505 0.119307 0.125491 0.22852 0.147811 0.167762 0.148209 0.150425 0.18743 0.144384 0.125887 0.151725
0.146326 0.150089 0.15335 0.141051 0.12587 0.142839 0.146487 0.139387 0.15175 0.110588 0.121835 0.14247 0.126887 0.140505 0.119307 0.125491 0.22852 0.147811 0.167762 0.148209 0.150425 0.18743 0.144384 0.125887 0.151725
0.146326 0.150089 0.15335 0.141051 0.12587 0.142839 0.146487 0.139387 0.15175 0.110588 0.121835 0.14247 0.126887 0.140505 0.119307 0.125491 0.22852 0.147811 0.167762 0.148209 0.150425 0.18743 0.144384 0.125887 0.151725
0.146326 0.150089 0.15335 0.141051 0.12587 0.142839 0.146487 0.139387 0.15175 0.110588 0.121835 0.14247 0.126887 0.140505 0.119307 0.125491 0.22852 0.147811 0.167762 0.148209 0.150425 0.18743 0.144384 0.125887 0.151725
0.146326 0.150089 0.15335 0.141051 0.12587 0.142839 0.146487 0.139387 0.15175 0.110588 0.121835 0.14247 0.126887 0.140505 0.119307 0.125491 0.22852 0.147811 0.167762 0.148209 0.150425 0.18743 0.144384 0.125887 0.151725
0.146326 0.150089 0.15335 0.141051 0.12587 0.142839 0.146487 0.139387 0.15175 0.110588 0.121835 0.14247 0.126887 0.140505 0.119307 0.125491 0.22852 0.147811 0.167762 0.148209 0.150425 0.18743 0.144384 0.125887 0.151725
0.146326 0.150089 0.15335 0.141051 0.12587 0.142839 0.146487 0.139387 0.15175 0.110588 0.121835 0.14247 0.126887 0.140505 0.119307 0.125491 0.22852 0.147811 0.167762 0.148209 0.150425 0.18743 0.144384 0.125887 0.151725
0.146326 0.150089 0.15335 0.141051 0.12587 0.142839 0.146487 0.139387 0.15175 0.110588 0.121835 0.14247 0.126887 0.140505 0.119307 0.125491 0.22852 0.147811 0.167762 0.148209 0.150425 0.18743 0.144384 0.125887 0.151725
0.146326 0.150089 0.15335 0.141051 0.12587 0.142839 0.146487 0.139387 0.15175 0.110588 0.121835 0.14247 0.126887 0.140505 0.119307 0.125491 0.22852 0.147811 0.167762 0.148209 0.150425 0.18743 0.144384 0.125887 0.151725
0.146326 0.150089 0.15335 0.141051 0.12587 0.142839 0.146487 0.139387 0.15175 0.110588 0.121835 0.14247 0.126887 0.140505 0.119307 0.125491 0.22852 0.147811 0.167762 0.148209 0.150425 0.18743 0.144384 0.125887 0.151725
0.146326 0.150089 0.15335 0.141051 0.12587 0.142839 0.146487 0.139387 0.15175 0.110588 0.121835 0.14247 0.126887 0.140505 0.119307 0.125491 0.22852 0.147811 0.167762 0.148209 0.150425 0.18743 0.144384 0.125887 0.151725
0.146326 0.150089 0.15335 0.141051 0.12587 0.142839 0.146487 0.139387 0.15175 0.110588 0.121835 0.14247 0.126887 0.140505 0.119307 0.125491 0.22852 0.147811 0.167762 0.148209 0.150425 0.18743 0.144384 0.125887 0.151725
0.146326 0.150089 0.15335 0.141051 0.12587 0.142839 0.146487 0.139387 0.15175 0.110588 0.121835 0.14247 0.126887 0.140505 0.119307 0.125491 0.22852 0.147811 0.167762 0.148209 0.150425 0.18743 0.144384 0.125887 0.151725
0.146326 0.150089 0.15335 0.141051 0.12587 0.142839 0.146487 0.139387 0.15175 0.110588 0.121835 0.14247 0.126887 0.140505 0.119307 0.125491 0.22852 0.147811 0.167762 0.148209 0.150425 0.18743 0.144384 0.125887 0.151725
0.146326 0.150089 0.15335 0.141051 0.12587 0.142839 0.146487 0.139387 0.15175 0.110588 0.121835 0.14247 0.126887 0.140505 0.119307 0.125491 0.22852 0.147811 0.167762 0.148209 0.150425 0.18743 0.144384 0.125887 0.151725
0.146326 0.150089 0.15335 0.141051 0.12587 0.142839 0.146487 0.139387 0.15175 0.110588 0.121835 0.14247 0.126887 0.140505 0.119307 0.125491 0.22852 0.147811 0.167762 0.148209 0.150425 0.18743 0.144384 0.125887 0.151725
0.146326 0.150089 0.15335 0.141051 0.12587 0.142839 0.146487 0.139387 0.15175 0.110588 0.121835 0.14247 0.126887 0.140505 0.119307 0.125491 0.22852 0.147811 0.167762 0.148209 0.150425 0.18743 0.144384 0.125887 0.151725
0.146326 0.150089 0.15335 0.141051 0.12587 0.142839 0.146487 0.139387 0.15175 0.110588 0.121835 0.14247 0.126887 0.140505 0.119307 0.125491 0.22852 0.147811 0.167762 0.148209 0.150425 0.18743 0.144384 0.125887 0.151725
0.146326 0.150089 0.15335 0.141051 0.12587 0.142839 0.146487 0.139387 0.15175 0.110588 0.121835 0.14247 0.126887 0.140505 0.119307 0.125491 0.22852 0.147811 0.167762 0.148209 0.150425 0.18743 0.144384 0.125887 0.151725
0.146326 0.150089 0.15335 0.141051 0.12587 0.142839 0.146487 0.139387 0.15175 0.110588 0.121835 0.14247 0.126887 0.140505 0.119307 0.125491 0.22852 0.147811 0.167762 0.148209 0.150425 0.18743 0.144384 0.125887 0.151725
0.146326 0.150089 0.15335 0.141051 0.12587 0.142839 0.146487 0.139387 0.15175 0.110588 0.121835 0.14247 0.126887 0.140505 0.119307 0.125491 0.22852 0.147811 0.167762 0.148209 0.150425 0.18743 0.144384 0.125887 0.151725
0.146326 0.150089 0.15335 0.141051 0.12587 0.142839 0.146487 0.139387 0.15175 0.110588 0.121835 0.14247 0.126887 0.140505 0.119307 0.125491 0.22852 0.147811 0.167762 0.148209 0.150425 0.18743 0.144384 0.125887 0.151725
0.146326 0.150089 0.15335 0.141051 0.12587 0.142839 0.146487 0.139387 0.15175 0.110588 0.121835 0.14247 0.126887 0.140505 0.119307 0.125491 0.22852 0.147811 0.167762 0.148209 0.150425 0.18743 0.144384 0.125887 0.151725
0.146326 0.150089 0.15335 0.141051 0.12587 0.142839 0.146487 0.139387 0.15175 0.110588 0.121835 0.14247 0.126887 0.140505 0.119307 0.125491 0.22852 0.147811 0.167762 0.148209 0.150425 0.18743 0.144384 0.125887 0.151725
0.146326 0.150089 0.15335 0.141051 0.12587 0.142839 0.146487 0.139387 0.15175 0.110588 0.121835 0.14247 0.126887 0.140505 0.119307 0.125491 0.22852 0.147811 0.167762 0.148209 0.150425 0.18743 0.144384 0.125887 0.151725
0.146326 0.150089 0.15335 0.141051 0.12587 0.142839 0.146487 0.139387 0.15175 0.110588 0.121835 0.14247 0.126887 0.140505 0.119307 0.125491 0.22852 0.147811 0.167762 0.148209 0.150425 0.18743 0.144384 0.125887 0.151725
0.146326 0.150089 0.15335 0.141051 0.12587 0.142839 0.146487 0.139387 0.15175 0.110588 0.121835 0.14247 0.126887 0.140505 0.119307 0.125491 0.22852 0.147811 0.167762 0.148209 0.150425 0.18743 0.144384 0.125887 0.151725
0.146326 0.150089 0.15335 0.141051 0.12587 0.142839 0.146487 0.139387 0.15175 0.110588 0.121835 0.14247 0.126887 0.140505 0.119307 0.125491 0.22852 0.147811 0.167762 0.148209 0.150425 0.18743 0.144384 0.125887 0.151725
0.146326 0.150089 0.15335 0.141051 0.12587 0.142839 0.146487 0.139387 0.15175 0.110588 0.121835 0.14247 0.126887 0.140505 0.119307 0.125491 0.22852 0.147811 0.167762 0.148209 0.150425 0.18743 0.144384 0.125887 0.151725
0.146326 0.150089 0.15335 0.141051 0.12587 0.142839 0.146487 0.139387 0.15175 0.110588 0.121835 0.14247 0.126887 0.140505 0.119307 0.125491 0.22852 0.147811 0.167762 0.148209 0.150425 0.18743 0.144384 0.125887 0.151725
0.146326 0.150089 0.15335 0.141051 0.12587 0.142839 0.146487 0.139387 0.15175 0.110588 0.121835 0.14247 0.126887 0.140505 0.119307 0.125491 0.22852 0.147811 0.167762 0.148209 0.150425 0.18743 0.144384 0.125887 0.151725
0.146326 0.150089 0.15335 0.141051 0.12587 0.142839 0.146487 0.139387 0.15175 0.110588 0.121835 0.14247 0.126887 0.140505 0.119307 0.125491 0.22852 0.147811 0.167762 0.148209 0.150425 0.18743 0.144384 0.125887 0.151725
0.146326 0.150089 0.15335 0.141051 0.12587 0.142839 0.146487 0.139387 0.15175 0.110588 0.121835 0.14247 0.126887 0.140505 0.119307 0.125491 0.22852 0.147811 0.167762 0.148209 0.150425 0.18743 0.144384 0.125887 0.151725
0.146326 0.150089 0.15335 0.141051 0.12587 0.142839 0.146487 0.139387 0.15175 0.110588 0.121835 0.14247 0.126887 0.140505 0.119307 0.125491 0.22852 0.147811 0.167762 0.148209 0.150425 0.18743 0.144384 0.125887 0.151725
0.146326 0.150089 0.15335 0.141051 0.12587 0.142839 0.146487 0.139387 0.15175 0.110588 0.121835 0.14247 0.126887 0.140505 0.119307 0.125491 0.22852 0.147811 0.167762 0.148209 0.150425 0.18743 0.144384 0.125887 0.151725
0.146326 0.150089 0.15335 0.141051 0.12587 0.142839 0.146487 0.139387 0.15175 0.110588 0.121835 0.14247 0.126887 0.140505 0.119307 0.125491 0.22852 0.147811 0.167762 0.148209 0.150425 0.18743 0.144384 0.125887 0.151725
0.146326 0.150089 0.15335 0.141051 0.12587 0.142839 0.146487 0.139387 0.15175 0.110588 0.121835 0.14247 0.126887 0.140505 0.119307 0.125491 0.22852 0.147811 0.167762 0.148209 0.150425 0.18743 0.144384 0.125887 0.151725
0.146326 0.150089 0.15335 0.141051 0.12587 0.142839 0.146487 0.139387 0.15175 0.110588 0.121835 0.14247 0.126887 0.140505 0.119307 0.125491 0.22852 0.147811 0.167762 0.148209 0.150425 0.18743 0.144384 0.125887 0.151725
0.146326 0.150089 0.15335 0.141051 0.12587 0.142839 0.146487 0.139387 0.15175 0.110588 0.121835 0.14247 0.126887 0.140505 0.119307 0.125491 0.22852 0.147811 0.167762 0.148209 0.150425 0.18743 0.144384 0.125887 0.151725
0.146326 0.150089 0.15335 0.141051 0.12587 0.142839 0.146487 0.139387 0.15175 0.110588 0.121835 0.14247 0.126887 0.140505 0.119307 0.125491 0.22852 0.147811 0.167762 0.148209 0.150425 0.18743 0.144384 0.125887 0.151725
0.146326 0.150089 0.15335 0.141051 0.12587 0.142839 0.146487 0.139387 0.15175 0.110588 0.121835 0.14247 0.126887 0.140505 0.119307 0.125491 0.22852 0.147811 0.167762 0.148209 0.150425 0.18743 0.144384 0.125887 0.151725
0.146326 0.150089 0.15335 0.141051 0.12587 0.142839 0.146487 0.139387 0.15175 0.110588 0.121835 0.14247 0.126887 0.140505 0.119307 0.125491 0.22852 0.147811 0.167762 0.148209 0.150425 0.18743 0.144384 0.125887 0.151725
0.146326 0.150089 0.15335 0.141051 0.12587 0.142839 0.146487 0.139387 0.15175 0.110588 0.121835 0.14247 0.126887 0.140505 0.119307 0.125491 0.22852 0.147811 0.167762 0.148209 0.150425 0.18743 0.144384 0.125887 0.151725
0.146326 0.150089 0.15335 0.141051 0.12587 0.142839 0.146487 0.139387 0.15175 0.110588 0.121835 0.14247 0.126887 0.140505 0.119307 0.125491 0.22852 0.147811 0.167762 0.148209 0.150425 0.18743 0.144384 0.125887 0.151725
0.146326 0.150089 0.15335 0.141051 0.12587 0.142839 0.146487 0.139387 0.15175 0.110588 0.121835 0.14247 0.126887 0.140505 0.119307 0.125491 0.22852 0.147811 0.167762 0.148209 0.150425 0.18743 0.144384 0.125887 0.151725
0.146326 0.150089 0.15335 0.141051 0.12587 0.142839 0.146487 0.139387 0.15175 0.110588 0.121835 0.14247 0.126887 0.140505 0.119307 0.125491 0.22852 0.147811 0.167762 0.148209 0.150425 0.18743 0.144384 0.125887 0.151725
0.146326 0.150089 0.15335 0.141051 0.12587 0.142839 0.146487 0.139387 0.15175 0.110588 0.121835 0.14247 0.126887 0.140505 0.119307 0.125491 0.22852 0.147811 0.167762 0.148209 0.150425 0.18743 0.144384 0.125887 0.151725
0.146326 0.150089 0.15335 0.141051 0.12587 0.142839 0.146487 0.139387 0.15175 0.110588 0.121835 0.14247 0.126887 0.140505 0.119307 0.125491 0.22852 0.147811 0.167762 0.148209 0.150425 0.18743 0.144384 0.125887 0.151725
0.146326 0.150089 0.15335 0.141051 0.12587 0.142839 0.146487 0.139387 0.15175 0.110588 0.121835 0.14247 0.126887 0.140505 0.119307 0.125491 0.22852 0.147811 0.167762 0.148209 0.150425 0.18743 0.144384 0.125887 0.151725
0.146326 0.150089 0.15335 0.141051 0.12587 0.142839 0.146487 0.139387 0.15175 0.110588 0.121835 0.14247 0.126887 0.140505 0.119307 0.125491 0.22852 0.147811 0.167762 0.148209 0.150425 0.18743 0.144384 0.125887 0.151725
0.146326 0.150089 0.15335 0.141051 0.12587 0.142839 0.146487 0.139387 0.15175 0.110588 0.121835 0.14247 0.126887 0.140505 0.119307 0.125491 0.22852 0.147811 0.167762 0.148209 0.150425 0.18743 0.144384 0.125887 0.151725
0.146326 0.150089 0.15335 0.141051 0.12587 0.142839 0.146487 0.139387 0.15175 0.110588 0.121835 0.14247 0.126887 0.140505 0.119307 0.125491 0.22852 0.147811 0.167762 0.148209 0.150425 0.18743 0.144384 0.125887 0.151725
0.146326 0.150089 0.15335 0.141051 0.12587 0.142839 0.146487 0.139387 0.15175 0.110588 0.121835 0.14247 0.126887 0.140505 0.119307 0.125491 0.22852 0.147811 0.167762 0.148209 0.150425 0.18743 0.144384 0.125887 0.151725
0.146326 0.150089 0.15335 0.141051 0.12587 0.142839 0.146487 0.139387 0.15175 0.110588 0.121835 0.14247 0.126887 0.140505 0.119307 0.125491 0.22852 0.147811 0.167762 0.148209 0.150425 0.18743 0.144384 0.125887 0.151725
0.146326 0.150089 0.15335 0.141051 0.12587 0.142839 0.146487 0.139387 0.15175 0.110588 0.121835 0.14247 0.126887 0.140505 0.119307 0.125491 0.22852 0.147811 0.167762 0.148209 0.150425 0.18743 0.144384 0.125887 0.151725
0.146326 0.150089 0.15335 0.141051 0.12587 0.142839 0.146487 0.139387 0.15175 0.110588 0.121835 0.14247 0.126887 0.140505 0.119307 0.125491 0.22852 0.147811 0.167762 0.148209 0.150425 0.18743 0.144384 0.125887 0.151725
0.146326 0.150089 0.15335 0.141051 0.12587 0.142839 0.146487 0.139387 0.15175 0.110588 0.121835 0.14247 0.126887 0.140505 0.119307 0.125491 0.22852 0.147811 0.167762 0.148209 0.150425 0.18743 0.144384 0.125887 0.151725
0.146326 0.150089 0.15335 0.141051 0.12587 0.142839 0.146487 0.139387 0.15175 0.110588 0.121835 0.14247 0.126887 0.140505 0.119307 0.125491 0.22852 0.147811 0.167762 0.148209 0.150425 0.18743 0.144384 0.125887 0.151725
0.146326 0.150089 0.15335 0.141051 0.12587 0.142839 0.146487 0.139387 0.15175 0.110588 0.121835 0.14247 0.126887 0.140505 0.119307 0.125491 0.22852 0.147811 0.167762 0.148209 0.150425 0.18743 0.144384 0.125887 0.151725
0.146326 0.150089 0.15335 0.141051 0.12587 0.142839 0.146487 0.139387 0.15175 0.110588 0.121835 0.14247 0.126887 0.140505 0.119307 0.125491 0.22852 0.147811 0.167762 0.148209 0.150425 0.18743 0.144384 0.125887 0.151725
0.146326 0.150089 0.15335 0.141051 0.12587 0.142839 0.146487 0.139387 0.15175 0.110588 0.121835 0.14247 0.126887 0.140505 0.119307 0.125491 0.22852 0.147811 0.167762 0.148209 0.150425 0.18743 0.144384 0.125887 0.151725
0.146326 0.150089 0.15335 0.141051 0.12587 0.142839 0.146487 0.139387 0.15175 0.110588 0.121835 0.14247 0.126887 0.140505 0.119307 0.125491 0.22852 0.147811 0.167762 0.148209 0.150425 0.18743 0.144384 0.125887 0.151725
0.146326 0.150089 0.15335 0.141051 0.12587 0.142839 0.146487 0.139387 0.15175 0.110588 0.121835 0.14247 0.126887 0.140505 0.119307 0.125491 0.22852 0.147811 0.167762 0.148209 0.150425 0.18743 0.144384 0.125887 0.151725
0.146326 0.150089 0.15335 0.141051 0.12587 0.142839 0.146487 0.139387 0.15175 0.110588 0.121835 0.14247 0.126887 0.140505 0.119307 0.125491 0.22852 0.147811 0.167762 0.148209 0.150425 0.18743 0.144384 0.125887 0.151725
0.146326 0.150089 0.15335 0.141051 0.12587 0.142839 0.146487 0.139387 0.15175 0.110588 0.121835 0.14247 0.126887 0.140505 0.119307 0.125491 0.22852 0.147811 0.167762 0.148209 0.150425 0.18743 0.144384 0.125887 0.151725
0.146326 0.150089 0.15335 0.141051 0.12587 0.142839 0.146487 0.139387 0.15175 0.110588 0.121835 0.14247 0.126887 0.140505 0.119307 0.125491 0.22852 0.147811 0.167762 0.148209 0.150425 0.18743 0.144384 0.125887 0.151725
0.146326 0.150089 0.15335 0.141051 0.12587 0.142839 0.146487 0.139387 0.15175 0.110588 0.121835 0.14247 0.126887 0.140505 0.119307 0.125491 0.22852 0.147811 0.167762 0.148209 0.150425 0.18743 0.144384 0.125887 0.151725
0.146326 0.150089 0.15335 0.141051 0.12587 0.142839 0.146487 0.139387 0.15175 0.110588 0.121835 0.14247 0.126887 0.140505 0.119307 0.125491 0.22852 0.147811 0.167762 0.148209 0.150425 0.18743 0.144384 0.125887 0.151725
0.146326 0.150089 0.15335 0.141051 0.12587 0.142839 0.146487 0.139387 0.15175 0.110588 0.121835 0.14247 0.126887 0.140505 0.119307 0.125491 0.22852 0.147811 0.167762 0.148209 0.150425 0.18743 0.144384 0.125887 0.151725
0.146326 0.150089 0.15335 0.141051 0.12587 0.142839 0.146487 0.139387 0.15175 0.110588 0.121835 0.14247 0.126887 0.140505 0.119307 0.125491 0.22852 0.147811 0.167762 0.148209 0.150425 0.18743 0.144384 0.125887 0.151725
0.146326 0.150089 0.15335 0.141051 0.12587 0.142839 0.146487 0.139387 0.15175 0.110588 0.121835 0.14247 0.126887 0.140505 0.119307 0.125491 0.22852 0.147811 0.167762 0.148209 0.150425 0.18743 0.144384 0.125887 0.151725
0.146326 0.150089 0.15335 0.141051 0.12587 0.142839 0.146487 0.139387 0.15175 0.110588 0.121835 0.14247 0.126887 0.140505 0.119307 0.125491 0.22852 0.147811 0.167762 0.148209 0.150425 0.18743 0.144384 0.125887 0.151725
0.146326 0.150089 0.15335 0.141051 0.12587 0.142839 0.146487 0.139387 0.15175 0.110588 0.121835 0.14247 0.126887 0.140505 0.119307 0.125491 0.22852 0.147811 0.167762 0.148209 0.150425 0.18743 0.144384 0.125887 0.151725
0.146326 0.150089 0.15335 0.141051 0.12587 0.142839 0.146487 0.139387 0.15175 0.110588 0.121835 0.14247 0.126887 0.140505 0.119307 0.125491 0.22852 0.147811 0.167762 0.148209 0.150425 0.18743 0.144384 0.125887 0.151725
0.146326 0.150089 0.15335 0.141051 0.12587 0.142839 0.146487 0.139387 0.15175 0.110588 0.121835 0.14247 0.126887 0.140505 0.119307 0.125491 0.22852 0.147811 0.167762 0.148209 0.150425 0.18743 0.144384 0.125887 0.151725
0.146326 0.150089 0.15335 0.141051 0.12587 0.142839 0.146487 0.139387 0.15175 0.110588 0.121835 0.14247 0.126887 0.140505 0.119307 0.125491 0.22852 0.147811 0.167762 0.148209 0.150425 0.18743 0.144384 0.125887 0.151725
0.146326 0.150089 0.15335 0.141051 0.12587 0.142839 0.146487 0.139387 0.15175 0.110588 0.121835 0.14247 0.126887 0.140505 0.119307 0.125491 0.22852 0.147811 0.167762 0.148209 0.150425 0.18743 0.144384 0.125887 0.151725
0.146326 0.150089 0.15335 0.141051 0.12587 0.142839 0.146487 0.139387 0.15175 0.110588 0.121835 0.14247 0.126887 0.140505 0.119307 0.125491 0.22852 0.147811 0.167762 0.148209 0.150425 0.18743 0.144384 0.125887 0.151725
0.146326 0.150089 0.15335 0.141051 0.12587 0.142839 0.146487 0.139387 0.15175 0.110588 0.121835 0.14247 0.126887 0.140505 0.119307 0.125491 0.22852 0.147811 0.167762 0.148209 0.150425 0.18743 0.144384 0.125887 0.151725
0.146326 0.150089 0.15335 0.141051 0.12587 0.142839 0.146487 0.139387 0.15175 0.110588 0.121835 0.14247 0.126887 0.140505 0.119307 0.125491 0.22852 0.147811 0.167762 0.148209 0.150425 0.18743 0.144384 0.125887 0.151725
0.146326 0.150089 0.15335 0.141051 0.12587 0.142839 0.146487 0.139387 0.15175 0.110588 0.121835 0.14247 0.126887 0.140505 0.119307 0.125491 0.22852 0.147811 0.167762 0.148209 0.150425 0.18743 0.144384 0.125887 0.151725
0.146326 0.150089 0.15335 0.141051 0.12587 0.142839 0.146487 0.139387 0.15175 0.110588 0.121835 0.14247 0.126887 0.140505 0.119307 0.125491 0.22852 0.147811 0.167762 0.148209 0.150425 0.18743 0.144384 0.125887 0.151725
0.146326 0.150089 0.15335 0.141051 0.12587 0.142839 0.146487 0.139387 0.15175 0.110588 0.121835 0.14247 0.126887 0.140505 0.119307 0.125491 0.22852 0.147811 0.167762 0.148209 0.150425 0.18743 0.144384 0.125887 0.151725
0.146326 0.150089 0.15335 0.141051 0.12587 0.142839 0.146487 0.139387 0.15175 0.110588 0.121835 0.14247 0.126887 0.140505 0.119307 0.125491 0.22852 0.147811 0.167762 0.148209 0.150425 0.18743 0.144384 0.125887 0.151725
0.146326 0.150089 0.15335 0.141051 0.12587 0.142839 0.146487 0.139387 0.15175 0.110588 0.121835 0.14247 0.126887 0.140505 0.119307 0.125491 0.22852 0.147811 0.167762 0.148209 0.150425 0.18743 0.144384 0.125887 0.151725
0.146326 0.150089 0.15335 0.141051 0.12587 0.142839 0.146487 0.139387 0.15175 0.110588 0.121835 0.14247 0.126887 0.140505 0.119307 0.125491 0.22852 0.147811 0.167762 0.148209 0.150425 0.18743 0.144384 0.125887 0.151725
0.146326 0.150089 0.15335 0.141051 0.12587 0.142839 0.146487 0.139387 0.15175 0.110588 0.121835 0.14247 0.126887 0.140505 0.119307 0.125491 0.22852 0.147811 0.167762 0.148209 0.150425 0.18743 0.144384 0.125887 0.151725
0.146326 0.150089 0.15335 0.141051 0.12587 0.142839 0.146487 0.139387 0.15175 0.110588 0.121835 0.14247 0.126887 0.140505 0.119307 0.125491 0.22852 0.147811 0.167762 0.148209 0.150425 0.18743 0.144384 0.125887 0.151725
0.146326 0.150089 0.15335 0.141051 0.12587 0.142839 0.146487 0.139387 0.15175 0.110588 0.121835 0.14247 0.126887 0.140505 0.119307 0.125491 0.22852 0.147811 0.167762 0.148209 0.150425 0.18743 0.144384 0.125887 0.151725
0.146326 0.150089 0.15335 0.141051 0.12587 0.142839 0.146487 0.139387 0.15175 0.110588 0.121835 0.14247 0.126887 0.140505 0.119307 0.125491 0.22852 0.147811 0.167762 0.148209 0.150425 0.18743 0.144384 0.125887 0.151725
0.146326 0.150089 0.15335 0.141051 0.12587 0.142839 0.146487 0.139387 0.15175 0.110588 0.121835 0.14247 0.126887 0.140505 0.119307 0.125491 0.22852 0.147811 0.167762 0.148209 0.150425 0.18743 0.144384 0.125887 0.151725
0.146326 0.150089 0.15335 0.141051 0.12587 0.142839 0.146487 0.139387 0.15175 0.110588 0.121835 0.14247 0.126887 0.140505 0.119307 0.125491 0.22852 0.147811 0.167762 0.148209 0.150425 0.18743 0.144384 0.125887 0.151725
0.146326 0.150089 0.15335 0.141051 0.12587 0.142839 0.146487 0.139387 0.15175 0.110588 0.121835 0.14247 0.126887 0.140505 0.119307 0.125491 0.22852 0.147811 0.167762 0.148209 0.150425 0.18743 0.144384 0.125887 0.151725
0.146326 0.150089 0.15335 0.141051 0.12587 0.142839 0.146487 0.139387 0.15175 0.110588 0.121835 0.14247 0.126887 0.140505 0.119307 0.125491 0.22852 0.147811 0.167762 0.148209 0.150425 0.18743 0.144384 0.125887 0.151725
0.146326 0.150089 0.15335 0.141051 0.12587 0.142839 0.146487 0.139387 0.15175 0.110588 0.121835 0.14247 0.126887 0.140505 0.119307 0.125491 0.22852 0.147811 0.167762 0.148209 0.150425 0.18743 0.144384 0.125887 0.151725
0.146326 0.150089 0.15335 0.141051 0.12587 0.142839 0.146487 0.139387 0.15175 0.110588 0.121835 0.14247 0.126887 0.140505 0.119307 0.125491 0.22852 0.147811 0.167762 0.148209 0.150425 0.18743 0.144384 0.125887 0.151725
0.146326 0.150089 0.15335 0.141051 0.12587 0.142839 0.146487 0.139387 0.15175 0.110588 0.121835 0.14247 0.126887 0.140505 0.119307 0.125491 0.22852 0.147811 0.167762 0.148209 0.150425 0.18743 0.144384 0.125887 0.151725
0.146326 0.150089 0.15335 0.141051 0.12587 0.142839 0.146487 0.139387 0.15175 0.110588 0.121835 0.14247 0.126887 0.140505 0.119307 0.125491 0.22852 0.147811 0.167762 0.148209 0.150425 0.18743 0.144384 0.125887 0.151725
0.146326 0.150089 0.15335 0.141051 0.12587 0.142839 0.146487 0.139387 0.15175 0.110588 0.121835 0.14247 0.126887 0.140505 0.119307 0.125491 0.22852 0.147811 0.167762 0.148209 0.150425 0.18743 0.144384 0.125887 0.151725
0.146326 0.150089 0.15335 0.141051 0.12587 0.142839 0.146487 0.139387 0.15175 0.110588 0.121835 0.14247 0.126887 0.140505 0.119307 0.125491 0.22852 0.147811 0.167762 0.148209 0.150425 0.18743 0.144384 0.125887 0.151725
0.146326 0.150089 0.15335 0.141051 0.12587 0.142839 0.146487 0.139387 0.15175 0.110588 0.121835 0.14247 0.126887 0.140505 0.119307 0.125491 0.22852 0.147811 0.167762 0.148209 0.150425 0.18743 0.144384 0.125887 0.151725
0.146326 0.150089 0.15335 0.141051 0.12587 0.142839 0.146487 0.139387 0.15175 0.110588 0.121835 0.14247 0.126887 0.140505 0.119307 0.125491 0.22852 0.147811 0.167762 0.148209 0.150425 0.18743 0.144384 0.125887 0.151725
0.146326 0.150089 0.15335 0.141051 0.12587 0.142839 0.146487 0.139387 0.15175 0.110588 0.121835 0.14247 0.126887 0.140505 0.119307 0.125491 0.22852 0.147811 0.167762 0.148209 0.150425 0.18743 0.144384 0.125887 0.151725
0.146326 0.150089 0.15335 0.141051 0.12587 0.142839 0.146487 0.139387 0.15175 0.110588 0.121835 0.14247 0.126887 0.140505 0.119307 0.125491 0.22852 0.147811 0.167762 0.148209 0.150425 0.18743 0.144384 0.125887 0.151725
0.146326 0.150089 0.15335 0.141051 0.12587 0.142839 0.146487 0.139387 0.15175 0.110588 0.121835 0.14247 0.126887 0.140505 0.119307 0.125491 0.22852 0.147811 0.167762 0.148209 0.150425 0.18743 0.144384 0.125887 0.151725
0.146326 0.150089 0.15335 0.141051 0.12587 0.142839 0.146487 0.139387 0.15175 0.110588 0.121835 0.14247 0.126887 0.140505 0.119307 0.125491 0.22852 0.147811 0.167762 0.148209 0.150425 0.18743 0.144384 0.125887 0.151725
0.146326 0.150089 0.15335 0.141051 0.12587 0.142839 0.146487 0.139387 0.15175 0.110588 0.121835 0.14247 0.126887 0.140505 0.119307 0.125491 0.22852 0.147811 0.167762 0.148209 0.150425 0.18743 0.144384 0.125887 0.151725
0.146326 0.150089 0.15335 0.141051 0.12587 0.142839 0.146487 0.139387 0.15175 0.110588 0.121835 0.14247 0.126887 0.140505 0.119307 0.125491 0.22852 0.147811 0.167762 0.148209 0.150425 0.18743 0.144384 0.125887 0.151725
0.146326 0.150089 0.15335 0.141051 0.12587 0.142839 0.146487 0.139387 0.15175 0.110588 0.121835 0.14247 0.126887 0.140505 0.119307 0.125491 0.22852 0.147811 0.167762 0.148209 0.150425 0.18743 0.144384 0.125887 0.151725
0.146326 0.150089 0.15335 0.141051 0.12587 0.142839 0.146487 0.139387 0.15175 0.110588 0.121835 0.14247 0.126887 0.140505 0.119307 0.125491 0.22852 0.147811 0.167762 0.148209 0.150425 0.18743 0.144384 0.125887 0.151725
0.146326 0.150089 0.15335 0.141051 0.12587 0.142839 0.146487 0.139387 0.15175 0.110588 0.121835 0.14247 0.126887 0.140505 0.119307 0.125491 0.22852 0.147811 0.167762 0.148209 0.150425 0.18743 0.144384 0.125887 0.151725
0.146326 0.150089 0.15335 0.141051 0.12587 0.142839 0.146487 0.139387 0.15175 0.110588 0.121835 0.14247 0.126887 0.140505 0.119307 0.125491 0.22852 0.147811 0.167762 0.148209 0.150425 0.18743 0.144384 0.125887 0.151725
0.146326 0.150089 0.15335 0.141051 0.12587 0.142839 0.146487 0.139387 0.15175 0.110588 0.121835 0.14247 0.126887 0.140505 0.119307 0.125491 0.22852 0.147811 0.167762 0.148209 0.150425 0.18743 0.144384 0.125887 0.151725
0.146326 0.150089 0.15335 0.141051 0.12587 0.142839 0.146487 0.139387 0.15175 0.110588 0.121835 0.14247 0.126887 0.140505 0.119307 0.125491 0.22852 0.147811 0.167762 0.148209 0.150425 0.18743 0.144384 0.125887 0.151725
0.146326 0.150089 0.15335 0.141051 0.12587 0.142839 0.146487 0.139387 0.15175 0.110588 0.121835 0.14247 0.126887 0.140505 0.119307 0.125491 0.22852 0.147811 0.167762 0.148209 0.150425 0.18743 0.144384 0.125887 0.151725
0.146326 0.150089 0.15335 0.141051 0.12587 0.142839 0.146487 0.139387 0.15175 0.110588 0.121835 0.14247 0.126887 0.140505 0.119307 0.125491 0.22852 0.147811 0.167762 0.148209 0.150425 0.18743 0.144384 0.125887 0.151725
0.146326 0.150089 0.15335 0.141051 0.12587 0.142839 0.146487 0.139387 0.15175 0.110588 0.121835 0.14247 0.126887 0.140505 0.119307 0.125491 0.22852 0.147811 0.167762 0.148209 0.150425 0.18743 0.144384 0.125887 0.151725
0.146326 0.150089 0.15335 0.141051 0.12587 0.142839 0.146487 0.139387 0.15175 0.110588 0.121835 0.14247 0.126887 0.140505 0.119307 0.125491 0.22852 0.147811 0.167762 0.148209 0.150425 0.18743 0.144384 0.125887 0.151725
0.146326 0.150089 0.15335 0.141051 0.12587 0.142839 0.146487 0.139387 0.15175 0.110588 0.121835 0.14247 0.126887 0.140505 0.119307 0.125491 0.22852 0.147811 0.167762 0.148209 0.150425 0.18743 0.144384 0.125887 0.151725
0.146326 0.150089 0.15335 0.141051 0.12587 0.142839 0.146487 0.139387 0.15175 0.110588 0.121835 0.14247 0.126887 0.140505 0.119307 0.125491 0.22852 0.147811 0.167762 0.148209 0.150425 0.18743 0.144384 0.125887 0.151725
0.146326 0.150089 0.15335 0.141051 0.12587 0.142839 0.146487 0.139387 0.15175 0.110588 0.121835 0.14247 0.126887 0.140505 0.119307 0.125491 0.22852 0.147811 0.167762 0.148209 0.150425 0.18743 0.144384 0.125887 0.151725
0.146326 0.150089 0.15335 0.141051 0.12587 0.142839 0.146487 0.139387 0.15175 0.110588 0.121835 0.14247 0.126887 0.140505 0.119307 0.125491 0.22852 0.147811 0.167762 0.148209 0.150425 0.18743 0.144384 0.125887 0.151725
0.146326 0.150089 0.15335 0.141051 0.12587 0.142839 0.146487 0.139387 0.15175 0.110588 0.121835 0.14247 0.126887 0.140505 0.119307 0.125491 0.22852 0.147811 0.167762 0.148209 0.150425 0.18743 0.144384 0.125887 0.151725
0.146326 0.150089 0.15335 0.141051 0.12587 0.142839 0.146487 0.139387 0.15175 0.110588 0.121835 0.14247 0.126887 0.140505 0.119307 0.125491 0.22852 0.147811 0.167762 0.148209 0.150425 0.18743 0.144384 0.125887 0.151725
0.146326 0.150089 0.15335 0.141051 0.12587 0.142839 0.146487 0.139387 0.15175 0.110588 0.121835 0.14247 0.126887 0.140505 0.119307 0.125491 0.22852 0.147811 0.167762 0.148209 0.150425 0.18743 0.144384 0.125887 0.151725
0.146326 0.150089 0.15335 0.141051 0.12587 0.142839 0.146487 0.139387 0.15175 0.110588 0.121835 0.14247 0.126887 0.140505 0.119307 0.125491 0.22852 0.147811 0.167762 0.148209 0.150425 0.18743 0.144384 0.125887 0.151725
0.146326 0.150089 0.15335 0.141051 0.12587 0.142839 0.146487 0.139387 0.15175 0.110588 0.121835 0.14247 0.126887 0.140505 0.119307 0.125491 0.22852 0.147811 0.167762 0.148209 0.150425 0.18743 0.144384 0.125887 0.151725
0.146326 0.150089 0.15335 0.141051 0.12587 0.142839 0.146487 0.139387 0.15175 0.110588 0.121835 0.14247 0.126887 0.140505 0.119307 0.125491 0.22852 0.147811 0.167762 0.148209 0.150425 0.18743 0.144384 0.125887 0.151725
0.146326 0.150089 0.15335 0.141051 0.12587 0.142839 0.146487 0.139387 0.15175 0.110588 0.121835 0.14247 0.126887 0.140505 0.119307 0.125491 0.22852 0.147811 0.167762 0.148209 0.150425 0.18743 0.144384 0.125887 0.151725
0.146326 0.150089 0.15335 0.141051 0.12587 0.142839 0.146487 0.139387 0.15175 0.110588 0.121835 0.14247 0.126887 0.140505 0.119307 0.125491 0.22852 0.147811 0.167762 0.148209 0.150425 0.18743 0.144384 0.125887 0.151725
0.146326 0.150089 0.15335 0.141051 0.12587 0.142839 0.146487 0.139387 0.15175 0.110588 0.121835 0.14247 0.126887 0.140505 0.119307 0.125491 0.22852 0.147811 0.167762 0.148209 0.150425 0.18743 0.144384 0.125887 0.151725
0.146326 0.150089 0.15335 0.141051 0.12587 0.142839 0.146487 0.139387 0.15175 0.110588 0.121835 0.14247 0.126887 0.140505 0.119307 0.125491 0.22852 0.147811 0.167762 0.148209 0.150425 0.18743 0.144384 0.125887 0.151725
0.146326 0.150089 0.15335 0.141051 0.12587 0.142839 0.146487 0.139387 0.15175 0.110588 0.121835 0.14247 0.126887 0.140505 0.119307 0.125491 0.22852 0.147811 0.167762 0.148209 0.150425 0.18743 0.144384 0.125887 0.151725
0.146326 0.150089 0.15335 0.141051 0.12587 0.142839 0.146487 0.139387 0.15175 0.110588 0.121835 0.14247 0.126887 0.140505 0.119307 0.125491 0.22852 0.147811 0.167762 0.148209 0.150425 0.18743 0.144384 0.125887 0.151725
0.146326 0.150089 0.15335 0.141051 0.12587 0.142839 0.146487 0.139387 0.15175 0.110588 0.121835 0.14247 0.126887 0.140505 0.119307 0.125491 0.22852 0.147811 0.167762 0.148209 0.150425 0.18743 0.144384 0.125887 0.151725
0.146326 0.150089 0.15335 0.141051 0.12587 0.142839 0.146487 0.139387 0.15175 0.110588 0.121835 0.14247 0.126887 0.140505 0.119307 0.125491 0.22852 0.147811 0.167762 0.148209 0.150425 0.18743 0.144384 0.125887 0.151725
0.146326 0.150089 0.15335 0.141051 0.12587 0.142839 0.146487 0.139387 0.15175 0.110588 0.121835 0.14247 0.126887 0.140505 0.119307 0.125491 0.22852 0.147811 0.167762 0.148209 0.150425 0.18743 0.144384 0.125887 0.151725
0.146326 0.150089 0.15335 0.141051 0.12587 0.142839 0.146487 0.139387 0.15175 0.110588 0.121835 0.14247 0.126887 0.140505 0.119307 0.125491 0.22852 0.147811 0.167762 0.148209 0.150425 0.18743 0.144384 0.125887 0.151725
0.146326 0.150089 0.15335 0.141051 0.12587 0.142839 0.146487 0.139387 0.15175 0.110588 0.121835 0.14247 0.126887 0.140505 0.119307 0.125491 0.22852 0.147811 0.167762 0.148209 0.150425 0.18743 0.144384 0.125887 0.151725
0.146326 0.150089 0.15335 0.141051 0.12587 0.142839 0.146487 0.139387 0.15175 0.110588 0.121835 0.14247 0.126887 0.140505 0.119307 0.125491 0.22852 0.147811 0.167762 0.148209 0.150425 0.18743 0.144384 0.125887 0.151725
0.146326 0.150089 0.15335 0.141051 0.12587 0.142839 0.146487 0.139387 0.15175 0.110588 0.121835 0.14247 0.126887 0.140505 0.119307 0.125491 0.22852 0.147811 0.167762 0.148209 0.150425 0.18743 0.144384 0.125887 0.151725
0.146326 0.150089 0.15335 0.141051 0.12587 0.142839 0.146487 0.139387 0.15175 0.110588 0.121835 0.14247 0.126887 0.140505 0.119307 0.125491 0.22852 0.147811 0.167762 0.148209 0.150425 0.18743 0.144384 0.125887 0.151725
0.146326 0.150089 0.15335 0.141051 0.12587 0.142839 0.146487 0.139387 0.15175 0.110588 0.121835 0.14247 0.126887 0.140505 0.119307 0.125491 0.22852 0.147811 0.167762 0.148209 0.150425 0.18743 0.144384 0.125887 0.151725
0.146326 0.150089 0.15335 0.141051 0.12587 0.142839 0.146487 0.139387 0.15175 0.110588 0.121835 0.14247 0.126887 0.140505 0.119307 0.125491 0.22852 0.147811 0.167762 0.148209 0.150425 0.18743 0.144384 0.125887 0.151725
0.146326 0.150089 0.15335 0.141051 0.12587 0.142839 0.146487 0.139387 0.15175 0.110588 0.121835 0.14247 0.126887 0.140505 0.119307 0.125491 0.22852 0.147811 0.167762 0.148209 0.150425 0.18743 0.144384 0.125887 0.151725
0.146326 0.150089 0.15335 0.141051 0.12587 0.142839 0.146487 0.139387 0.15175 0.110588 0.121835 0.14247 0.126887 0.140505 0.119307 0.125491 0.22852 0.147811 0.167762 0.148209 0.150425 0.18743 0.144384 0.125887 0.151725
0.146326 0.150089 0.15335 0.141051 0.12587 0.142839 0.146487 0.139387 0.15175 0.110588 0.121835 0.14247 0.126887 0.140505 0.119307 0.125491 0.22852 0.147811 0.167762 0.148209 0.150425 0.18743 0.144384 0.125887 0.151725
0.146326 0.150089 0.15335 0.141051 0.12587 0.142839 0.146487 0.139387 0.15175 0.110588 0.121835 0.14247 0.126887 0.140505 0.119307 0.125491 0.22852 0.147811 0.167762 0.148209 0.150425 0.18743 0.144384 0.125887 0.151725
0.146326 0.150089 0.15335 0.141051 0.12587 0.142839 0.146487 0.139387 0.15175 0.110588 0.121835 0.14247 0.126887 0.140505 0.119307 0.125491 0.22852 0.147811 0.167762 0.148209 0.150425 0.18743 0.144384 0.125887 0.151725
0.146326 0.150089 0.15335 0.141051 0.12587 0.142839 0.146487 0.139387 0.15175 0.110588 0.121835 0.14247 0.126887 0.140505 0.119307 0.125491 0.22852 0.147811 0.167762 0.148209 0.150425 0.18743 0.144384 0.125887 0.151725
0.146326 0.150089 0.15335 0.141051 0.12587 0.142839 0.146487 0.139387 0.15175 0.110588 0.121835 0.14247 0.126887 0.140505 0.119307 0.125491 0.22852 0.147811 0.167762 0.148209 0.150425 0.18743 0.144384 0.125887 0.151725
0.146326 0.150089 0.15335 0.141051 0.12587 0.142839 0.146487 0.139387 0.15175 0.110588 0.121835 0.14247 0.126887 0.140505 0.119307 0.125491 0.22852 0.147811 0.167762 0.148209 0.150425 0.18743 0.144384 0.125887 0.151725
0.146326 0.150089 0.15335 0.141051 0.12587 0.142839 0.146487 0.139387 0.15175 0.110588 0.121835 0.14247 0.126887 0.140505 0.119307 0.125491 0.22852 0.147811 0.167762 0.148209 0.150425 0.18743 0.144384 0.125887 0.151725
