0.239222 0.249361 0.216844 0.192069 0.165404 0.193485 0.239363 0.211796 0.250813 0.317075 0.166853 0.193194 0.166087 0.212892 0.127785 0.165149 0.164908 0.240526 0.284115 0.24788 0.249655 0.335049 0.237503 0.165416 0.215507
0.325967 0.336629 0.287336 0.28433 0.247994 0.286473 0.326165 0.296121 0.338634 0.345793 0.250479 0.286033 0.249165 0.297531 0.226815 0.247555 0.247141 0.327786 0.328526 0.334582 0.337035 0.384976 0.323568 0.248014 0.285491
0.31103 0.323576 0.256728 0.259657 0.223901 0.261664 0.311223 0.276751 0.325549 0.32281 0.226368 0.261252 0.225064 0.278032 0.188202 0.223467 0.223056 0.312806 0.312293 0.321563 0.323976 0.379723 0.308687 0.223921 0.255015
0.321901 0.335985 0.254258 0.265443 0.22976 0.26749 0.322099 0.28425 0.338001 0.315549 0.23231 0.26707 0.230962 0.285568 0.188167 0.229311 0.228887 0.323716 0.311452 0.333927 0.336393 0.387012 0.319507 0.229781 0.252542
0.32451 0.34002 0.24575 0.262396 0.227658 0.264426 0.324708 0.284013 0.342045 0.305644 0.230203 0.264009 0.228858 0.285324 0.179045 0.22721 0.226786 0.326329 0.307237 0.337954 0.34043 0.389596 0.322109 0.227679 0.24407
0.328636 0.345395 0.240472 0.261629 0.22789 0.263657 0.328835 0.285758 0.347433 0.298126 0.23044 0.263241 0.229091 0.287075 0.173841 0.227441 0.227016 0.330465 0.304788 0.343314 0.345808 0.392416 0.326221 0.227911 0.238812
0.331675 0.349554 0.235671 0.260147 0.227535 0.262169 0.331874 0.286819 0.351602 0.29139 0.230082 0.261754 0.228735 0.288138 0.168878 0.227086 0.226662 0.333511 0.302564 0.347464 0.349969 0.394314 0.329251 0.227555 0.23403
0.334437 0.353308 0.231886 0.258822 0.227377 0.260838 0.334638 0.287929 0.355364 0.285694 0.229924 0.260424 0.228577 0.28925 0.164944 0.226928 0.226505 0.33628 0.300906 0.351209 0.353724 0.395759 0.332005 0.227398 0.230261
0.336776 0.356527 0.228779 0.257454 0.227195 0.259463 0.336977 0.28889 0.35859 0.280791 0.229741 0.259051 0.228395 0.290213 0.161651 0.226747 0.226323 0.338624 0.299617 0.354421 0.356945 0.396753 0.334336 0.227216 0.227166
0.338797 0.359331 0.226273 0.256128 0.227047 0.258132 0.338998 0.289762 0.3614 0.276592 0.229591 0.25772 0.228246 0.291086 0.158948 0.226599 0.226176 0.340649 0.298661 0.357219 0.35975 0.397409 0.336351 0.227068 0.224671
0.340528 0.361763 0.224247 0.254846 0.226915 0.256844 0.34073 0.290536 0.363837 0.272986 0.229458 0.256434 0.228113 0.291862 0.156719 0.226467 0.226044 0.342385 0.297964 0.359645 0.362183 0.397794 0.338077 0.226936 0.222654
0.342014 0.363876 0.222616 0.253627 0.226801 0.25562 0.342216 0.291226 0.365954 0.269889 0.229343 0.255211 0.227999 0.292553 0.154883 0.226353 0.22593 0.343873 0.297477 0.361754 0.364297 0.397969 0.339558 0.226822 0.22103
0.343285 0.365714 0.221304 0.252478 0.226702 0.254466 0.343488 0.291839 0.367796 0.267224 0.229243 0.254058 0.2279 0.293167 0.153368 0.226255 0.225832 0.345148 0.297155 0.363588 0.366136 0.397987 0.340826 0.226723 0.219723
0.344373 0.367317 0.220249 0.251406 0.226617 0.253389 0.344575 0.292382 0.369402 0.264928 0.229157 0.252982 0.227814 0.293711 0.152118 0.22617 0.225747 0.346238 0.29696 0.365187 0.367739 0.397888 0.341911 0.226638 0.218673
0.345302 0.368715 0.219403 0.250413 0.226543 0.252391 0.345505 0.292863 0.370803 0.262948 0.229083 0.251985 0.22774 0.294193 0.151084 0.226096 0.225673 0.347169 0.296863 0.366583 0.369138 0.397705 0.342837 0.226564 0.21783
0.346094 0.369939 0.218723 0.249499 0.22648 0.251473 0.346297 0.293289 0.37203 0.261237 0.22902 0.251068 0.227677 0.294619 0.150227 0.226033 0.22561 0.347962 0.29684 0.367804 0.370363 0.397463 0.343627 0.226501 0.217153
0.346768 0.371013 0.218177 0.248663 0.226426 0.250634 0.346971 0.293666 0.373105 0.259758 0.228965 0.250229 0.227622 0.294997 0.149515 0.225979 0.225556 0.348638 0.296871 0.368876 0.371436 0.397185 0.344299 0.226447 0.21661
0.34734 0.371956 0.217739 0.247903 0.226379 0.24987 0.347543 0.294 0.37405 0.258477 0.228918 0.249466 0.227575 0.295332 0.148922 0.225932 0.22551 0.349211 0.296942 0.369817 0.37238 0.396884 0.34487 0.2264 0.216174
0.347825 0.372787 0.217387 0.247214 0.226339 0.249178 0.348029 0.294295 0.374883 0.257367 0.228877 0.248775 0.227535 0.295628 0.148427 0.225892 0.225469 0.349697 0.29704 0.370646 0.373212 0.396572 0.345353 0.22636 0.215823
0.348235 0.373521 0.217104 0.246592 0.226304 0.248554 0.348438 0.294557 0.375618 0.256403 0.228842 0.248151 0.2275 0.295891 0.148011 0.225857 0.225435 0.350108 0.297157 0.371379 0.373946 0.396259 0.345762 0.226325 0.215542
0.34858 0.374171 0.216876 0.246033 0.226274 0.247992 0.348783 0.29479 0.37627 0.255566 0.228812 0.24759 0.22747 0.296123 0.147662 0.225827 0.225405 0.350453 0.297285 0.372028 0.374596 0.395951 0.346106 0.226295 0.215315
0.348869 0.374748 0.216692 0.245532 0.226248 0.247489 0.349072 0.294996 0.376847 0.254838 0.228786 0.247087 0.227444 0.29633 0.147367 0.225802 0.225379 0.350743 0.297419 0.372603 0.375173 0.395651 0.346394 0.226269 0.215131
0.34911 0.375261 0.216544 0.245084 0.226226 0.247038 0.349313 0.295179 0.377362 0.254204 0.228763 0.246637 0.227422 0.296513 0.147117 0.225779 0.225357 0.350984 0.297556 0.373116 0.375687 0.395364 0.346634 0.226247 0.214983
0.349309 0.375719 0.216423 0.244684 0.226207 0.246637 0.349513 0.295341 0.37782 0.253652 0.228744 0.246236 0.227402 0.296676 0.146905 0.22576 0.225338 0.351185 0.297692 0.373573 0.376144 0.395091 0.346833 0.226227 0.214863
0.349474 0.376128 0.216325 0.244328 0.22619 0.246279 0.349678 0.295486 0.37823 0.253171 0.228727 0.245879 0.227385 0.296821 0.146723 0.225743 0.225321 0.351349 0.297825 0.373981 0.376554 0.394833 0.346997 0.226211 0.214766
0.349608 0.376495 0.216245 0.244012 0.226175 0.245962 0.349812 0.295614 0.378598 0.252751 0.228712 0.245561 0.227371 0.296949 0.146568 0.225729 0.225306 0.351484 0.297954 0.374347 0.376921 0.39459 0.347131 0.226196 0.214686
0.349716 0.376824 0.216179 0.243732 0.226163 0.24568 0.34992 0.295729 0.378927 0.252385 0.228699 0.24528 0.227358 0.297064 0.146434 0.225716 0.225294 0.351592 0.298078 0.374676 0.37725 0.394363 0.347239 0.226183 0.214621
0.349801 0.37712 0.216125 0.243484 0.226152 0.245431 0.350005 0.295831 0.379224 0.252065 0.228688 0.245031 0.227347 0.297166 0.146318 0.225705 0.225283 0.351678 0.298196 0.374971 0.377547 0.394151 0.347324 0.226172 0.214567
0.349868 0.377388 0.216081 0.243264 0.226142 0.24521 0.350072 0.295922 0.379492 0.251786 0.228679 0.24481 0.227337 0.297257 0.146218 0.225695 0.225273 0.351745 0.298309 0.375238 0.377814 0.393954 0.347391 0.226163 0.214522
0.349919 0.37763 0.216043 0.24307 0.226134 0.245015 0.350123 0.296003 0.379735 0.251541 0.22867 0.244616 0.227329 0.297339 0.146131 0.225687 0.225265 0.351795 0.298415 0.37548 0.378056 0.393771 0.347441 0.226154 0.214485
0.349955 0.377849 0.216012 0.242899 0.226126 0.244844 0.350159 0.296076 0.379954 0.251328 0.228663 0.244444 0.227322 0.297412 0.146055 0.22568 0.225257 0.351832 0.298514 0.375698 0.378275 0.393601 0.347478 0.226147 0.214454
0.349981 0.378048 0.215986 0.242749 0.22612 0.244693 0.350184 0.296141 0.380154 0.251141 0.228656 0.244293 0.227315 0.297477 0.145988 0.225673 0.225251 0.351857 0.298608 0.375897 0.378474 0.393443 0.347503 0.226141 0.214428
0.349996 0.378229 0.215963 0.242616 0.226114 0.244559 0.3502 0.296199 0.380335 0.250977 0.228651 0.24416 0.22731 0.297535 0.145929 0.225668 0.225245 0.351873 0.298696 0.376078 0.378656 0.393297 0.347518 0.226135 0.214405
0.350003 0.378394 0.215944 0.2425 0.226109 0.244442 0.350207 0.296251 0.3805 0.250834 0.228646 0.244044 0.227305 0.297588 0.145876 0.225663 0.22524 0.35188 0.298779 0.376243 0.378821 0.393162 0.347525 0.22613 0.214386
0.350003 0.378545 0.215927 0.242398 0.226105 0.24434 0.350207 0.296298 0.380651 0.250708 0.228641 0.243941 0.2273 0.297635 0.14583 0.225658 0.225236 0.35188 0.298856 0.376393 0.378971 0.393037 0.347525 0.226126 0.21437
0.349997 0.378683 0.215913 0.242308 0.226101 0.24425 0.350201 0.29634 0.38079 0.250598 0.228638 0.243851 0.227296 0.297677 0.145789 0.225655 0.225232 0.351874 0.298929 0.376531 0.379109 0.392922 0.34752 0.226122 0.214355
0.349987 0.378809 0.2159 0.242229 0.226098 0.244171 0.350191 0.296378 0.380916 0.250502 0.228634 0.243772 0.227293 0.297715 0.145752 0.225651 0.225229 0.351864 0.298996 0.376657 0.379236 0.392814 0.347509 0.226119 0.214343
0.349973 0.378925 0.215889 0.242161 0.226095 0.244102 0.350177 0.296413 0.381033 0.250417 0.228631 0.243703 0.22729 0.297749 0.145719 0.225648 0.225226 0.35185 0.299059 0.376773 0.379352 0.392715 0.347495 0.226116 0.214332
0.349956 0.379032 0.215879 0.242101 0.226092 0.244041 0.350159 0.296443 0.38114 0.250343 0.228629 0.243643 0.227288 0.29778 0.14569 0.225646 0.225224 0.351832 0.299119 0.37688 0.379459 0.392623 0.347478 0.226113 0.214322
0.349936 0.379131 0.21587 0.242048 0.22609 0.243988 0.35014 0.296471 0.381238 0.250278 0.228626 0.24359 0.227285 0.297808 0.145663 0.225643 0.225221 0.351812 0.299174 0.376978 0.379558 0.392538 0.347458 0.226111 0.214313
0.349914 0.379222 0.215862 0.242002 0.226088 0.243942 0.350118 0.296497 0.38133 0.250221 0.228624 0.243544 0.227283 0.297833 0.145639 0.225641 0.225219 0.35179 0.299226 0.377069 0.379649 0.392458 0.347436 0.226109 0.214305
0.349891 0.379306 0.215855 0.241962 0.226086 0.243902 0.350095 0.29652 0.381414 0.250171 0.228622 0.243504 0.227281 0.297856 0.145617 0.22564 0.225217 0.351767 0.299274 0.377153 0.379733 0.392385 0.347413 0.226107 0.214297
0.349866 0.379384 0.215848 0.241927 0.226085 0.243867 0.35007 0.29654 0.381492 0.250127 0.228621 0.243469 0.22728 0.297877 0.145598 0.225638 0.225216 0.351743 0.29932 0.37723 0.379811 0.392316 0.347389 0.226105 0.214291
0.349841 0.379456 0.215842 0.241897 0.226083 0.243837 0.350045 0.296559 0.381564 0.250089 0.228619 0.243438 0.227278 0.297896 0.14558 0.225637 0.225214 0.351717 0.299362 0.377302 0.379883 0.392252 0.347364 0.226104 0.214285
0.349815 0.379523 0.215836 0.241871 0.226082 0.24381 0.350019 0.296576 0.381631 0.250055 0.228618 0.243412 0.227277 0.297913 0.145563 0.225635 0.225213 0.351692 0.299402 0.377369 0.37995 0.392193 0.347338 0.226103 0.214279
0.34979 0.379585 0.215831 0.241848 0.226081 0.243787 0.349993 0.296592 0.381694 0.250025 0.228617 0.243389 0.227276 0.297929 0.145548 0.225634 0.225212 0.351666 0.29944 0.377431 0.380012 0.392138 0.347312 0.226102 0.214274
0.349764 0.379643 0.215826 0.241828 0.22608 0.243768 0.349968 0.296606 0.381752 0.249999 0.228616 0.243369 0.227275 0.297943 0.145534 0.225633 0.225211 0.35164 0.299475 0.377489 0.38007 0.392086 0.347287 0.226101 0.214269
0.349738 0.379697 0.215821 0.241811 0.226079 0.24375 0.349942 0.296619 0.381806 0.249976 0.228615 0.243352 0.227274 0.297956 0.145522 0.225632 0.22521 0.351614 0.299508 0.377543 0.380124 0.392038 0.347261 0.2261 0.214264
0.349712 0.379747 0.215817 0.241796 0.226078 0.243736 0.349916 0.296631 0.381856 0.249956 0.228614 0.243337 0.227273 0.297968 0.14551 0.225632 0.225209 0.351589 0.299539 0.377593 0.380175 0.391993 0.347235 0.226099 0.21426
0.349687 0.379794 0.215813 0.241784 0.226078 0.243723 0.349891 0.296642 0.381903 0.249939 0.228614 0.243325 0.227273 0.297979 0.145499 0.225631 0.225209 0.351563 0.299568 0.37764 0.380222 0.391951 0.34721 0.226098 0.214256
0.349663 0.379838 0.215809 0.241773 0.226077 0.243712 0.349867 0.296652 0.381947 0.249923 0.228613 0.243314 0.227272 0.297989 0.145489 0.22563 0.225208 0.351539 0.299595 0.377684 0.380266 0.391911 0.347186 0.226098 0.214252
0.349639 0.37988 0.215806 0.241763 0.226076 0.243703 0.349843 0.296662 0.381989 0.24991 0.228612 0.243304 0.227272 0.297999 0.14548 0.22563 0.225208 0.351515 0.299621 0.377725 0.380307 0.391874 0.347162 0.226097 0.214249
0.349615 0.379918 0.215802 0.241755 0.226076 0.243695 0.349819 0.29667 0.382027 0.249898 0.228612 0.243296 0.227271 0.298007 0.145472 0.225629 0.225207 0.351491 0.299645 0.377764 0.380345 0.39184 0.347138 0.226097 0.214245
0.349592 0.379954 0.215799 0.241749 0.226075 0.243688 0.349796 0.296678 0.382064 0.249887 0.228612 0.243289 0.227271 0.298015 0.145464 0.225629 0.225207 0.351468 0.299668 0.3778 0.380382 0.391807 0.347116 0.226096 0.214242
0.34957 0.379988 0.215796 0.241743 0.226075 0.243682 0.349774 0.296685 0.382098 0.249878 0.228611 0.243284 0.22727 0.298022 0.145457 0.225628 0.225206 0.351446 0.29969 0.377834 0.380416 0.391777 0.347094 0.226096 0.214239
0.349549 0.38002 0.215793 0.241738 0.226075 0.243677 0.349753 0.296692 0.382129 0.24987 0.228611 0.243279 0.22727 0.298029 0.14545 0.225628 0.225206 0.351425 0.29971 0.377866 0.380447 0.391748 0.347072 0.226095 0.214236
0.349528 0.38005 0.215791 0.241734 0.226074 0.243673 0.349732 0.296698 0.382159 0.249862 0.22861 0.243275 0.227269 0.298035 0.145443 0.225628 0.225206 0.351404 0.299729 0.377895 0.380477 0.391721 0.347052 0.226095 0.214234
0.349508 0.380078 0.215788 0.24173 0.226074 0.243669 0.349712 0.296704 0.382188 0.249856 0.22861 0.243271 0.227269 0.298041 0.145438 0.225627 0.225205 0.351384 0.299747 0.377924 0.380505 0.391696 0.347032 0.226095 0.214231
0.349489 0.380105 0.215786 0.241728 0.226074 0.243667 0.349693 0.296709 0.382214 0.249851 0.22861 0.243268 0.227269 0.298046 0.145432 0.225627 0.225205 0.351364 0.299764 0.37795 0.380532 0.391672 0.347013 0.226094 0.214229
0.34947 0.38013 0.215784 0.241725 0.226074 0.243664 0.349674 0.296714 0.382239 0.249846 0.22861 0.243266 0.227269 0.298051 0.145427 0.225627 0.225205 0.351346 0.29978 0.377975 0.380557 0.391649 0.346994 0.226094 0.214227
0.349453 0.380153 0.215781 0.241723 0.226073 0.243662 0.349656 0.296719 0.382263 0.249841 0.228609 0.243264 0.227268 0.298056 0.145422 0.225627 0.225205 0.351328 0.299796 0.377998 0.38058 0.391628 0.346976 0.226094 0.214224
0.349436 0.380175 0.215779 0.241722 0.226073 0.243661 0.349639 0.296723 0.382285 0.249838 0.228609 0.243262 0.227268 0.29806 0.145418 0.225627 0.225204 0.351311 0.29981 0.37802 0.380603 0.391608 0.346959 0.226094 0.214222
0.349419 0.380196 0.215778 0.241721 0.226073 0.243659 0.349623 0.296727 0.382306 0.249834 0.228609 0.243261 0.227268 0.298064 0.145413 0.225626 0.225204 0.351295 0.299824 0.378041 0.380623 0.391589 0.346943 0.226094 0.214221
0.349403 0.380216 0.215776 0.24172 0.226073 0.243659 0.349607 0.296731 0.382325 0.249831 0.228609 0.24326 0.227268 0.298068 0.145409 0.225626 0.225204 0.351279 0.299837 0.378061 0.380643 0.391572 0.346927 0.226093 0.214219
0.349388 0.380234 0.215774 0.241719 0.226073 0.243658 0.349592 0.296734 0.382344 0.249829 0.228609 0.24326 0.227268 0.298072 0.145406 0.225626 0.225204 0.351264 0.299849 0.378079 0.380662 0.391555 0.346912 0.226093 0.214217
0.349374 0.380252 0.215772 0.241718 0.226073 0.243657 0.349578 0.296738 0.382362 0.249826 0.228609 0.243259 0.227268 0.298075 0.145402 0.225626 0.225204 0.351249 0.29986 0.378097 0.380679 0.391539 0.346898 0.226093 0.214215
0.34936 0.380269 0.215771 0.241718 0.226072 0.243657 0.349564 0.296741 0.382378 0.249824 0.228608 0.243259 0.227268 0.298078 0.145399 0.225626 0.225204 0.351236 0.299871 0.378113 0.380696 0.391524 0.346884 0.226093 0.214214
0.349347 0.380284 0.215769 0.241718 0.226072 0.243657 0.349551 0.296744 0.382394 0.249823 0.228608 0.243259 0.227267 0.298081 0.145396 0.225626 0.225203 0.351223 0.299881 0.378129 0.380712 0.39151 0.346871 0.226093 0.214212
0.349335 0.380299 0.215768 0.241718 0.226072 0.243657 0.349538 0.296746 0.382409 0.249821 0.228608 0.243259 0.227267 0.298083 0.145393 0.225626 0.225203 0.35121 0.299891 0.378144 0.380726 0.391497 0.346859 0.226093 0.214211
0.349323 0.380313 0.215767 0.241718 0.226072 0.243657 0.349526 0.296749 0.382423 0.24982 0.228608 0.243259 0.227267 0.298086 0.14539 0.225625 0.225203 0.351198 0.2999 0.378158 0.38074 0.391484 0.346847 0.226093 0.21421
0.349311 0.380326 0.215765 0.241718 0.226072 0.243657 0.349515 0.296751 0.382436 0.249818 0.228608 0.243259 0.227267 0.298088 0.145387 0.225625 0.225203 0.351186 0.299909 0.378171 0.380754 0.391472 0.346835 0.226093 0.214208
0.3493 0.380339 0.215764 0.241718 0.226072 0.243657 0.349504 0.296753 0.382449 0.249817 0.228608 0.243259 0.227267 0.298091 0.145385 0.225625 0.225203 0.351176 0.299918 0.378184 0.380766 0.391461 0.346825 0.226093 0.214207
0.34929 0.380351 0.215763 0.241718 0.226072 0.243657 0.349494 0.296755 0.382461 0.249816 0.228608 0.243259 0.227267 0.298093 0.145383 0.225625 0.225203 0.351165 0.299925 0.378195 0.380778 0.39145 0.346814 0.226092 0.214206
0.34928 0.380362 0.215762 0.241719 0.226072 0.243658 0.349484 0.296757 0.382472 0.249816 0.228608 0.243259 0.227267 0.298095 0.145381 0.225625 0.225203 0.351155 0.299933 0.378207 0.380789 0.39144 0.346804 0.226092 0.214205
0.349271 0.380372 0.215761 0.241719 0.226072 0.243658 0.349474 0.296759 0.382482 0.249815 0.228608 0.24326 0.227267 0.298096 0.145379 0.225625 0.225203 0.351146 0.29994 0.378217 0.3808 0.391431 0.346795 0.226092 0.214204
0.349262 0.380383 0.21576 0.241719 0.226072 0.243658 0.349465 0.296761 0.382493 0.249814 0.228608 0.24326 0.227267 0.298098 0.145377 0.225625 0.225203 0.351137 0.299947 0.378227 0.38081 0.391421 0.346786 0.226092 0.214203
0.349253 0.380392 0.215759 0.24172 0.226072 0.243659 0.349457 0.296763 0.382502 0.249814 0.228608 0.243261 0.227267 0.2981 0.145375 0.225625 0.225203 0.351128 0.299953 0.378237 0.380819 0.391413 0.346777 0.226092 0.214202
0.349245 0.380401 0.215758 0.24172 0.226072 0.243659 0.349449 0.296764 0.382511 0.249813 0.228608 0.243261 0.227267 0.298101 0.145373 0.225625 0.225203 0.35112 0.299959 0.378246 0.380828 0.391405 0.346769 0.226092 0.214201
0.349237 0.38041 0.215757 0.241721 0.226071 0.24366 0.349441 0.296766 0.38252 0.249813 0.228608 0.243261 0.227267 0.298103 0.145371 0.225625 0.225203 0.351112 0.299965 0.378254 0.380837 0.391397 0.346762 0.226092 0.2142
0.34923 0.380418 0.215756 0.241721 0.226071 0.24366 0.349434 0.296767 0.382528 0.249812 0.228607 0.243262 0.227267 0.298104 0.14537 0.225625 0.225203 0.351105 0.29997 0.378262 0.380845 0.39139 0.346754 0.226092 0.214199
0.349223 0.380425 0.215756 0.241721 0.226071 0.24366 0.349427 0.296768 0.382535 0.249812 0.228607 0.243262 0.227266 0.298105 0.145368 0.225625 0.225203 0.351098 0.299975 0.37827 0.380853 0.391383 0.346747 0.226092 0.214199
0.349216 0.380433 0.215755 0.241722 0.226071 0.243661 0.34942 0.296769 0.382543 0.249811 0.228607 0.243263 0.227266 0.298107 0.145367 0.225625 0.225203 0.351091 0.29998 0.378277 0.38086 0.391376 0.346741 0.226092 0.214198
0.34921 0.38044 0.215754 0.241722 0.226071 0.243661 0.349414 0.296771 0.38255 0.249811 0.228607 0.243263 0.227266 0.298108 0.145366 0.225625 0.225203 0.351085 0.299985 0.378284 0.380867 0.39137 0.346734 0.226092 0.214197
0.349204 0.380446 0.215754 0.241723 0.226071 0.243662 0.349408 0.296772 0.382556 0.249811 0.228607 0.243263 0.227266 0.298109 0.145364 0.225625 0.225202 0.351079 0.299989 0.378291 0.380874 0.391364 0.346728 0.226092 0.214197
0.349198 0.380452 0.215753 0.241723 0.226071 0.243662 0.349402 0.296773 0.382562 0.249811 0.228607 0.243264 0.227266 0.29811 0.145363 0.225625 0.225202 0.351073 0.299993 0.378297 0.38088 0.391359 0.346723 0.226092 0.214196
0.349193 0.380458 0.215752 0.241723 0.226071 0.243662 0.349396 0.296774 0.382568 0.24981 0.228607 0.243264 0.227266 0.298111 0.145362 0.225625 0.225202 0.351068 0.299997 0.378303 0.380886 0.391353 0.346717 0.226092 0.214195
0.349187 0.380464 0.215752 0.241724 0.226071 0.243663 0.349391 0.296775 0.382574 0.24981 0.228607 0.243265 0.227266 0.298112 0.145361 0.225625 0.225202 0.351062 0.300001 0.378308 0.380891 0.391348 0.346712 0.226092 0.214195
0.349183 0.380469 0.215751 0.241724 0.226071 0.243663 0.349386 0.296775 0.382579 0.24981 0.228607 0.243265 0.227266 0.298113 0.14536 0.225625 0.225202 0.351057 0.300004 0.378314 0.380896 0.391344 0.346707 0.226092 0.214194
0.349178 0.380474 0.215751 0.241725 0.226071 0.243664 0.349382 0.296776 0.382584 0.24981 0.228607 0.243265 0.227266 0.298114 0.145359 0.225625 0.225202 0.351053 0.300008 0.378319 0.380901 0.391339 0.346702 0.226092 0.214194
0.349173 0.380479 0.21575 0.241725 0.226071 0.243664 0.349377 0.296777 0.382589 0.24981 0.228607 0.243266 0.227266 0.298114 0.145358 0.225625 0.225202 0.351048 0.300011 0.378323 0.380906 0.391335 0.346698 0.226092 0.214193
0.349169 0.380483 0.21575 0.241725 0.226071 0.243664 0.349373 0.296778 0.382593 0.24981 0.228607 0.243266 0.227266 0.298115 0.145357 0.225624 0.225202 0.351044 0.300014 0.378328 0.380911 0.391331 0.346694 0.226092 0.214193
0.349165 0.380488 0.215749 0.241726 0.226071 0.243665 0.349369 0.296778 0.382598 0.24981 0.228607 0.243266 0.227266 0.298116 0.145357 0.225624 0.225202 0.35104 0.300017 0.378332 0.380915 0.391327 0.34669 0.226092 0.214193
0.349161 0.380492 0.215749 0.241726 0.226071 0.243665 0.349365 0.296779 0.382602 0.249809 0.228607 0.243267 0.227266 0.298116 0.145356 0.225624 0.225202 0.351036 0.30002 0.378336 0.380919 0.391323 0.346686 0.226092 0.214192
0.349158 0.380495 0.215749 0.241726 0.226071 0.243665 0.349361 0.29678 0.382606 0.249809 0.228607 0.243267 0.227266 0.298117 0.145355 0.225624 0.225202 0.351033 0.300022 0.37834 0.380923 0.39132 0.346682 0.226092 0.214192
0.349154 0.380499 0.215748 0.241727 0.226071 0.243665 0.349358 0.29678 0.382609 0.249809 0.228607 0.243267 0.227266 0.298118 0.145355 0.225624 0.225202 0.351029 0.300025 0.378344 0.380927 0.391317 0.346679 0.226092 0.214191
0.349151 0.380503 0.215748 0.241727 0.226071 0.243666 0.349355 0.296781 0.382613 0.249809 0.228607 0.243268 0.227266 0.298118 0.145354 0.225624 0.225202 0.351026 0.300027 0.378347 0.38093 0.391313 0.346676 0.226092 0.214191
0.349148 0.380506 0.215748 0.241727 0.226071 0.243666 0.349352 0.296781 0.382616 0.249809 0.228607 0.243268 0.227266 0.298119 0.145353 0.225624 0.225202 0.351023 0.300029 0.37835 0.380933 0.39131 0.346672 0.226092 0.214191
0.349145 0.380509 0.215747 0.241727 0.226071 0.243666 0.349349 0.296782 0.382619 0.249809 0.228607 0.243268 0.227266 0.298119 0.145353 0.225624 0.225202 0.35102 0.300031 0.378353 0.380936 0.391308 0.34667 0.226092 0.21419
0.349142 0.380512 0.215747 0.241728 0.226071 0.243667 0.349346 0.296782 0.382622 0.249809 0.228607 0.243268 0.227266 0.29812 0.145352 0.225624 0.225202 0.351017 0.300033 0.378356 0.380939 0.391305 0.346667 0.226092 0.21419
0.349139 0.380515 0.215747 0.241728 0.226071 0.243667 0.349343 0.296783 0.382625 0.249809 0.228607 0.243269 0.227266 0.29812 0.145352 0.225624 0.225202 0.351014 0.300035 0.378359 0.380942 0.391302 0.346664 0.226092 0.21419
0.349137 0.380517 0.215746 0.241728 0.226071 0.243667 0.349341 0.296783 0.382628 0.249809 0.228607 0.243269 0.227266 0.298121 0.145351 0.225624 0.225202 0.351012 0.300037 0.378362 0.380945 0.3913 0.346662 0.226092 0.21419
0.349135 0.38052 0.215746 0.241728 0.226071 0.243667 0.349338 0.296784 0.38263 0.249809 0.228607 0.243269 0.227266 0.298121 0.145351 0.225624 0.225202 0.351009 0.300039 0.378364 0.380947 0.391298 0.346659 0.226092 0.214189
0.349132 0.380522 0.215746 0.241728 0.226071 0.243667 0.349336 0.296784 0.382633 0.249809 0.228607 0.243269 0.227266 0.298121 0.14535 0.225624 0.225202 0.351007 0.30004 0.378367 0.38095 0.391296 0.346657 0.226092 0.214189
0.34913 0.380525 0.215746 0.241729 0.226071 0.243668 0.349334 0.296784 0.382635 0.249809 0.228607 0.243269 0.227266 0.298122 0.14535 0.225624 0.225202 0.351005 0.300042 0.378369 0.380952 0.391294 0.346655 0.226092 0.214189
0.349128 0.380527 0.215745 0.241729 0.226071 0.243668 0.349332 0.296785 0.382637 0.249809 0.228607 0.24327 0.227266 0.298122 0.145349 0.225624 0.225202 0.351003 0.300043 0.378371 0.380954 0.391292 0.346653 0.226092 0.214189
0.349126 0.380529 0.215745 0.241729 0.226071 0.243668 0.34933 0.296785 0.382639 0.249809 0.228607 0.24327 0.227266 0.298122 0.145349 0.225624 0.225202 0.351001 0.300045 0.378373 0.380956 0.39129 0.346651 0.226092 0.214188
0.349124 0.380531 0.215745 0.241729 0.226071 0.243668 0.349328 0.296785 0.382641 0.249809 0.228607 0.24327 0.227266 0.298123 0.145349 0.225624 0.225202 0.350999 0.300046 0.378375 0.380958 0.391288 0.346649 0.226092 0.214188
0.349122 0.380533 0.215745 0.241729 0.226071 0.243668 0.349326 0.296786 0.382643 0.249809 0.228607 0.24327 0.227266 0.298123 0.145348 0.225624 0.225202 0.350997 0.300047 0.378377 0.38096 0.391286 0.346647 0.226092 0.214188
0.349121 0.380534 0.215745 0.24173 0.226071 0.243669 0.349325 0.296786 0.382645 0.249809 0.228607 0.24327 0.227266 0.298123 0.145348 0.225624 0.225202 0.350996 0.300048 0.378379 0.380962 0.391285 0.346645 0.226091 0.214188
0.349119 0.380536 0.215745 0.24173 0.226071 0.243669 0.349323 0.296786 0.382646 0.249809 0.228607 0.24327 0.227266 0.298124 0.145348 0.225624 0.225202 0.350994 0.30005 0.37838 0.380963 0.391283 0.346644 0.226091 0.214188
0.349118 0.380538 0.215744 0.24173 0.226071 0.243669 0.349321 0.296787 0.382648 0.249809 0.228607 0.243271 0.227266 0.298124 0.145347 0.225624 0.225202 0.350993 0.300051 0.378382 0.380965 0.391282 0.346642 0.226091 0.214188
0.349116 0.380539 0.215744 0.24173 0.226071 0.243669 0.34932 0.296787 0.382649 0.249809 0.228607 0.243271 0.227266 0.298124 0.145347 0.225624 0.225202 0.350991 0.300052 0.378384 0.380967 0.391281 0.346641 0.226091 0.214187
0.349115 0.38054 0.215744 0.24173 0.226071 0.243669 0.349319 0.296787 0.382651 0.249809 0.228607 0.243271 0.227266 0.298124 0.145347 0.225624 0.225202 0.35099 0.300053 0.378385 0.380968 0.391279 0.34664 0.226091 0.214187
0.349114 0.380542 0.215744 0.24173 0.226071 0.243669 0.349317 0.296787 0.382652 0.249809 0.228607 0.243271 0.227266 0.298124 0.145347 0.225624 0.225202 0.350988 0.300054 0.378386 0.380969 0.391278 0.346638 0.226091 0.214187
0.349112 0.380543 0.215744 0.24173 0.226071 0.243669 0.349316 0.296787 0.382653 0.249809 0.228607 0.243271 0.227266 0.298125 0.145346 0.225624 0.225202 0.350987 0.300054 0.378388 0.380971 0.391277 0.346637 0.226091 0.214187
0.349111 0.380544 0.215744 0.24173 0.226071 0.243669 0.349315 0.296788 0.382655 0.249809 0.228607 0.243271 0.227266 0.298125 0.145346 0.225624 0.225202 0.350986 0.300055 0.378389 0.380972 0.391276 0.346636 0.226091 0.214187
0.34911 0.380545 0.215744 0.241731 0.226071 0.24367 0.349314 0.296788 0.382656 0.249809 0.228607 0.243271 0.227266 0.298125 0.145346 0.225624 0.225202 0.350985 0.300056 0.37839 0.380973 0.391275 0.346635 0.226091 0.214187
0.349109 0.380547 0.215743 0.241731 0.226071 0.24367 0.349313 0.296788 0.382657 0.249809 0.228607 0.243271 0.227266 0.298125 0.145346 0.225624 0.225202 0.350984 0.300057 0.378391 0.380974 0.391274 0.346634 0.226091 0.214187
0.349108 0.380548 0.215743 0.241731 0.226071 0.24367 0.349312 0.296788 0.382658 0.249809 0.228607 0.243271 0.227266 0.298125 0.145345 0.225624 0.225202 0.350983 0.300057 0.378392 0.380975 0.391273 0.346633 0.226091 0.214187
0.349107 0.380549 0.215743 0.241731 0.226071 0.24367 0.349311 0.296788 0.382659 0.249808 0.228607 0.243272 0.227266 0.298126 0.145345 0.225624 0.225202 0.350982 0.300058 0.378393 0.380976 0.391272 0.346632 0.226091 0.214186
0.349106 0.38055 0.215743 0.241731 0.226071 0.24367 0.34931 0.296788 0.38266 0.249808 0.228607 0.243272 0.227266 0.298126 0.145345 0.225624 0.225202 0.350981 0.300059 0.378394 0.380977 0.391271 0.346631 0.226091 0.214186
0.349105 0.38055 0.215743 0.241731 0.226071 0.24367 0.349309 0.296789 0.382661 0.249808 0.228607 0.243272 0.227266 0.298126 0.145345 0.225624 0.225202 0.35098 0.300059 0.378395 0.380978 0.39127 0.34663 0.226091 0.214186
0.349105 0.380551 0.215743 0.241731 0.226071 0.24367 0.349308 0.296789 0.382662 0.249808 0.228607 0.243272 0.227266 0.298126 0.145345 0.225624 0.225202 0.350979 0.30006 0.378396 0.380979 0.39127 0.346629 0.226091 0.214186
0.349104 0.380552 0.215743 0.241731 0.226071 0.24367 0.349308 0.296789 0.382662 0.249808 0.228607 0.243272 0.227266 0.298126 0.145345 0.225624 0.225202 0.350979 0.30006 0.378396 0.38098 0.391269 0.346629 0.226091 0.214186
0.349103 0.380553 0.215743 0.241731 0.226071 0.24367 0.349307 0.296789 0.382663 0.249808 0.228607 0.243272 0.227266 0.298126 0.145344 0.225624 0.225202 0.350978 0.300061 0.378397 0.38098 0.391268 0.346628 0.226091 0.214186
0.349102 0.380554 0.215743 0.241731 0.226071 0.24367 0.349306 0.296789 0.382664 0.249808 0.228607 0.243272 0.227266 0.298126 0.145344 0.225624 0.225202 0.350977 0.300061 0.378398 0.380981 0.391268 0.346627 0.226091 0.214186
0.349102 0.380554 0.215743 0.241731 0.226071 0.24367 0.349305 0.296789 0.382665 0.249808 0.228607 0.243272 0.227266 0.298126 0.145344 0.225624 0.225202 0.350977 0.300062 0.378399 0.380982 0.391267 0.346626 0.226091 0.214186
0.349101 0.380555 0.215743 0.241731 0.226071 0.24367 0.349305 0.296789 0.382665 0.249808 0.228607 0.243272 0.227266 0.298127 0.145344 0.225624 0.225202 0.350976 0.300062 0.378399 0.380982 0.391266 0.346626 0.226091 0.214186
0.349101 0.380555 0.215743 0.241731 0.226071 0.24367 0.349304 0.296789 0.382666 0.249808 0.228607 0.243272 0.227266 0.298127 0.145344 0.225624 0.225202 0.350975 0.300063 0.3784 0.380983 0.391266 0.346625 0.226091 0.214186
0.3491 0.380556 0.215743 0.241732 0.226071 0.243671 0.349304 0.296789 0.382666 0.249808 0.228607 0.243272 0.227266 0.298127 0.145344 0.225624 0.225202 0.350975 0.300063 0.378401 0.380984 0.391265 0.346625 0.226091 0.214186
0.349099 0.380557 0.215742 0.241732 0.226071 0.243671 0.349303 0.29679 0.382667 0.249808 0.228607 0.243272 0.227266 0.298127 0.145344 0.225624 0.225202 0.350974 0.300064 0.378401 0.380984 0.391265 0.346624 0.226091 0.214186
0.349099 0.380557 0.215742 0.241732 0.226071 0.243671 0.349303 0.29679 0.382667 0.249808 0.228607 0.243272 0.227266 0.298127 0.145344 0.225624 0.225202 0.350974 0.300064 0.378402 0.380985 0.391264 0.346624 0.226091 0.214186
0.349098 0.380558 0.215742 0.241732 0.226071 0.243671 0.349302 0.29679 0.382668 0.249808 0.228607 0.243272 0.227266 0.298127 0.145344 0.225624 0.225202 0.350973 0.300064 0.378402 0.380985 0.391264 0.346623 0.226091 0.214186
0.349098 0.380558 0.215742 0.241732 0.226071 0.243671 0.349302 0.29679 0.382668 0.249808 0.228607 0.243272 0.227266 0.298127 0.145344 0.225624 0.225202 0.350973 0.300065 0.378403 0.380986 0.391263 0.346623 0.226091 0.214186
0.349098 0.380559 0.215742 0.241732 0.226071 0.243671 0.349301 0.29679 0.382669 0.249808 0.228607 0.243272 0.227266 0.298127 0.145343 0.225624 0.225202 0.350972 0.300065 0.378403 0.380986 0.391263 0.346622 0.226091 0.214185
0.349097 0.380559 0.215742 0.241732 0.226071 0.243671 0.349301 0.29679 0.382669 0.249808 0.228607 0.243273 0.227266 0.298127 0.145343 0.225624 0.225202 0.350972 0.300065 0.378403 0.380986 0.391263 0.346622 0.226091 0.214185
0.349097 0.380559 0.215742 0.241732 0.226071 0.243671 0.349301 0.29679 0.38267 0.249808 0.228607 0.243273 0.227266 0.298127 0.145343 0.225624 0.225202 0.350972 0.300065 0.378404 0.380987 0.391262 0.346622 0.226091 0.214185
0.349096 0.38056 0.215742 0.241732 0.226071 0.243671 0.3493 0.29679 0.38267 0.249808 0.228607 0.243273 0.227266 0.298127 0.145343 0.225624 0.225202 0.350971 0.300066 0.378404 0.380987 0.391262 0.346621 0.226091 0.214185
0.349096 0.38056 0.215742 0.241732 0.226071 0.243671 0.3493 0.29679 0.38267 0.249808 0.228607 0.243273 0.227266 0.298127 0.145343 0.225624 0.225202 0.350971 0.300066 0.378405 0.380988 0.391262 0.346621 0.226091 0.214185
0.349096 0.380561 0.215742 0.241732 0.226071 0.243671 0.349299 0.29679 0.382671 0.249808 0.228607 0.243273 0.227266 0.298127 0.145343 0.225624 0.225202 0.35097 0.300066 0.378405 0.380988 0.391261 0.34662 0.226091 0.214185
0.349095 0.380561 0.215742 0.241732 0.226071 0.243671 0.349299 0.29679 0.382671 0.249808 0.228607 0.243273 0.227266 0.298128 0.145343 0.225624 0.225202 0.35097 0.300066 0.378405 0.380988 0.391261 0.34662 0.226091 0.214185
0.349095 0.380561 0.215742 0.241732 0.226071 0.243671 0.349299 0.29679 0.382671 0.249808 0.228607 0.243273 0.227266 0.298128 0.145343 0.225624 0.225202 0.35097 0.300067 0.378406 0.380989 0.391261 0.34662 0.226091 0.214185
0.349095 0.380561 0.215742 0.241732 0.226071 0.243671 0.349299 0.29679 0.382672 0.249808 0.228607 0.243273 0.227266 0.298128 0.145343 0.225624 0.225202 0.35097 0.300067 0.378406 0.380989 0.39126 0.34662 0.226091 0.214185
0.349095 0.380562 0.215742 0.241732 0.226071 0.243671 0.349298 0.29679 0.382672 0.249808 0.228607 0.243273 0.227266 0.298128 0.145343 0.225624 0.225202 0.350969 0.300067 0.378406 0.380989 0.39126 0.346619 0.226091 0.214185
0.349094 0.380562 0.215742 0.241732 0.226071 0.243671 0.349298 0.29679 0.382672 0.249808 0.228607 0.243273 0.227266 0.298128 0.145343 0.225624 0.225202 0.350969 0.300067 0.378406 0.380989 0.39126 0.346619 0.226091 0.214185
0.349094 0.380562 0.215742 0.241732 0.226071 0.243671 0.349298 0.29679 0.382673 0.249808 0.228607 0.243273 0.227266 0.298128 0.145343 0.225624 0.225202 0.350969 0.300067 0.378407 0.38099 0.39126 0.346619 0.226091 0.214185
0.349094 0.380563 0.215742 0.241732 0.226071 0.243671 0.349298 0.29679 0.382673 0.249808 0.228607 0.243273 0.227266 0.298128 0.145343 0.225624 0.225202 0.350969 0.300067 0.378407 0.38099 0.391259 0.346619 0.226091 0.214185
0.349094 0.380563 0.215742 0.241732 0.226071 0.243671 0.349297 0.296791 0.382673 0.249808 0.228607 0.243273 0.227266 0.298128 0.145343 0.225624 0.225202 0.350968 0.300068 0.378407 0.38099 0.391259 0.346618 0.226091 0.214185
0.349093 0.380563 0.215742 0.241732 0.226071 0.243671 0.349297 0.296791 0.382673 0.249808 0.228607 0.243273 0.227266 0.298128 0.145343 0.225624 0.225202 0.350968 0.300068 0.378407 0.38099 0.391259 0.346618 0.226091 0.214185
0.349093 0.380563 0.215742 0.241732 0.226071 0.243671 0.349297 0.296791 0.382673 0.249808 0.228607 0.243273 0.227266 0.298128 0.145343 0.225624 0.225202 0.350968 0.300068 0.378408 0.380991 0.391259 0.346618 0.226091 0.214185
0.349093 0.380563 0.215742 0.241732 0.226071 0.243671 0.349297 0.296791 0.382674 0.249808 0.228607 0.243273 0.227266 0.298128 0.145343 0.225624 0.225202 0.350968 0.300068 0.378408 0.380991 0.391259 0.346618 0.226091 0.214185
0.349093 0.380564 0.215742 0.241732 0.226071 0.243671 0.349297 0.296791 0.382674 0.249808 0.228607 0.243273 0.227266 0.298128 0.145343 0.225624 0.225202 0.350968 0.300068 0.378408 0.380991 0.391259 0.346618 0.226091 0.214185
0.349093 0.380564 0.215742 0.241732 0.226071 0.243671 0.349296 0.296791 0.382674 0.249808 0.228607 0.243273 0.227266 0.298128 0.145342 0.225624 0.225202 0.350967 0.300068 0.378408 0.380991 0.391258 0.346617 0.226091 0.214185
0.349093 0.380564 0.215742 0.241732 0.226071 0.243671 0.349296 0.296791 0.382674 0.249808 0.228607 0.243273 0.227266 0.298128 0.145342 0.225624 0.225202 0.350967 0.300068 0.378408 0.380991 0.391258 0.346617 0.226091 0.214185
0.349092 0.380564 0.215742 0.241732 0.226071 0.243671 0.349296 0.296791 0.382674 0.249808 0.228607 0.243273 0.227266 0.298128 0.145342 0.225624 0.225202 0.350967 0.300069 0.378408 0.380992 0.391258 0.346617 0.226091 0.214185
0.349092 0.380564 0.215742 0.241732 0.226071 0.243671 0.349296 0.296791 0.382675 0.249808 0.228607 0.243273 0.227266 0.298128 0.145342 0.225624 0.225202 0.350967 0.300069 0.378409 0.380992 0.391258 0.346617 0.226091 0.214185
0.349092 0.380564 0.215742 0.241732 0.226071 0.243671 0.349296 0.296791 0.382675 0.249808 0.228607 0.243273 0.227266 0.298128 0.145342 0.225624 0.225202 0.350967 0.300069 0.378409 0.380992 0.391258 0.346617 0.226091 0.214185
0.349092 0.380564 0.215742 0.241732 0.226071 0.243671 0.349296 0.296791 0.382675 0.249808 0.228607 0.243273 0.227266 0.298128 0.145342 0.225624 0.225202 0.350967 0.300069 0.378409 0.380992 0.391258 0.346617 0.226091 0.214185
0.349092 0.380565 0.215742 0.241732 0.226071 0.243671 0.349296 0.296791 0.382675 0.249808 0.228607 0.243273 0.227266 0.298128 0.145342 0.225624 0.225202 0.350967 0.300069 0.378409 0.380992 0.391258 0.346617 0.226091 0.214185
0.349092 0.380565 0.215742 0.241732 0.226071 0.243671 0.349295 0.296791 0.382675 0.249808 0.228607 0.243273 0.227266 0.298128 0.145342 0.225624 0.225202 0.350966 0.300069 0.378409 0.380992 0.391257 0.346616 0.226091 0.214185
0.349092 0.380565 0.215742 0.241732 0.226071 0.243671 0.349295 0.296791 0.382675 0.249808 0.228607 0.243273 0.227266 0.298128 0.145342 0.225624 0.225202 0.350966 0.300069 0.378409 0.380992 0.391257 0.346616 0.226091 0.214185
0.349092 0.380565 0.215742 0.241732 0.226071 0.243671 0.349295 0.296791 0.382675 0.249808 0.228607 0.243273 0.227266 0.298128 0.145342 0.225624 0.225202 0.350966 0.300069 0.378409 0.380992 0.391257 0.346616 0.226091 0.214185
0.349091 0.380565 0.215742 0.241732 0.226071 0.243671 0.349295 0.296791 0.382675 0.249808 0.228607 0.243273 0.227266 0.298128 0.145342 0.225624 0.225202 0.350966 0.300069 0.378409 0.380993 0.391257 0.346616 0.226091 0.214185
0.349091 0.380565 0.215742 0.241732 0.226071 0.243671 0.349295 0.296791 0.382675 0.249808 0.228607 0.243273 0.227266 0.298128 0.145342 0.225624 0.225202 0.350966 0.300069 0.37841 0.380993 0.391257 0.346616 0.226091 0.214185
0.349091 0.380565 0.215742 0.241732 0.226071 0.243671 0.349295 0.296791 0.382676 0.249808 0.228607 0.243273 0.227266 0.298128 0.145342 0.225624 0.225202 0.350966 0.300069 0.37841 0.380993 0.391257 0.346616 0.226091 0.214185
0.349091 0.380565 0.215742 0.241732 0.226071 0.243671 0.349295 0.296791 0.382676 0.249808 0.228607 0.243273 0.227266 0.298128 0.145342 0.225624 0.225202 0.350966 0.300069 0.37841 0.380993 0.391257 0.346616 0.226091 0.214185
0.349091 0.380565 0.215742 0.241732 0.226071 0.243671 0.349295 0.296791 0.382676 0.249808 0.228607 0.243273 0.227266 0.298128 0.145342 0.225624 0.225202 0.350966 0.300069 0.37841 0.380993 0.391257 0.346616 0.226091 0.214185
0.349091 0.380566 0.215742 0.241732 0.226071 0.243671 0.349295 0.296791 0.382676 0.249808 0.228607 0.243273 0.227266 0.298128 0.145342 0.225624 0.225202 0.350966 0.300069 0.37841 0.380993 0.391257 0.346616 0.226091 0.214185
0.349091 0.380566 0.215742 0.241732 0.226071 0.243671 0.349295 0.296791 0.382676 0.249808 0.228607 0.243273 0.227266 0.298128 0.145342 0.225624 0.225202 0.350966 0.30007 0.37841 0.380993 0.391257 0.346616 0.226091 0.214185
0.349091 0.380566 0.215742 0.241732 0.226071 0.243671 0.349295 0.296791 0.382676 0.249808 0.228607 0.243273 0.227266 0.298128 0.145342 0.225624 0.225202 0.350966 0.30007 0.37841 0.380993 0.391257 0.346616 0.226091 0.214185
0.349091 0.380566 0.215742 0.241732 0.226071 0.243671 0.349294 0.296791 0.382676 0.249808 0.228607 0.243273 0.227266 0.298128 0.145342 0.225624 0.225202 0.350966 0.30007 0.37841 0.380993 0.391257 0.346615 0.226091 0.214185
0.349091 0.380566 0.215742 0.241732 0.226071 0.243671 0.349294 0.296791 0.382676 0.249808 0.228607 0.243273 0.227266 0.298128 0.145342 0.225624 0.225202 0.350965 0.30007 0.37841 0.380993 0.391257 0.346615 0.226091 0.214185
0.349091 0.380566 0.215742 0.241732 0.226071 0.243671 0.349294 0.296791 0.382676 0.249808 0.228607 0.243273 0.227266 0.298128 0.145342 0.225624 0.225202 0.350965 0.30007 0.37841 0.380993 0.391256 0.346615 0.226091 0.214185
0.349091 0.380566 0.215742 0.241732 0.226071 0.243671 0.349294 0.296791 0.382676 0.249808 0.228607 0.243273 0.227266 0.298128 0.145342 0.225624 0.225202 0.350965 0.30007 0.37841 0.380993 0.391256 0.346615 0.226091 0.214185
0.349091 0.380566 0.215742 0.241732 0.226071 0.243671 0.349294 0.296791 0.382676 0.249808 0.228607 0.243273 0.227266 0.298128 0.145342 0.225624 0.225202 0.350965 0.30007 0.37841 0.380993 0.391256 0.346615 0.226091 0.214185
0.34909 0.380566 0.215742 0.241732 0.226071 0.243671 0.349294 0.296791 0.382676 0.249808 0.228607 0.243273 0.227266 0.298128 0.145342 0.225624 0.225202 0.350965 0.30007 0.37841 0.380994 0.391256 0.346615 0.226091 0.214185
0.34909 0.380566 0.215742 0.241732 0.226071 0.243671 0.349294 0.296791 0.382676 0.249808 0.228607 0.243273 0.227266 0.298128 0.145342 0.225624 0.225202 0.350965 0.30007 0.37841 0.380994 0.391256 0.346615 0.226091 0.214185
0.34909 0.380566 0.215741 0.241732 0.226071 0.243671 0.349294 0.296791 0.382676 0.249808 0.228607 0.243273 0.227266 0.298128 0.145342 0.225624 0.225202 0.350965 0.30007 0.378411 0.380994 0.391256 0.346615 0.226091 0.214185
0.34909 0.380566 0.215741 0.241732 0.226071 0.243671 0.349294 0.296791 0.382676 0.249808 0.228607 0.243273 0.227266 0.298128 0.145342 0.225624 0.225202 0.350965 0.30007 0.378411 0.380994 0.391256 0.346615 0.226091 0.214185
0.34909 0.380566 0.215741 0.241732 0.226071 0.243671 0.349294 0.296791 0.382677 0.249808 0.228607 0.243273 0.227266 0.298128 0.145342 0.225624 0.225202 0.350965 0.30007 0.378411 0.380994 0.391256 0.346615 0.226091 0.214185
0.34909 0.380566 0.215741 0.241732 0.226071 0.243671 0.349294 0.296791 0.382677 0.249808 0.228607 0.243273 0.227266 0.298128 0.145342 0.225624 0.225202 0.350965 0.30007 0.378411 0.380994 0.391256 0.346615 0.226091 0.214185
0.34909 0.380566 0.215741 0.241732 0.226071 0.243671 0.349294 0.296791 0.382677 0.249808 0.228607 0.243273 0.227266 0.298128 0.145342 0.225624 0.225202 0.350965 0.30007 0.378411 0.380994 0.391256 0.346615 0.226091 0.214185
0.34909 0.380566 0.215741 0.241732 0.226071 0.243671 0.349294 0.296791 0.382677 0.249808 0.228607 0.243273 0.227266 0.298128 0.145342 0.225624 0.225202 0.350965 0.30007 0.378411 0.380994 0.391256 0.346615 0.226091 0.214185
0.34909 0.380566 0.215741 0.241732 0.226071 0.243671 0.349294 0.296791 0.382677 0.249808 0.228607 0.243273 0.227266 0.298128 0.145342 0.225624 0.225202 0.350965 0.30007 0.378411 0.380994 0.391256 0.346615 0.226091 0.214185
0.34909 0.380566 0.215741 0.241732 0.226071 0.243671 0.349294 0.296791 0.382677 0.249808 0.228607 0.243273 0.227266 0.298128 0.145342 0.225624 0.225202 0.350965 0.30007 0.378411 0.380994 0.391256 0.346615 0.226091 0.214185
0.34909 0.380566 0.215741 0.241733 0.226071 0.243671 0.349294 0.296791 0.382677 0.249808 0.228607 0.243273 0.227266 0.298128 0.145342 0.225624 0.225202 0.350965 0.30007 0.378411 0.380994 0.391256 0.346615 0.226091 0.214185
0.34909 0.380566 0.215741 0.241733 0.226071 0.243671 0.349294 0.296791 0.382677 0.249808 0.228607 0.243273 0.227266 0.298128 0.145342 0.225624 0.225202 0.350965 0.30007 0.378411 0.380994 0.391256 0.346615 0.226091 0.214185
0.34909 0.380566 0.215741 0.241733 0.226071 0.243671 0.349294 0.296791 0.382677 0.249808 0.228607 0.243273 0.227266 0.298128 0.145342 0.225624 0.225202 0.350965 0.30007 0.378411 0.380994 0.391256 0.346615 0.226091 0.214185
0.34909 0.380567 0.215741 0.241733 0.226071 0.243671 0.349294 0.296791 0.382677 0.249808 0.228607 0.243273 0.227266 0.298128 0.145342 0.225624 0.225202 0.350965 0.30007 0.378411 0.380994 0.391256 0.346615 0.226091 0.214185
0.34909 0.380567 0.215741 0.241733 0.226071 0.243671 0.349294 0.296791 0.382677 0.249808 0.228607 0.243273 0.227266 0.298128 0.145342 0.225624 0.225202 0.350965 0.30007 0.378411 0.380994 0.391256 0.346615 0.226091 0.214185
0.34909 0.380567 0.215741 0.241733 0.226071 0.243671 0.349294 0.296791 0.382677 0.249808 0.228607 0.243273 0.227266 0.298128 0.145342 0.225624 0.225202 0.350965 0.30007 0.378411 0.380994 0.391256 0.346615 0.226091 0.214185
0.34909 0.380567 0.215741 0.241733 0.226071 0.243671 0.349294 0.296791 0.382677 0.249808 0.228607 0.243273 0.227266 0.298128 0.145342 0.225624 0.225202 0.350965 0.30007 0.378411 0.380994 0.391256 0.346615 0.226091 0.214185
0.34909 0.380567 0.215741 0.241733 0.226071 0.243671 0.349294 0.296791 0.382677 0.249808 0.228607 0.243273 0.227266 0.298128 0.145342 0.225624 0.225202 0.350965 0.30007 0.378411 0.380994 0.391256 0.346615 0.226091 0.214185
0.34909 0.380567 0.215741 0.241733 0.226071 0.243671 0.349294 0.296791 0.382677 0.249808 0.228607 0.243273 0.227266 0.298128 0.145342 0.225624 0.225202 0.350965 0.30007 0.378411 0.380994 0.391256 0.346615 0.226091 0.214185
0.34909 0.380567 0.215741 0.241733 0.226071 0.243672 0.349294 0.296791 0.382677 0.249808 0.228607 0.243273 0.227266 0.298128 0.145342 0.225624 0.225202 0.350965 0.30007 0.378411 0.380994 0.391256 0.346615 0.226091 0.214185
0.34909 0.380567 0.215741 0.241733 0.226071 0.243672 0.349294 0.296791 0.382677 0.249808 0.228607 0.243273 0.227266 0.298128 0.145342 0.225624 0.225202 0.350965 0.30007 0.378411 0.380994 0.391256 0.346615 0.226091 0.214185
0.34909 0.380567 0.215741 0.241733 0.226071 0.243672 0.349294 0.296791 0.382677 0.249808 0.228607 0.243273 0.227266 0.298128 0.145342 0.225624 0.225202 0.350965 0.30007 0.378411 0.380994 0.391256 0.346615 0.226091 0.214185
0.34909 0.380567 0.215741 0.241733 0.226071 0.243672 0.349294 0.296791 0.382677 0.249808 0.228607 0.243273 0.227266 0.298128 0.145342 0.225624 0.225202 0.350965 0.30007 0.378411 0.380994 0.391256 0.346615 0.226091 0.214185
0.34909 0.380567 0.215741 0.241733 0.226071 0.243672 0.349294 0.296791 0.382677 0.249808 0.228607 0.243273 0.227266 0.298128 0.145342 0.225624 0.225202 0.350965 0.30007 0.378411 0.380994 0.391256 0.346615 0.226091 0.214185
0.34909 0.380567 0.215741 0.241733 0.226071 0.243672 0.349294 0.296791 0.382677 0.249808 0.228607 0.243273 0.227266 0.298128 0.145342 0.225624 0.225202 0.350965 0.30007 0.378411 0.380994 0.391256 0.346615 0.226091 0.214185
0.34909 0.380567 0.215741 0.241733 0.226071 0.243672 0.349293 0.296791 0.382677 0.249808 0.228607 0.243273 0.227266 0.298128 0.145342 0.225624 0.225202 0.350965 0.30007 0.378411 0.380994 0.391256 0.346615 0.226091 0.214185
0.34909 0.380567 0.215741 0.241733 0.226071 0.243672 0.349293 0.296791 0.382677 0.249808 0.228607 0.243273 0.227266 0.298128 0.145342 0.225624 0.225202 0.350965 0.30007 0.378411 0.380994 0.391256 0.346614 0.226091 0.214185
0.34909 0.380567 0.215741 0.241733 0.226071 0.243672 0.349293 0.296791 0.382677 0.249808 0.228607 0.243273 0.227266 0.298128 0.145342 0.225624 0.225202 0.350964 0.30007 0.378411 0.380994 0.391256 0.346614 0.226091 0.214185
0.34909 0.380567 0.215741 0.241733 0.226071 0.243672 0.349293 0.296791 0.382677 0.249808 0.228607 0.243273 0.227266 0.298128 0.145342 0.225624 0.225202 0.350964 0.30007 0.378411 0.380994 0.391256 0.346614 0.226091 0.214185
0.34909 0.380567 0.215741 0.241733 0.226071 0.243672 0.349293 0.296791 0.382677 0.249808 0.228607 0.243273 0.227266 0.298128 0.145342 0.225624 0.225202 0.350964 0.30007 0.378411 0.380994 0.391256 0.346614 0.226091 0.214185
0.34909 0.380567 0.215741 0.241733 0.226071 0.243672 0.349293 0.296791 0.382677 0.249808 0.228607 0.243273 0.227266 0.298128 0.145342 0.225624 0.225202 0.350964 0.30007 0.378411 0.380994 0.391256 0.346614 0.226091 0.214185
0.34909 0.380567 0.215741 0.241733 0.226071 0.243672 0.349293 0.296791 0.382677 0.249808 0.228607 0.243273 0.227266 0.298128 0.145342 0.225624 0.225202 0.350964 0.30007 0.378411 0.380994 0.391256 0.346614 0.226091 0.214185
0.34909 0.380567 0.215741 0.241733 0.226071 0.243672 0.349293 0.296791 0.382677 0.249808 0.228607 0.243273 0.227266 0.298128 0.145342 0.225624 0.225202 0.350964 0.30007 0.378411 0.380994 0.391256 0.346614 0.226091 0.214185
0.34909 0.380567 0.215741 0.241733 0.226071 0.243672 0.349293 0.296791 0.382677 0.249808 0.228607 0.243273 0.227266 0.298128 0.145342 0.225624 0.225202 0.350964 0.30007 0.378411 0.380994 0.391256 0.346614 0.226091 0.214185
0.34909 0.380567 0.215741 0.241733 0.226071 0.243672 0.349293 0.296791 0.382677 0.249808 0.228607 0.243273 0.227266 0.298128 0.145342 0.225624 0.225202 0.350964 0.30007 0.378411 0.380994 0.391256 0.346614 0.226091 0.214185
0.34909 0.380567 0.215741 0.241733 0.226071 0.243672 0.349293 0.296791 0.382677 0.249808 0.228607 0.243273 0.227266 0.298128 0.145342 0.225624 0.225202 0.350964 0.30007 0.378411 0.380994 0.391256 0.346614 0.226091 0.214185
0.34909 0.380567 0.215741 0.241733 0.226071 0.243672 0.349293 0.296791 0.382677 0.249808 0.228607 0.243273 0.227266 0.298128 0.145342 0.225624 0.225202 0.350964 0.30007 0.378411 0.380994 0.391256 0.346614 0.226091 0.214185
0.34909 0.380567 0.215741 0.241733 0.226071 0.243672 0.349293 0.296791 0.382677 0.249808 0.228607 0.243273 0.227266 0.298128 0.145342 0.225624 0.225202 0.350964 0.30007 0.378411 0.380994 0.391256 0.346614 0.226091 0.214185
0.34909 0.380567 0.215741 0.241733 0.226071 0.243672 0.349293 0.296791 0.382677 0.249808 0.228607 0.243273 0.227266 0.298128 0.145342 0.225624 0.225202 0.350964 0.30007 0.378411 0.380994 0.391256 0.346614 0.226091 0.214185
0.34909 0.380567 0.215741 0.241733 0.226071 0.243672 0.349293 0.296791 0.382677 0.249808 0.228607 0.243273 0.227266 0.298128 0.145342 0.225624 0.225202 0.350964 0.30007 0.378411 0.380994 0.391256 0.346614 0.226091 0.214185
0.34909 0.380567 0.215741 0.241733 0.226071 0.243672 0.349293 0.296791 0.382677 0.249808 0.228607 0.243273 0.227266 0.298128 0.145342 0.225624 0.225202 0.350964 0.30007 0.378411 0.380994 0.391256 0.346614 0.226091 0.214185
0.34909 0.380567 0.215741 0.241733 0.226071 0.243672 0.349293 0.296791 0.382677 0.249808 0.228607 0.243273 0.227266 0.298128 0.145342 0.225624 0.225202 0.350964 0.30007 0.378411 0.380994 0.391256 0.346614 0.226091 0.214185
0.34909 0.380567 0.215741 0.241733 0.226071 0.243672 0.349293 0.296791 0.382677 0.249808 0.228607 0.243273 0.227266 0.298128 0.145342 0.225624 0.225202 0.350964 0.30007 0.378411 0.380994 0.391255 0.346614 0.226091 0.214185
0.34909 0.380567 0.215741 0.241733 0.226071 0.243672 0.349293 0.296791 0.382677 0.249808 0.228607 0.243273 0.227266 0.298128 0.145342 0.225624 0.225202 0.350964 0.30007 0.378411 0.380994 0.391255 0.346614 0.226091 0.214185
0.34909 0.380567 0.215741 0.241733 0.226071 0.243672 0.349293 0.296791 0.382677 0.249808 0.228607 0.243273 0.227266 0.298128 0.145342 0.225624 0.225202 0.350964 0.30007 0.378411 0.380994 0.391255 0.346614 0.226091 0.214185
0.34909 0.380567 0.215741 0.241733 0.226071 0.243672 0.349293 0.296791 0.382677 0.249808 0.228607 0.243273 0.227266 0.298128 0.145342 0.225624 0.225202 0.350964 0.30007 0.378411 0.380994 0.391255 0.346614 0.226091 0.214185
0.34909 0.380567 0.215741 0.241733 0.226071 0.243672 0.349293 0.296791 0.382677 0.249808 0.228607 0.243273 0.227266 0.298128 0.145342 0.225624 0.225202 0.350964 0.30007 0.378411 0.380994 0.391255 0.346614 0.226091 0.214185
0.34909 0.380567 0.215741 0.241733 0.226071 0.243672 0.349293 0.296791 0.382677 0.249808 0.228607 0.243273 0.227266 0.298128 0.145342 0.225624 0.225202 0.350964 0.30007 0.378411 0.380994 0.391255 0.346614 0.226091 0.214185
0.34909 0.380567 0.215741 0.241733 0.226071 0.243672 0.349293 0.296791 0.382677 0.249808 0.228607 0.243273 0.227266 0.298128 0.145342 0.225624 0.225202 0.350964 0.30007 0.378411 0.380994 0.391255 0.346614 0.226091 0.214185
0.34909 0.380567 0.215741 0.241733 0.226071 0.243672 0.349293 0.296791 0.382677 0.249808 0.228607 0.243273 0.227266 0.298128 0.145342 0.225624 0.225202 0.350964 0.30007 0.378411 0.380994 0.391255 0.346614 0.226091 0.214185
0.34909 0.380567 0.215741 0.241733 0.226071 0.243672 0.349293 0.296791 0.382677 0.249808 0.228607 0.243273 0.227266 0.298128 0.145342 0.225624 0.225202 0.350964 0.30007 0.378411 0.380994 0.391255 0.346614 0.226091 0.214185
0.34909 0.380567 0.215741 0.241733 0.226071 0.243672 0.349293 0.296791 0.382677 0.249808 0.228607 0.243273 0.227266 0.298128 0.145342 0.225624 0.225202 0.350964 0.30007 0.378411 0.380994 0.391255 0.346614 0.226091 0.214185
0.34909 0.380567 0.215741 0.241733 0.226071 0.243672 0.349293 0.296791 0.382677 0.249808 0.228607 0.243273 0.227266 0.298128 0.145342 0.225624 0.225202 0.350964 0.30007 0.378411 0.380994 0.391255 0.346614 0.226091 0.214185
0.34909 0.380567 0.215741 0.241733 0.226071 0.243672 0.349293 0.296791 0.382677 0.249808 0.228607 0.243273 0.227266 0.298128 0.145342 0.225624 0.225202 0.350964 0.30007 0.378411 0.380994 0.391255 0.346614 0.226091 0.214185
0.34909 0.380567 0.215741 0.241733 0.226071 0.243672 0.349293 0.296791 0.382677 0.249808 0.228607 0.243273 0.227266 0.298128 0.145342 0.225624 0.225202 0.350964 0.30007 0.378411 0.380994 0.391255 0.346614 0.226091 0.214185
0.34909 0.380567 0.215741 0.241733 0.226071 0.243672 0.349293 0.296791 0.382677 0.249808 0.228607 0.243273 0.227266 0.298128 0.145342 0.225624 0.225202 0.350964 0.30007 0.378411 0.380994 0.391255 0.346614 0.226091 0.214185
0.34909 0.380567 0.215741 0.241733 0.226071 0.243672 0.349293 0.296791 0.382677 0.249808 0.228607 0.243273 0.227266 0.298128 0.145342 0.225624 0.225202 0.350964 0.30007 0.378411 0.380994 0.391255 0.346614 0.226091 0.214185
0.34909 0.380567 0.215741 0.241733 0.226071 0.243672 0.349293 0.296791 0.382677 0.249808 0.228607 0.243273 0.227266 0.298128 0.145342 0.225624 0.225202 0.350964 0.30007 0.378411 0.380994 0.391255 0.346614 0.226091 0.214185
0.34909 0.380567 0.215741 0.241733 0.226071 0.243672 0.349293 0.296791 0.382677 0.249808 0.228607 0.243273 0.227266 0.298128 0.145342 0.225624 0.225202 0.350964 0.30007 0.378411 0.380994 0.391255 0.346614 0.226091 0.214185
0.34909 0.380567 0.215741 0.241733 0.226071 0.243672 0.349293 0.296791 0.382677 0.249808 0.228607 0.243273 0.227266 0.298128 0.145342 0.225624 0.225202 0.350964 0.30007 0.378411 0.380994 0.391255 0.346614 0.226091 0.214185
0.34909 0.380567 0.215741 0.241733 0.226071 0.243672 0.349293 0.296791 0.382677 0.249808 0.228607 0.243273 0.227266 0.298128 0.145342 0.225624 0.225202 0.350964 0.30007 0.378411 0.380994 0.391255 0.346614 0.226091 0.214185
0.34909 0.380567 0.215741 0.241733 0.226071 0.243672 0.349293 0.296791 0.382677 0.249808 0.228607 0.243273 0.227266 0.298128 0.145342 0.225624 0.225202 0.350964 0.30007 0.378411 0.380994 0.391255 0.346614 0.226091 0.214185
0.34909 0.380567 0.215741 0.241733 0.226071 0.243672 0.349293 0.296791 0.382677 0.249808 0.228607 0.243273 0.227266 0.298128 0.145342 0.225624 0.225202 0.350964 0.30007 0.378411 0.380994 0.391255 0.346614 0.226091 0.214185
0.34909 0.380567 0.215741 0.241733 0.226071 0.243672 0.349293 0.296791 0.382677 0.249808 0.228607 0.243273 0.227266 0.298128 0.145342 0.225624 0.225202 0.350964 0.30007 0.378411 0.380994 0.391255 0.346614 0.226091 0.214185
0.34909 0.380567 0.215741 0.241733 0.226071 0.243672 0.349293 0.296791 0.382677 0.249808 0.228607 0.243273 0.227266 0.298128 0.145342 0.225624 0.225202 0.350964 0.30007 0.378411 0.380994 0.391255 0.346614 0.226091 0.214185
0.34909 0.380567 0.215741 0.241733 0.226071 0.243672 0.349293 0.296791 0.382677 0.249808 0.228607 0.243273 0.227266 0.298128 0.145342 0.225624 0.225202 0.350964 0.30007 0.378411 0.380994 0.391255 0.346614 0.226091 0.214185
0.34909 0.380567 0.215741 0.241733 0.226071 0.243672 0.349293 0.296791 0.382677 0.249808 0.228607 0.243273 0.227266 0.298128 0.145342 0.225624 0.225202 0.350964 0.30007 0.378411 0.380994 0.391255 0.346614 0.226091 0.214185
0.34909 0.380567 0.215741 0.241733 0.226071 0.243672 0.349293 0.296791 0.382677 0.249808 0.228607 0.243273 0.227266 0.298128 0.145342 0.225624 0.225202 0.350964 0.30007 0.378411 0.380994 0.391255 0.346614 0.226091 0.214185
0.34909 0.380567 0.215741 0.241733 0.226071 0.243672 0.349293 0.296791 0.382677 0.249808 0.228607 0.243273 0.227266 0.298128 0.145342 0.225624 0.225202 0.350964 0.30007 0.378411 0.380994 0.391255 0.346614 0.226091 0.214185
0.34909 0.380567 0.215741 0.241733 0.226071 0.243672 0.349293 0.296791 0.382677 0.249808 0.228607 0.243273 0.227266 0.298128 0.145342 0.225624 0.225202 0.350964 0.30007 0.378411 0.380994 0.391255 0.346614 0.226091 0.214185
0.34909 0.380567 0.215741 0.241733 0.226071 0.243672 0.349293 0.296791 0.382677 0.249808 0.228607 0.243273 0.227266 0.298128 0.145342 0.225624 0.225202 0.350964 0.300071 0.378411 0.380994 0.391255 0.346614 0.226091 0.214185
0.34909 0.380567 0.215741 0.241733 0.226071 0.243672 0.349293 0.296791 0.382677 0.249808 0.228607 0.243273 0.227266 0.298128 0.145342 0.225624 0.225202 0.350964 0.300071 0.378411 0.380994 0.391255 0.346614 0.226091 0.214185
0.34909 0.380567 0.215741 0.241733 0.226071 0.243672 0.349293 0.296791 0.382677 0.249808 0.228607 0.243273 0.227266 0.298128 0.145342 0.225624 0.225202 0.350964 0.300071 0.378411 0.380994 0.391255 0.346614 0.226091 0.214185
0.34909 0.380567 0.215741 0.241733 0.226071 0.243672 0.349293 0.296791 0.382677 0.249808 0.228607 0.243273 0.227266 0.298128 0.145342 0.225624 0.225202 0.350964 0.300071 0.378411 0.380994 0.391255 0.346614 0.226091 0.214185
0.34909 0.380567 0.215741 0.241733 0.226071 0.243672 0.349293 0.296791 0.382677 0.249808 0.228607 0.243273 0.227266 0.298128 0.145342 0.225624 0.225202 0.350964 0.300071 0.378411 0.380994 0.391255 0.346614 0.226091 0.214185
0.34909 0.380567 0.215741 0.241733 0.226071 0.243672 0.349293 0.296791 0.382677 0.249808 0.228607 0.243273 0.227266 0.298128 0.145342 0.225624 0.225202 0.350964 0.300071 0.378411 0.380994 0.391255 0.346614 0.226091 0.214185
0.34909 0.380567 0.215741 0.241733 0.226071 0.243672 0.349293 0.296791 0.382677 0.249808 0.228607 0.243273 0.227266 0.298128 0.145342 0.225624 0.225202 0.350964 0.300071 0.378411 0.380994 0.391255 0.346614 0.226091 0.214185
0.34909 0.380567 0.215741 0.241733 0.226071 0.243672 0.349293 0.296791 0.382677 0.249808 0.228607 0.243273 0.227266 0.298128 0.145342 0.225624 0.225202 0.350964 0.300071 0.378411 0.380994 0.391255 0.346614 0.226091 0.214185
0.34909 0.380567 0.215741 0.241733 0.226071 0.243672 0.349293 0.296791 0.382677 0.249808 0.228607 0.243273 0.227266 0.298128 0.145342 0.225624 0.225202 0.350964 0.300071 0.378411 0.380994 0.391255 0.346614 0.226091 0.214185
0.34909 0.380567 0.215741 0.241733 0.226071 0.243672 0.349293 0.296791 0.382677 0.249808 0.228607 0.243273 0.227266 0.298128 0.145342 0.225624 0.225202 0.350964 0.300071 0.378411 0.380994 0.391255 0.346614 0.226091 0.214185
0.34909 0.380567 0.215741 0.241733 0.226071 0.243672 0.349293 0.296791 0.382677 0.249808 0.228607 0.243273 0.227266 0.298128 0.145342 0.225624 0.225202 0.350964 0.300071 0.378411 0.380994 0.391255 0.346614 0.226091 0.214185
0.34909 0.380567 0.215741 0.241733 0.226071 0.243672 0.349293 0.296791 0.382677 0.249808 0.228607 0.243273 0.227266 0.298128 0.145342 0.225624 0.225202 0.350964 0.300071 0.378411 0.380994 0.391255 0.346614 0.226091 0.214185
0.34909 0.380567 0.215741 0.241733 0.226071 0.243672 0.349293 0.296791 0.382677 0.249808 0.228607 0.243273 0.227266 0.298128 0.145342 0.225624 0.225202 0.350964 0.300071 0.378411 0.380994 0.391255 0.346614 0.226091 0.214185
0.34909 0.380567 0.215741 0.241733 0.226071 0.243672 0.349293 0.296791 0.382677 0.249808 0.228607 0.243273 0.227266 0.298128 0.145342 0.225624 0.225202 0.350964 0.300071 0.378411 0.380994 0.391255 0.346614 0.226091 0.214185
0.34909 0.380567 0.215741 0.241733 0.226071 0.243672 0.349293 0.296791 0.382677 0.249808 0.228607 0.243273 0.227266 0.298128 0.145342 0.225624 0.225202 0.350964 0.300071 0.378411 0.380994 0.391255 0.346614 0.226091 0.214185
0.34909 0.380567 0.215741 0.241733 0.226071 0.243672 0.349293 0.296791 0.382677 0.249808 0.228607 0.243273 0.227266 0.298128 0.145342 0.225624 0.225202 0.350964 0.300071 0.378411 0.380994 0.391255 0.346614 0.226091 0.214185
0.34909 0.380567 0.215741 0.241733 0.226071 0.243672 0.349293 0.296791 0.382677 0.249808 0.228607 0.243273 0.227266 0.298128 0.145342 0.225624 0.225202 0.350964 0.300071 0.378411 0.380994 0.391255 0.346614 0.226091 0.214185
0.34909 0.380567 0.215741 0.241733 0.226071 0.243672 0.349293 0.296791 0.382677 0.249808 0.228607 0.243273 0.227266 0.298128 0.145342 0.225624 0.225202 0.350964 0.300071 0.378411 0.380994 0.391255 0.346614 0.226091 0.214185
0.34909 0.380567 0.215741 0.241733 0.226071 0.243672 0.349293 0.296791 0.382677 0.249808 0.228607 0.243273 0.227266 0.298128 0.145342 0.225624 0.225202 0.350964 0.300071 0.378411 0.380994 0.391255 0.346614 0.226091 0.214185
0.34909 0.380567 0.215741 0.241733 0.226071 0.243672 0.349293 0.296791 0.382677 0.249808 0.228607 0.243273 0.227266 0.298128 0.145342 0.225624 0.225202 0.350964 0.300071 0.378411 0.380994 0.391255 0.346614 0.226091 0.214185
0.34909 0.380567 0.215741 0.241733 0.226071 0.243672 0.349293 0.296791 0.382677 0.249808 0.228607 0.243273 0.227266 0.298128 0.145342 0.225624 0.225202 0.350964 0.300071 0.378411 0.380994 0.391255 0.346614 0.226091 0.214185
0.34909 0.380567 0.215741 0.241733 0.226071 0.243672 0.349293 0.296791 0.382677 0.249808 0.228607 0.243273 0.227266 0.298128 0.145342 0.225624 0.225202 0.350964 0.300071 0.378411 0.380994 0.391255 0.346614 0.226091 0.214185
0.34909 0.380567 0.215741 0.241733 0.226071 0.243672 0.349293 0.296791 0.382677 0.249808 0.228607 0.243273 0.227266 0.298128 0.145342 0.225624 0.225202 0.350964 0.300071 0.378411 0.380994 0.391255 0.346614 0.226091 0.214185
0.34909 0.380567 0.215741 0.241733 0.226071 0.243672 0.349293 0.296791 0.382677 0.249808 0.228607 0.243273 0.227266 0.298128 0.145342 0.225624 0.225202 0.350964 0.300071 0.378411 0.380994 0.391255 0.346614 0.226091 0.214185
0.34909 0.380567 0.215741 0.241733 0.226071 0.243672 0.349293 0.296791 0.382677 0.249808 0.228607 0.243273 0.227266 0.298128 0.145342 0.225624 0.225202 0.350964 0.300071 0.378411 0.380994 0.391255 0.346614 0.226091 0.214185
0.34909 0.380567 0.215741 0.241733 0.226071 0.243672 0.349293 0.296791 0.382677 0.249808 0.228607 0.243273 0.227266 0.298128 0.145342 0.225624 0.225202 0.350964 0.300071 0.378411 0.380994 0.391255 0.346614 0.226091 0.214185
0.34909 0.380567 0.215741 0.241733 0.226071 0.243672 0.349293 0.296791 0.382677 0.249808 0.228607 0.243273 0.227266 0.298128 0.145342 0.225624 0.225202 0.350964 0.300071 0.378411 0.380994 0.391255 0.346614 0.226091 0.214185
0.34909 0.380567 0.215741 0.241733 0.226071 0.243672 0.349293 0.296791 0.382677 0.249808 0.228607 0.243273 0.227266 0.298128 0.145342 0.225624 0.225202 0.350964 0.300071 0.378411 0.380994 0.391255 0.346614 0.226091 0.214185
0.34909 0.380567 0.215741 0.241733 0.226071 0.243672 0.349293 0.296791 0.382677 0.249808 0.228607 0.243273 0.227266 0.298128 0.145342 0.225624 0.225202 0.350964 0.300071 0.378411 0.380994 0.391255 0.346614 0.226091 0.214185
0.34909 0.380567 0.215741 0.241733 0.226071 0.243672 0.349293 0.296791 0.382677 0.249808 0.228607 0.243273 0.227266 0.298128 0.145342 0.225624 0.225202 0.350964 0.300071 0.378411 0.380994 0.391255 0.346614 0.226091 0.214185
0.34909 0.380567 0.215741 0.241733 0.226071 0.243672 0.349293 0.296791 0.382677 0.249808 0.228607 0.243273 0.227266 0.298128 0.145342 0.225624 0.225202 0.350964 0.300071 0.378411 0.380994 0.391255 0.346614 0.226091 0.214185
0.34909 0.380567 0.215741 0.241733 0.226071 0.243672 0.349293 0.296791 0.382677 0.249808 0.228607 0.243273 0.227266 0.298128 0.145342 0.225624 0.225202 0.350964 0.300071 0.378411 0.380994 0.391255 0.346614 0.226091 0.214185
0.34909 0.380567 0.215741 0.241733 0.226071 0.243672 0.349293 0.296791 0.382677 0.249808 0.228607 0.243273 0.227266 0.298128 0.145342 0.225624 0.225202 0.350964 0.300071 0.378411 0.380994 0.391255 0.346614 0.226091 0.214185
0.34909 0.380567 0.215741 0.241733 0.226071 0.243672 0.349293 0.296791 0.382677 0.249808 0.228607 0.243273 0.227266 0.298128 0.145342 0.225624 0.225202 0.350964 0.300071 0.378411 0.380994 0.391255 0.346614 0.226091 0.214185
0.34909 0.380567 0.215741 0.241733 0.226071 0.243672 0.349293 0.296791 0.382677 0.249808 0.228607 0.243273 0.227266 0.298128 0.145342 0.225624 0.225202 0.350964 0.300071 0.378411 0.380994 0.391255 0.346614 0.226091 0.214185
0.34909 0.380567 0.215741 0.241733 0.226071 0.243672 0.349293 0.296791 0.382677 0.249808 0.228607 0.243273 0.227266 0.298128 0.145342 0.225624 0.225202 0.350964 0.300071 0.378411 0.380994 0.391255 0.346614 0.226091 0.214185
0.34909 0.380567 0.215741 0.241733 0.226071 0.243672 0.349293 0.296791 0.382677 0.249808 0.228607 0.243273 0.227266 0.298128 0.145342 0.225624 0.225202 0.350964 0.300071 0.378411 0.380994 0.391255 0.346614 0.226091 0.214185
0.34909 0.380567 0.215741 0.241733 0.226071 0.243672 0.349293 0.296791 0.382677 0.249808 0.228607 0.243273 0.227266 0.298128 0.145342 0.225624 0.225202 0.350964 0.300071 0.378411 0.380994 0.391255 0.346614 0.226091 0.214185
0.34909 0.380567 0.215741 0.241733 0.226071 0.243672 0.349293 0.296791 0.382677 0.249808 0.228607 0.243273 0.227266 0.298128 0.145342 0.225624 0.225202 0.350964 0.300071 0.378411 0.380994 0.391255 0.346614 0.226091 0.214185
0.34909 0.380567 0.215741 0.241733 0.226071 0.243672 0.349293 0.296791 0.382677 0.249808 0.228607 0.243273 0.227266 0.298128 0.145342 0.225624 0.225202 0.350964 0.300071 0.378411 0.380994 0.391255 0.346614 0.226091 0.214185
0.34909 0.380567 0.215741 0.241733 0.226071 0.243672 0.349293 0.296791 0.382677 0.249808 0.228607 0.243273 0.227266 0.298128 0.145342 0.225624 0.225202 0.350964 0.300071 0.378411 0.380994 0.391255 0.346614 0.226091 0.214185
0.34909 0.380567 0.215741 0.241733 0.226071 0.243672 0.349293 0.296791 0.382677 0.249808 0.228607 0.243273 0.227266 0.298128 0.145342 0.225624 0.225202 0.350964 0.300071 0.378411 0.380994 0.391255 0.346614 0.226091 0.214185
0.34909 0.380567 0.215741 0.241733 0.226071 0.243672 0.349293 0.296791 0.382677 0.249808 0.228607 0.243273 0.227266 0.298128 0.145342 0.225624 0.225202 0.350964 0.300071 0.378411 0.380994 0.391255 0.346614 0.226091 0.214185
0.34909 0.380567 0.215741 0.241733 0.226071 0.243672 0.349293 0.296791 0.382677 0.249808 0.228607 0.243273 0.227266 0.298128 0.145342 0.225624 0.225202 0.350964 0.300071 0.378411 0.380994 0.391255 0.346614 0.226091 0.214185
0.34909 0.380567 0.215741 0.241733 0.226071 0.243672 0.349293 0.296791 0.382677 0.249808 0.228607 0.243273 0.227266 0.298128 0.145342 0.225624 0.225202 0.350964 0.300071 0.378411 0.380994 0.391255 0.346614 0.226091 0.214185
0.34909 0.380567 0.215741 0.241733 0.226071 0.243672 0.349293 0.296791 0.382677 0.249808 0.228607 0.243273 0.227266 0.298128 0.145342 0.225624 0.225202 0.350964 0.300071 0.378411 0.380994 0.391255 0.346614 0.226091 0.214185
0.34909 0.380567 0.215741 0.241733 0.226071 0.243672 0.349293 0.296791 0.382677 0.249808 0.228607 0.243273 0.227266 0.298128 0.145342 0.225624 0.225202 0.350964 0.300071 0.378411 0.380994 0.391255 0.346614 0.226091 0.214185
0.34909 0.380567 0.215741 0.241733 0.226071 0.243672 0.349293 0.296791 0.382677 0.249808 0.228607 0.243273 0.227266 0.298128 0.145342 0.225624 0.225202 0.350964 0.300071 0.378411 0.380994 0.391255 0.346614 0.226091 0.214185
0.34909 0.380567 0.215741 0.241733 0.226071 0.243672 0.349293 0.296791 0.382677 0.249808 0.228607 0.243273 0.227266 0.298128 0.145342 0.225624 0.225202 0.350964 0.300071 0.378411 0.380994 0.391255 0.346614 0.226091 0.214185
0.34909 0.380567 0.215741 0.241733 0.226071 0.243672 0.349293 0.296791 0.382677 0.249808 0.228607 0.243273 0.227266 0.298128 0.145342 0.225624 0.225202 0.350964 0.300071 0.378411 0.380994 0.391255 0.346614 0.226091 0.214185
0.34909 0.380567 0.215741 0.241733 0.226071 0.243672 0.349293 0.296791 0.382677 0.249808 0.228607 0.243273 0.227266 0.298128 0.145342 0.225624 0.225202 0.350964 0.300071 0.378411 0.380994 0.391255 0.346614 0.226091 0.214185
0.34909 0.380567 0.215741 0.241733 0.226071 0.243672 0.349293 0.296791 0.382677 0.249808 0.228607 0.243273 0.227266 0.298128 0.145342 0.225624 0.225202 0.350964 0.300071 0.378411 0.380994 0.391255 0.346614 0.226091 0.214185
0.34909 0.380567 0.215741 0.241733 0.226071 0.243672 0.349293 0.296791 0.382677 0.249808 0.228607 0.243273 0.227266 0.298128 0.145342 0.225624 0.225202 0.350964 0.300071 0.378411 0.380994 0.391255 0.346614 0.226091 0.214185
0.34909 0.380567 0.215741 0.241733 0.226071 0.243672 0.349293 0.296791 0.382677 0.249808 0.228607 0.243273 0.227266 0.298128 0.145342 0.225624 0.225202 0.350964 0.300071 0.378411 0.380994 0.391255 0.346614 0.226091 0.214185
0.34909 0.380567 0.215741 0.241733 0.226071 0.243672 0.349293 0.296791 0.382677 0.249808 0.228607 0.243273 0.227266 0.298128 0.145342 0.225624 0.225202 0.350964 0.300071 0.378411 0.380994 0.391255 0.346614 0.226091 0.214185
0.34909 0.380567 0.215741 0.241733 0.226071 0.243672 0.349293 0.296791 0.382677 0.249808 0.228607 0.243273 0.227266 0.298128 0.145342 0.225624 0.225202 0.350964 0.300071 0.378411 0.380994 0.391255 0.346614 0.226091 0.214185
0.34909 0.380567 0.215741 0.241733 0.226071 0.243672 0.349293 0.296791 0.382677 0.249808 0.228607 0.243273 0.227266 0.298128 0.145342 0.225624 0.225202 0.350964 0.300071 0.378411 0.380994 0.391255 0.346614 0.226091 0.214185
0.34909 0.380567 0.215741 0.241733 0.226071 0.243672 0.349293 0.296791 0.382677 0.249808 0.228607 0.243273 0.227266 0.298128 0.145342 0.225624 0.225202 0.350964 0.300071 0.378411 0.380994 0.391255 0.346614 0.226091 0.214185
0.34909 0.380567 0.215741 0.241733 0.226071 0.243672 0.349293 0.296791 0.382677 0.249808 0.228607 0.243273 0.227266 0.298128 0.145342 0.225624 0.225202 0.350964 0.300071 0.378411 0.380994 0.391255 0.346614 0.226091 0.214185
0.34909 0.380567 0.215741 0.241733 0.226071 0.243672 0.349293 0.296791 0.382677 0.249808 0.228607 0.243273 0.227266 0.298128 0.145342 0.225624 0.225202 0.350964 0.300071 0.378411 0.380994 0.391255 0.346614 0.226091 0.214185
0.34909 0.380567 0.215741 0.241733 0.226071 0.243672 0.349293 0.296791 0.382677 0.249808 0.228607 0.243273 0.227266 0.298128 0.145342 0.225624 0.225202 0.350964 0.300071 0.378411 0.380994 0.391255 0.346614 0.226091 0.214185
0.34909 0.380567 0.215741 0.241733 0.226071 0.243672 0.349293 0.296791 0.382677 0.249808 0.228607 0.243273 0.227266 0.298128 0.145342 0.225624 0.225202 0.350964 0.300071 0.378411 0.380994 0.391255 0.346614 0.226091 0.214185
0.34909 0.380567 0.215741 0.241733 0.226071 0.243672 0.349293 0.296791 0.382677 0.249808 0.228607 0.243273 0.227266 0.298128 0.145342 0.225624 0.225202 0.350964 0.300071 0.378411 0.380994 0.391255 0.346614 0.226091 0.214185
0.34909 0.380567 0.215741 0.241733 0.226071 0.243672 0.349293 0.296791 0.382677 0.249808 0.228607 0.243273 0.227266 0.298128 0.145342 0.225624 0.225202 0.350964 0.300071 0.378411 0.380994 0.391255 0.346614 0.226091 0.214185
0.34909 0.380567 0.215741 0.241733 0.226071 0.243672 0.349293 0.296791 0.382677 0.249808 0.228607 0.243273 0.227266 0.298128 0.145342 0.225624 0.225202 0.350964 0.300071 0.378411 0.380994 0.391255 0.346614 0.226091 0.214185
0.34909 0.380567 0.215741 0.241733 0.226071 0.243672 0.349293 0.296791 0.382677 0.249808 0.228607 0.243273 0.227266 0.298128 0.145342 0.225624 0.225202 0.350964 0.300071 0.378411 0.380994 0.391255 0.346614 0.226091 0.214185
0.34909 0.380567 0.215741 0.241733 0.226071 0.243672 0.349293 0.296791 0.382677 0.249808 0.228607 0.243273 0.227266 0.298128 0.145342 0.225624 0.225202 0.350964 0.300071 0.378411 0.380994 0.391255 0.346614 0.226091 0.214185
0.34909 0.380567 0.215741 0.241733 0.226071 0.243672 0.349293 0.296791 0.382677 0.249808 0.228607 0.243273 0.227266 0.298128 0.145342 0.225624 0.225202 0.350964 0.300071 0.378411 0.380994 0.391255 0.346614 0.226091 0.214185
0.34909 0.380567 0.215741 0.241733 0.226071 0.243672 0.349293 0.296791 0.382677 0.249808 0.228607 0.243273 0.227266 0.298128 0.145342 0.225624 0.225202 0.350964 0.300071 0.378411 0.380994 0.391255 0.346614 0.226091 0.214185
0.34909 0.380567 0.215741 0.241733 0.226071 0.243672 0.349293 0.296791 0.382677 0.249808 0.228607 0.243273 0.227266 0.298128 0.145342 0.225624 0.225202 0.350964 0.300071 0.378411 0.380994 0.391255 0.346614 0.226091 0.214185
0.34909 0.380567 0.215741 0.241733 0.226071 0.243672 0.349293 0.296791 0.382677 0.249808 0.228607 0.243273 0.227266 0.298128 0.145342 0.225624 0.225202 0.350964 0.300071 0.378411 0.380994 0.391255 0.346614 0.226091 0.214185
0.34909 0.380567 0.215741 0.241733 0.226071 0.243672 0.349293 0.296791 0.382677 0.249808 0.228607 0.243273 0.227266 0.298128 0.145342 0.225624 0.225202 0.350964 0.300071 0.378411 0.380994 0.391255 0.346614 0.226091 0.214185
0.34909 0.380567 0.215741 0.241733 0.226071 0.243672 0.349293 0.296791 0.382677 0.249808 0.228607 0.243273 0.227266 0.298128 0.145342 0.225624 0.225202 0.350964 0.300071 0.378411 0.380994 0.391255 0.346614 0.226091 0.214185
0.34909 0.380567 0.215741 0.241733 0.226071 0.243672 0.349293 0.296791 0.382677 0.249808 0.228607 0.243273 0.227266 0.298128 0.145342 0.225624 0.225202 0.350964 0.300071 0.378411 0.380994 0.391255 0.346614 0.226091 0.214185
0.34909 0.380567 0.215741 0.241733 0.226071 0.243672 0.349293 0.296791 0.382677 0.249808 0.228607 0.243273 0.227266 0.298128 0.145342 0.225624 0.225202 0.350964 0.300071 0.378411 0.380994 0.391255 0.346614 0.226091 0.214185
0.34909 0.380567 0.215741 0.241733 0.226071 0.243672 0.349293 0.296791 0.382677 0.249808 0.228607 0.243273 0.227266 0.298128 0.145342 0.225624 0.225202 0.350964 0.300071 0.378411 0.380994 0.391255 0.346614 0.226091 0.214185
0.34909 0.380567 0.215741 0.241733 0.226071 0.243672 0.349293 0.296791 0.382677 0.249808 0.228607 0.243273 0.227266 0.298128 0.145342 0.225624 0.225202 0.350964 0.300071 0.378411 0.380994 0.391255 0.346614 0.226091 0.214185
0.34909 0.380567 0.215741 0.241733 0.226071 0.243672 0.349293 0.296791 0.382677 0.249808 0.228607 0.243273 0.227266 0.298128 0.145342 0.225624 0.225202 0.350964 0.300071 0.378411 0.380994 0.391255 0.346614 0.226091 0.214185
0.34909 0.380567 0.215741 0.241733 0.226071 0.243672 0.349293 0.296791 0.382677 0.249808 0.228607 0.243273 0.227266 0.298128 0.145342 0.225624 0.225202 0.350964 0.300071 0.378411 0.380994 0.391255 0.346614 0.226091 0.214185
0.34909 0.380567 0.215741 0.241733 0.226071 0.243672 0.349293 0.296791 0.382677 0.249808 0.228607 0.243273 0.227266 0.298128 0.145342 0.225624 0.225202 0.350964 0.300071 0.378411 0.380994 0.391255 0.346614 0.226091 0.214185
0.34909 0.380567 0.215741 0.241733 0.226071 0.243672 0.349293 0.296791 0.382677 0.249808 0.228607 0.243273 0.227266 0.298128 0.145342 0.225624 0.225202 0.350964 0.300071 0.378411 0.380994 0.391255 0.346614 0.226091 0.214185
0.34909 0.380567 0.215741 0.241733 0.226071 0.243672 0.349293 0.296791 0.382677 0.249808 0.228607 0.243273 0.227266 0.298128 0.145342 0.225624 0.225202 0.350964 0.300071 0.378411 0.380994 0.391255 0.346614 0.226091 0.214185
0.34909 0.380567 0.215741 0.241733 0.226071 0.243672 0.349293 0.296791 0.382677 0.249808 0.228607 0.243273 0.227266 0.298128 0.145342 0.225624 0.225202 0.350964 0.300071 0.378411 0.380994 0.391255 0.346614 0.226091 0.214185
0.34909 0.380567 0.215741 0.241733 0.226071 0.243672 0.349293 0.296791 0.382677 0.249808 0.228607 0.243273 0.227266 0.298128 0.145342 0.225624 0.225202 0.350964 0.300071 0.378411 0.380994 0.391255 0.346614 0.226091 0.214185
0.34909 0.380567 0.215741 0.241733 0.226071 0.243672 0.349293 0.296791 0.382677 0.249808 0.228607 0.243273 0.227266 0.298128 0.145342 0.225624 0.225202 0.350964 0.300071 0.378411 0.380994 0.391255 0.346614 0.226091 0.214185
0.34909 0.380567 0.215741 0.241733 0.226071 0.243672 0.349293 0.296791 0.382677 0.249808 0.228607 0.243273 0.227266 0.298128 0.145342 0.225624 0.225202 0.350964 0.300071 0.378411 0.380994 0.391255 0.346614 0.226091 0.214185
0.34909 0.380567 0.215741 0.241733 0.226071 0.243672 0.349293 0.296791 0.382677 0.249808 0.228607 0.243273 0.227266 0.298128 0.145342 0.225624 0.225202 0.350964 0.300071 0.378411 0.380994 0.391255 0.346614 0.226091 0.214185
0.34909 0.380567 0.215741 0.241733 0.226071 0.243672 0.349293 0.296791 0.382677 0.249808 0.228607 0.243273 0.227266 0.298128 0.145342 0.225624 0.225202 0.350964 0.300071 0.378411 0.380994 0.391255 0.346614 0.226091 0.214185
0.34909 0.380567 0.215741 0.241733 0.226071 0.243672 0.349293 0.296791 0.382677 0.249808 0.228607 0.243273 0.227266 0.298128 0.145342 0.225624 0.225202 0.350964 0.300071 0.378411 0.380994 0.391255 0.346614 0.226091 0.214185
0.34909 0.380567 0.215741 0.241733 0.226071 0.243672 0.349293 0.296791 0.382677 0.249808 0.228607 0.243273 0.227266 0.298128 0.145342 0.225624 0.225202 0.350964 0.300071 0.378411 0.380994 0.391255 0.346614 0.226091 0.214185
0.34909 0.380567 0.215741 0.241733 0.226071 0.243672 0.349293 0.296791 0.382677 0.249808 0.228607 0.243273 0.227266 0.298128 0.145342 0.225624 0.225202 0.350964 0.300071 0.378411 0.380994 0.391255 0.346614 0.226091 0.214185
0.34909 0.380567 0.215741 0.241733 0.226071 0.243672 0.349293 0.296791 0.382677 0.249808 0.228607 0.243273 0.227266 0.298128 0.145342 0.225624 0.225202 0.350964 0.300071 0.378411 0.380994 0.391255 0.346614 0.226091 0.214185
0.34909 0.380567 0.215741 0.241733 0.226071 0.243672 0.349293 0.296791 0.382677 0.249808 0.228607 0.243273 0.227266 0.298128 0.145342 0.225624 0.225202 0.350964 0.300071 0.378411 0.380994 0.391255 0.346614 0.226091 0.214185
0.34909 0.380567 0.215741 0.241733 0.226071 0.243672 0.349293 0.296791 0.382677 0.249808 0.228607 0.243273 0.227266 0.298128 0.145342 0.225624 0.225202 0.350964 0.300071 0.378411 0.380994 0.391255 0.346614 0.226091 0.214185
0.34909 0.380567 0.215741 0.241733 0.226071 0.243672 0.349293 0.296791 0.382677 0.249808 0.228607 0.243273 0.227266 0.298128 0.145342 0.225624 0.225202 0.350964 0.300071 0.378411 0.380994 0.391255 0.346614 0.226091 0.214185
0.34909 0.380567 0.215741 0.241733 0.226071 0.243672 0.349293 0.296791 0.382677 0.249808 0.228607 0.243273 0.227266 0.298128 0.145342 0.225624 0.225202 0.350964 0.300071 0.378411 0.380994 0.391255 0.346614 0.226091 0.214185
0.34909 0.380567 0.215741 0.241733 0.226071 0.243672 0.349293 0.296791 0.382677 0.249808 0.228607 0.243273 0.227266 0.298128 0.145342 0.225624 0.225202 0.350964 0.300071 0.378411 0.380994 0.391255 0.346614 0.226091 0.214185
0.34909 0.380567 0.215741 0.241733 0.226071 0.243672 0.349293 0.296791 0.382677 0.249808 0.228607 0.243273 0.227266 0.298128 0.145342 0.225624 0.225202 0.350964 0.300071 0.378411 0.380994 0.391255 0.346614 0.226091 0.214185
0.34909 0.380567 0.215741 0.241733 0.226071 0.243672 0.349293 0.296791 0.382677 0.249808 0.228607 0.243273 0.227266 0.298128 0.145342 0.225624 0.225202 0.350964 0.300071 0.378411 0.380994 0.391255 0.346614 0.226091 0.214185
0.34909 0.380567 0.215741 0.241733 0.226071 0.243672 0.349293 0.296791 0.382677 0.249808 0.228607 0.243273 0.227266 0.298128 0.145342 0.225624 0.225202 0.350964 0.300071 0.378411 0.380994 0.391255 0.346614 0.226091 0.214185
0.34909 0.380567 0.215741 0.241733 0.226071 0.243672 0.349293 0.296791 0.382677 0.249808 0.228607 0.243273 0.227266 0.298128 0.145342 0.225624 0.225202 0.350964 0.300071 0.378411 0.380994 0.391255 0.346614 0.226091 0.214185
0.34909 0.380567 0.215741 0.241733 0.226071 0.243672 0.349293 0.296791 0.382677 0.249808 0.228607 0.243273 0.227266 0.298128 0.145342 0.225624 0.225202 0.350964 0.300071 0.378411 0.380994 0.391255 0.346614 0.226091 0.214185
0.34909 0.380567 0.215741 0.241733 0.226071 0.243672 0.349293 0.296791 0.382677 0.249808 0.228607 0.243273 0.227266 0.298128 0.145342 0.225624 0.225202 0.350964 0.300071 0.378411 0.380994 0.391255 0.346614 0.226091 0.214185
0.34909 0.380567 0.215741 0.241733 0.226071 0.243672 0.349293 0.296791 0.382677 0.249808 0.228607 0.243273 0.227266 0.298128 0.145342 0.225624 0.225202 0.350964 0.300071 0.378411 0.380994 0.391255 0.346614 0.226091 0.214185
0.34909 0.380567 0.215741 0.241733 0.226071 0.243672 0.349293 0.296791 0.382677 0.249808 0.228607 0.243273 0.227266 0.298128 0.145342 0.225624 0.225202 0.350964 0.300071 0.378411 0.380994 0.391255 0.346614 0.226091 0.214185
0.34909 0.380567 0.215741 0.241733 0.226071 0.243672 0.349293 0.296791 0.382677 0.249808 0.228607 0.243273 0.227266 0.298128 0.145342 0.225624 0.225202 0.350964 0.300071 0.378411 0.380994 0.391255 0.346614 0.226091 0.214185
0.34909 0.380567 0.215741 0.241733 0.226071 0.243672 0.349293 0.296791 0.382677 0.249808 0.228607 0.243273 0.227266 0.298128 0.145342 0.225624 0.225202 0.350964 0.300071 0.378411 0.380995 0.391255 0.346614 0.226091 0.214185
0.34909 0.380567 0.215741 0.241733 0.226071 0.243672 0.349293 0.296791 0.382677 0.249808 0.228607 0.243273 0.227266 0.298128 0.145342 0.225624 0.225202 0.350964 0.300071 0.378411 0.380995 0.391255 0.346614 0.226091 0.214185
0.34909 0.380567 0.215741 0.241733 0.226071 0.243672 0.349293 0.296791 0.382677 0.249808 0.228607 0.243273 0.227266 0.298128 0.145342 0.225624 0.225202 0.350964 0.300071 0.378411 0.380995 0.391255 0.346614 0.226091 0.214185
0.34909 0.380567 0.215741 0.241733 0.226071 0.243672 0.349293 0.296791 0.382677 0.249808 0.228607 0.243273 0.227266 0.298128 0.145342 0.225624 0.225202 0.350964 0.300071 0.378411 0.380995 0.391255 0.346614 0.226091 0.214185
0.34909 0.380567 0.215741 0.241733 0.226071 0.243672 0.349293 0.296791 0.382677 0.249808 0.228607 0.243273 0.227266 0.298128 0.145342 0.225624 0.225202 0.350964 0.300071 0.378411 0.380995 0.391255 0.346614 0.226091 0.214185
0.34909 0.380567 0.215741 0.241733 0.226071 0.243672 0.349293 0.296791 0.382677 0.249808 0.228607 0.243273 0.227266 0.298128 0.145342 0.225624 0.225202 0.350964 0.300071 0.378411 0.380995 0.391255 0.346614 0.226091 0.214185
0.34909 0.380567 0.215741 0.241733 0.226071 0.243672 0.349293 0.296791 0.382677 0.249808 0.228607 0.243273 0.227266 0.298128 0.145342 0.225624 0.225202 0.350964 0.300071 0.378411 0.380995 0.391255 0.346614 0.226091 0.214185
0.34909 0.380567 0.215741 0.241733 0.226071 0.243672 0.349293 0.296791 0.382677 0.249808 0.228607 0.243273 0.227266 0.298128 0.145342 0.225624 0.225202 0.350964 0.300071 0.378411 0.380995 0.391255 0.346614 0.226091 0.214185
0.34909 0.380567 0.215741 0.241733 0.226071 0.243672 0.349293 0.296791 0.382677 0.249808 0.228607 0.243273 0.227266 0.298128 0.145342 0.225624 0.225202 0.350964 0.300071 0.378411 0.380995 0.391255 0.346614 0.226091 0.214185
0.34909 0.380567 0.215741 0.241733 0.226071 0.243672 0.349293 0.296791 0.382677 0.249808 0.228607 0.243273 0.227266 0.298128 0.145342 0.225624 0.225202 0.350964 0.300071 0.378411 0.380995 0.391255 0.346614 0.226091 0.214185
0.34909 0.380567 0.215741 0.241733 0.226071 0.243672 0.349293 0.296791 0.382677 0.249808 0.228607 0.243273 0.227266 0.298128 0.145342 0.225624 0.225202 0.350964 0.300071 0.378411 0.380995 0.391255 0.346614 0.226091 0.214185
0.34909 0.380567 0.215741 0.241733 0.226071 0.243672 0.349293 0.296791 0.382677 0.249808 0.228607 0.243273 0.227266 0.298128 0.145342 0.225624 0.225202 0.350964 0.300071 0.378411 0.380995 0.391255 0.346614 0.226091 0.214185
0.34909 0.380567 0.215741 0.241733 0.226071 0.243672 0.349293 0.296791 0.382677 0.249808 0.228607 0.243273 0.227266 0.298128 0.145342 0.225624 0.225202 0.350964 0.300071 0.378411 0.380995 0.391255 0.346614 0.226091 0.214185
0.34909 0.380567 0.215741 0.241733 0.226071 0.243672 0.349293 0.296791 0.382677 0.249808 0.228607 0.243273 0.227266 0.298128 0.145342 0.225624 0.225202 0.350964 0.300071 0.378411 0.380995 0.391255 0.346614 0.226091 0.214185
0.34909 0.380567 0.215741 0.241733 0.226071 0.243672 0.349293 0.296791 0.382677 0.249808 0.228607 0.243273 0.227266 0.298128 0.145342 0.225624 0.225202 0.350964 0.300071 0.378411 0.380995 0.391255 0.346614 0.226091 0.214185
0.34909 0.380567 0.215741 0.241733 0.226071 0.243672 0.349293 0.296791 0.382677 0.249808 0.228607 0.243273 0.227266 0.298128 0.145342 0.225624 0.225202 0.350964 0.300071 0.378411 0.380995 0.391255 0.346614 0.226091 0.214185
0.34909 0.380567 0.215741 0.241733 0.226071 0.243672 0.349293 0.296791 0.382677 0.249808 0.228607 0.243273 0.227266 0.298128 0.145342 0.225624 0.225202 0.350964 0.300071 0.378411 0.380995 0.391255 0.346614 0.226091 0.214185
0.34909 0.380567 0.215741 0.241733 0.226071 0.243672 0.349293 0.296791 0.382677 0.249808 0.228607 0.243273 0.227266 0.298128 0.145342 0.225624 0.225202 0.350964 0.300071 0.378411 0.380995 0.391255 0.346614 0.226091 0.214185
0.34909 0.380567 0.215741 0.241733 0.226071 0.243672 0.349293 0.296791 0.382677 0.249808 0.228607 0.243273 0.227266 0.298128 0.145342 0.225624 0.225202 0.350964 0.300071 0.378411 0.380995 0.391255 0.346614 0.226091 0.214185
0.34909 0.380567 0.215741 0.241733 0.226071 0.243672 0.349293 0.296791 0.382677 0.249808 0.228607 0.243273 0.227266 0.298128 0.145342 0.225624 0.225202 0.350964 0.300071 0.378411 0.380995 0.391255 0.346614 0.226091 0.214185
0.34909 0.380567 0.215741 0.241733 0.226071 0.243672 0.349293 0.296791 0.382677 0.249808 0.228607 0.243273 0.227266 0.298128 0.145342 0.225624 0.225202 0.350964 0.300071 0.378411 0.380995 0.391255 0.346614 0.226091 0.214185
0.34909 0.380567 0.215741 0.241733 0.226071 0.243672 0.349293 0.296791 0.382677 0.249808 0.228607 0.243273 0.227266 0.298128 0.145342 0.225624 0.225202 0.350964 0.300071 0.378411 0.380995 0.391255 0.346614 0.226091 0.214185
0.34909 0.380567 0.215741 0.241733 0.226071 0.243672 0.349293 0.296791 0.382677 0.249808 0.228607 0.243273 0.227266 0.298128 0.145342 0.225624 0.225202 0.350964 0.300071 0.378411 0.380995 0.391255 0.346614 0.226091 0.214185
0.34909 0.380567 0.215741 0.241733 0.226071 0.243672 0.349293 0.296791 0.382677 0.249808 0.228607 0.243273 0.227266 0.298128 0.145342 0.225624 0.225202 0.350964 0.300071 0.378411 0.380995 0.391255 0.346614 0.226091 0.214185
0.34909 0.380567 0.215741 0.241733 0.226071 0.243672 0.349293 0.296791 0.382677 0.249808 0.228607 0.243273 0.227266 0.298128 0.145342 0.225624 0.225202 0.350964 0.300071 0.378411 0.380995 0.391255 0.346614 0.226091 0.214185
0.34909 0.380567 0.215741 0.241733 0.226071 0.243672 0.349293 0.296791 0.382677 0.249808 0.228607 0.243273 0.227266 0.298128 0.145342 0.225624 0.225202 0.350964 0.300071 0.378411 0.380995 0.391255 0.346614 0.226091 0.214185
0.34909 0.380567 0.215741 0.241733 0.226071 0.243672 0.349293 0.296791 0.382677 0.249808 0.228607 0.243273 0.227266 0.298128 0.145342 0.225624 0.225202 0.350964 0.300071 0.378411 0.380995 0.391255 0.346614 0.226091 0.214185
0.34909 0.380567 0.215741 0.241733 0.226071 0.243672 0.349293 0.296791 0.382677 0.249808 0.228607 0.243273 0.227266 0.298128 0.145342 0.225624 0.225202 0.350964 0.300071 0.378411 0.380995 0.391255 0.346614 0.226091 0.214185
0.34909 0.380567 0.215741 0.241733 0.226071 0.243672 0.349293 0.296791 0.382677 0.249808 0.228607 0.243273 0.227266 0.298128 0.145342 0.225624 0.225202 0.350964 0.300071 0.378411 0.380995 0.391255 0.346614 0.226091 0.214185
0.34909 0.380567 0.215741 0.241733 0.226071 0.243672 0.349293 0.296791 0.382677 0.249808 0.228607 0.243273 0.227266 0.298128 0.145342 0.225624 0.225202 0.350964 0.300071 0.378411 0.380995 0.391255 0.346614 0.226091 0.214185
0.34909 0.380567 0.215741 0.241733 0.226071 0.243672 0.349293 0.296791 0.382677 0.249808 0.228607 0.243273 0.227266 0.298128 0.145342 0.225624 0.225202 0.350964 0.300071 0.378411 0.380995 0.391255 0.346614 0.226091 0.214185
0.34909 0.380567 0.215741 0.241733 0.226071 0.243672 0.349293 0.296791 0.382677 0.249808 0.228607 0.243273 0.227266 0.298128 0.145342 0.225624 0.225202 0.350964 0.300071 0.378411 0.380995 0.391255 0.346614 0.226091 0.214185
0.34909 0.380567 0.215741 0.241733 0.226071 0.243672 0.349293 0.296791 0.382677 0.249808 0.228607 0.243273 0.227266 0.298128 0.145342 0.225624 0.225202 0.350964 0.300071 0.378411 0.380995 0.391255 0.346614 0.226091 0.214185
0.34909 0.380567 0.215741 0.241733 0.226071 0.243672 0.349293 0.296791 0.382677 0.249808 0.228607 0.243273 0.227266 0.298128 0.145342 0.225624 0.225202 0.350964 0.300071 0.378411 0.380995 0.391255 0.346614 0.226091 0.214185
0.34909 0.380567 0.215741 0.241733 0.226071 0.243672 0.349293 0.296791 0.382677 0.249808 0.228607 0.243273 0.227266 0.298128 0.145342 0.225624 0.225202 0.350964 0.300071 0.378411 0.380995 0.391255 0.346614 0.226091 0.214185
0.34909 0.380567 0.215741 0.241733 0.226071 0.243672 0.349293 0.296791 0.382677 0.249808 0.228607 0.243273 0.227266 0.298128 0.145342 0.225624 0.225202 0.350964 0.300071 0.378411 0.380995 0.391255 0.346614 0.226091 0.214185
0.34909 0.380567 0.215741 0.241733 0.226071 0.243672 0.349293 0.296791 0.382677 0.249808 0.228607 0.243273 0.227266 0.298128 0.145342 0.225624 0.225202 0.350964 0.300071 0.378411 0.380995 0.391255 0.346614 0.226091 0.214185
0.34909 0.380567 0.215741 0.241733 0.226071 0.243672 0.349293 0.296791 0.382677 0.249808 0.228607 0.243273 0.227266 0.298128 0.145342 0.225624 0.225202 0.350964 0.300071 0.378411 0.380995 0.391255 0.346614 0.226091 0.214185
0.34909 0.380567 0.215741 0.241733 0.226071 0.243672 0.349293 0.296791 0.382677 0.249808 0.228607 0.243273 0.227266 0.298128 0.145342 0.225624 0.225202 0.350964 0.300071 0.378411 0.380995 0.391255 0.346614 0.226091 0.214185
0.34909 0.380567 0.215741 0.241733 0.226071 0.243672 0.349293 0.296791 0.382677 0.249808 0.228607 0.243273 0.227266 0.298128 0.145342 0.225624 0.225202 0.350964 0.300071 0.378411 0.380995 0.391255 0.346614 0.226091 0.214185
0.34909 0.380567 0.215741 0.241733 0.226071 0.243672 0.349293 0.296791 0.382677 0.249808 0.228607 0.243273 0.227266 0.298128 0.145342 0.225624 0.225202 0.350964 0.300071 0.378411 0.380995 0.391255 0.346614 0.226091 0.214185
0.34909 0.380567 0.215741 0.241733 0.226071 0.243672 0.349293 0.296791 0.382677 0.249808 0.228607 0.243273 0.227266 0.298128 0.145342 0.225624 0.225202 0.350964 0.300071 0.378411 0.380995 0.391255 0.346614 0.226091 0.214185
0.34909 0.380567 0.215741 0.241733 0.226071 0.243672 0.349293 0.296791 0.382677 0.249808 0.228607 0.243273 0.227266 0.298128 0.145342 0.225624 0.225202 0.350964 0.300071 0.378411 0.380995 0.391255 0.346614 0.226091 0.214185
0.34909 0.380567 0.215741 0.241733 0.226071 0.243672 0.349293 0.296791 0.382677 0.249808 0.228607 0.243273 0.227266 0.298128 0.145342 0.225624 0.225202 0.350964 0.300071 0.378411 0.380995 0.391255 0.346614 0.226091 0.214185
0.34909 0.380567 0.215741 0.241733 0.226071 0.243672 0.349293 0.296791 0.382677 0.249808 0.228607 0.243273 0.227266 0.298128 0.145342 0.225624 0.225202 0.350964 0.300071 0.378411 0.380995 0.391255 0.346614 0.226091 0.214185
0.34909 0.380567 0.215741 0.241733 0.226071 0.243672 0.349293 0.296791 0.382677 0.249808 0.228607 0.243273 0.227266 0.298128 0.145342 0.225624 0.225202 0.350964 0.300071 0.378411 0.380995 0.391255 0.346614 0.226091 0.214185
0.34909 0.380567 0.215741 0.241733 0.226071 0.243672 0.349293 0.296791 0.382677 0.249808 0.228607 0.243273 0.227266 0.298128 0.145342 0.225624 0.225202 0.350964 0.300071 0.378411 0.380995 0.391255 0.346614 0.226091 0.214185
0.34909 0.380567 0.215741 0.241733 0.226071 0.243672 0.349293 0.296791 0.382677 0.249808 0.228607 0.243273 0.227266 0.298128 0.145342 0.225624 0.225202 0.350964 0.300071 0.378411 0.380995 0.391255 0.346614 0.226091 0.214185
0.34909 0.380567 0.215741 0.241733 0.226071 0.243672 0.349293 0.296791 0.382677 0.249808 0.228607 0.243273 0.227266 0.298128 0.145342 0.225624 0.225202 0.350964 0.300071 0.378411 0.380995 0.391255 0.346614 0.226091 0.214185
