0.000461469 0.000487511 0.000506053 0.000348925 0.000233589 0.000352114 0.000461828 0.000394374 0.000491301 0.00105624 0.00127254 0.000351458 0.00126555 0.000396965 0.000215061 0.001257 0.0012548 0.000464779 0.000725189 0.000483664 0.000488277 0.000920524 0.000457123 0.00125943 0.000502076
0.126891 0.127897 0.129752 0.118813 0.108775 0.119955 0.126999 0.122283 0.128833 0.152043 0.158726 0.119763 0.157804 0.123165 0.106987 0.157058 0.156821 0.127886 0.139248 0.126794 0.127968 0.146619 0.125604 0.157069 0.128641
0.0788238 0.0801317 0.0774503 0.0744931 0.0553247 0.072713 0.0789195 0.0732701 0.0778023 0.103537 0.0904421 0.0753258 0.0896463 0.073974 0.0605448 0.0990867 0.0992511 0.0797082 0.0831328 0.0790949 0.077052 0.0836721 0.0803808 0.0909169 0.0765145
0.137196 0.14148 0.138425 0.133801 0.108641 0.129396 0.137358 0.132786 0.139072 0.170222 0.156881 0.13525 0.155553 0.134 0.116392 0.169826 0.164969 0.138695 0.146092 0.137472 0.137774 0.14598 0.141016 0.156776 0.136817
0.0691178 0.0717152 0.0692889 0.0655086 0.048373 0.0625045 0.0692186 0.0648507 0.0695606 0.0944549 0.0858518 0.0663822 0.0849465 0.0655546 0.0532748 0.0958505 0.0914546 0.0700512 0.07602 0.0697368 0.0687566 0.0769694 0.0715119 0.085689 0.0683059
0.149864 0.153982 0.149161 0.145776 0.116356 0.140698 0.150048 0.144004 0.149984 0.183194 0.16647 0.147414 0.164972 0.145342 0.127285 0.182106 0.176272 0.151568 0.156748 0.150184 0.148521 0.155796 0.153714 0.166017 0.147366
0.0594146 0.0623394 0.0604223 0.0564921 0.0412963 0.0534599 0.0595065 0.0562144 0.0606139 0.0836493 0.0769356 0.0572887 0.0760711 0.0568472 0.0456042 0.0866313 0.0814901 0.0602673 0.0669759 0.0600792 0.0598717 0.0680955 0.0619981 0.0766697 0.0595214
0.163758 0.167616 0.162257 0.159247 0.128051 0.154114 0.163955 0.157195 0.1631 0.196931 0.179104 0.161003 0.177509 0.158624 0.140236 0.195455 0.189469 0.165584 0.169714 0.163972 0.161535 0.168528 0.167431 0.178471 0.160341
0.0499641 0.052709 0.0512502 0.0473831 0.0343337 0.0447079 0.0500439 0.0473476 0.0513696 0.0721943 0.0670008 0.0480717 0.0662231 0.0478932 0.0378362 0.0756393 0.0707383 0.0507042 0.0573748 0.0505964 0.0507212 0.0586724 0.0523217 0.0667336 0.0504647
0.177886 0.181544 0.176104 0.173135 0.141234 0.168155 0.178093 0.171041 0.176945 0.210734 0.192652 0.174982 0.190989 0.172553 0.153911 0.208896 0.203114 0.179803 0.183383 0.17793 0.175303 0.18213 0.181328 0.191901 0.174089
0.0416867 0.0440977 0.0430086 0.0393253 0.0282699 0.0370784 0.0417547 0.039436 0.0430676 0.0616848 0.057725 0.0399089 0.0570409 0.0398991 0.0310242 0.0651457 0.0607854 0.0423174 0.048623 0.0422614 0.0425124 0.0500496 0.0437095 0.0574834 0.0423358
0.190133 0.193605 0.188368 0.185214 0.153432 0.18052 0.190347 0.183243 0.189177 0.222494 0.204823 0.187125 0.203116 0.184819 0.166054 0.22046 0.215018 0.192112 0.195479 0.189991 0.18748 0.194312 0.193294 0.203977 0.186281
0.0355225 0.0376087 0.0367724 0.0333104 0.0237898 0.0314296 0.0355812 0.0334965 0.0367905 0.0535765 0.050461 0.0338115 0.0498554 0.0338953 0.0259913 0.0568399 0.0530497 0.0360672 0.0419163 0.0360385 0.0363098 0.0434066 0.0372394 0.0502487 0.0361892
0.198785 0.202092 0.197198 0.193739 0.162579 0.189376 0.199003 0.191971 0.197953 0.230642 0.213753 0.195687 0.212025 0.193588 0.1748 0.228575 0.22349 0.200798 0.204191 0.198484 0.196225 0.203217 0.201668 0.212833 0.195067
0.0316778 0.0335237 0.0328322 0.0295534 0.02101 0.0279246 0.0317305 0.0297696 0.0328276 0.0483747 0.0457294 0.0300013 0.0451774 0.030127 0.022872 0.0513893 0.0480529 0.0321668 0.0376321 0.0321485 0.0323957 0.0391416 0.0331762 0.0455416 0.0323074
0.203797 0.206972 0.202399 0.198657 0.16818 0.194573 0.204016 0.197072 0.203104 0.235265 0.219118 0.200621 0.217382 0.19871 0.179938 0.233216 0.228434 0.205824 0.209325 0.203383 0.201362 0.208551 0.206461 0.218152 0.200247
0.0296286 0.0313294 0.0307105 0.027547 0.019533 0.0260644 0.029678 0.0277724 0.0306953 0.0455449 0.0431207 0.0279656 0.0425994 0.0281073 0.0212133 0.048362 0.0453192 0.030087 0.0353055 0.0300709 0.0302904 0.0368172 0.0309977 0.0429496 0.030218
0.206296 0.209384 0.205027 0.201096 0.171107 0.197198 0.206516 0.199629 0.205698 0.237526 0.221867 0.203067 0.22013 0.201278 0.182522 0.23548 0.230911 0.208328 0.211917 0.205815 0.203952 0.211281 0.208821 0.22088 0.202866
0.0286531 0.0302784 0.0296936 0.0265898 0.0188324 0.0251822 0.0287009 0.0268178 0.0296739 0.0441799 0.0418506 0.0269942 0.0413448 0.0271418 0.0204234 0.0468759 0.0439957 0.0290967 0.0341839 0.0290801 0.0292822 0.0356946 0.0299555 0.0416894 0.0292169
0.207436 0.210475 0.206235 0.202203 0.17249 0.198408 0.207656 0.200799 0.206889 0.238541 0.223141 0.204176 0.221404 0.202451 0.183704 0.236484 0.232042 0.20947 0.213107 0.206919 0.205141 0.212547 0.209886 0.222145 0.204071
0.0282185 0.0298082 0.0292389 0.0261625 0.0185218 0.0247903 0.0282656 0.0263913 0.0292173 0.0435668 0.0412776 0.0265605 0.040779 0.0267103 0.0200709 0.0461996 0.0434002 0.0286553 0.0336806 0.028638 0.0288316 0.0351906 0.0294893 0.0411214 0.0287693
0.207933 0.210947 0.206764 0.202684 0.173107 0.19894 0.208153 0.201308 0.20741 0.238978 0.2237 0.204657 0.221964 0.202963 0.184219 0.236909 0.232534 0.209967 0.213628 0.207399 0.205662 0.213104 0.210346 0.222702 0.2046
0.0280311 0.0296049 0.0290425 0.025978 0.0183885 0.0246217 0.0280779 0.0262071 0.0290202 0.0433014 0.041029 0.0263732 0.0405335 0.026524 0.0199188 0.045904 0.0431422 0.028465 0.0334628 0.0284472 0.0286371 0.0349724 0.0292878 0.0408752 0.028576
0.208145 0.211147 0.206991 0.202889 0.173375 0.199168 0.208366 0.201526 0.207633 0.239164 0.223939 0.204862 0.222204 0.203181 0.184439 0.237086 0.232744 0.210179 0.21385 0.207604 0.205885 0.213342 0.210541 0.222941 0.204826
0.0279515 0.0295184 0.028959 0.0258996 0.0183321 0.0245502 0.0279982 0.0261288 0.0289364 0.0431884 0.0409231 0.0262936 0.040429 0.0264448 0.0198541 0.0457773 0.0430322 0.0283842 0.0333701 0.0283661 0.0285544 0.0348796 0.0292021 0.0407704 0.0284939
0.208235 0.211232 0.207087 0.202975 0.17349 0.199265 0.208455 0.201618 0.207727 0.239242 0.224041 0.204948 0.222306 0.203274 0.184532 0.23716 0.232833 0.210269 0.213944 0.20769 0.205979 0.213443 0.210623 0.223043 0.204922
0.0279179 0.0294819 0.0289238 0.0258665 0.0183084 0.0245201 0.0279645 0.0260957 0.028901 0.0431406 0.0408783 0.0262599 0.0403848 0.0264114 0.0198268 0.0457235 0.0429858 0.02835 0.0333309 0.0283319 0.0285195 0.0348404 0.0291658 0.0407261 0.0284592
0.208273 0.211268 0.207127 0.203011 0.173538 0.199306 0.208493 0.201657 0.207767 0.239275 0.224084 0.204985 0.222349 0.203313 0.184571 0.237191 0.23287 0.210307 0.213984 0.207727 0.206019 0.213486 0.210658 0.223086 0.204962
0.0279038 0.0294665 0.0289089 0.0258525 0.0182985 0.0245074 0.0279503 0.0260818 0.0288861 0.0431205 0.0408594 0.0262458 0.0403662 0.0263973 0.0198152 0.0457008 0.0429662 0.0283356 0.0333144 0.0283174 0.0285048 0.0348238 0.0291505 0.0407075 0.0284446
0.208289 0.211283 0.207145 0.203027 0.173559 0.199323 0.208509 0.201673 0.207784 0.239289 0.224102 0.205 0.222367 0.203329 0.184587 0.237204 0.232886 0.210323 0.214001 0.207742 0.206036 0.213504 0.210672 0.223104 0.204979
0.0278978 0.02946 0.0289027 0.0258467 0.0182943 0.024502 0.0279444 0.0260759 0.0288798 0.0431121 0.0408515 0.0262398 0.0403583 0.0263913 0.0198104 0.0456912 0.0429579 0.0283296 0.0333075 0.0283114 0.0284986 0.0348169 0.0291441 0.0406996 0.0284384
0.208296 0.211289 0.207152 0.203033 0.173568 0.199331 0.208516 0.20168 0.207791 0.239295 0.224109 0.205007 0.222375 0.203336 0.184594 0.237209 0.232893 0.210329 0.214008 0.207748 0.206043 0.213511 0.210679 0.223111 0.204986
0.0278953 0.0294573 0.0289001 0.0258442 0.0182925 0.0244998 0.0279419 0.0260735 0.0288772 0.0431085 0.0408481 0.0262373 0.040355 0.0263888 0.0198084 0.0456871 0.0429545 0.0283271 0.0333046 0.0283088 0.028496 0.034814 0.0291414 0.0406963 0.0284358
0.208299 0.211292 0.207155 0.203036 0.173571 0.199334 0.208519 0.201683 0.207794 0.239297 0.224113 0.205009 0.222378 0.203339 0.184597 0.237211 0.232895 0.210332 0.214011 0.207751 0.206046 0.213514 0.210681 0.223115 0.204989
0.0278943 0.0294561 0.0288989 0.0258432 0.0182918 0.0244989 0.0279408 0.0260724 0.0288761 0.043107 0.0408467 0.0262362 0.0403536 0.0263878 0.0198075 0.0456854 0.042953 0.028326 0.0333033 0.0283077 0.0284949 0.0348127 0.0291403 0.0406949 0.0284347
0.2083 0.211293 0.207156 0.203037 0.173573 0.199335 0.20852 0.201684 0.207795 0.239298 0.224114 0.20501 0.222379 0.20334 0.184599 0.237212 0.232897 0.210333 0.214012 0.207752 0.206047 0.213516 0.210682 0.223116 0.204991
0.0278938 0.0294556 0.0288985 0.0258427 0.0182914 0.0244985 0.0279404 0.026072 0.0288756 0.0431064 0.0408461 0.0262358 0.0403531 0.0263874 0.0198071 0.0456847 0.0429524 0.0283255 0.0333028 0.0283073 0.0284945 0.0348122 0.0291398 0.0406943 0.0284343
0.2083 0.211293 0.207157 0.203038 0.173573 0.199336 0.20852 0.201685 0.207796 0.239299 0.224114 0.205011 0.22238 0.203341 0.184599 0.237213 0.232897 0.210334 0.214012 0.207753 0.206048 0.213516 0.210683 0.223117 0.204991
0.0278936 0.0294554 0.0288983 0.0258425 0.0182913 0.0244983 0.0279402 0.0260718 0.0288754 0.0431061 0.0408459 0.0262356 0.0403528 0.0263872 0.019807 0.0456844 0.0429521 0.0283253 0.0333026 0.0283071 0.0284943 0.034812 0.0291396 0.0406941 0.0284341
0.2083 0.211293 0.207157 0.203038 0.173574 0.199336 0.208521 0.201685 0.207796 0.239299 0.224115 0.205011 0.22238 0.203341 0.184599 0.237213 0.232897 0.210334 0.214013 0.207753 0.206048 0.213517 0.210683 0.223117 0.204991
0.0278936 0.0294554 0.0288982 0.0258425 0.0182913 0.0244982 0.0279401 0.0260717 0.0288753 0.043106 0.0408458 0.0262355 0.0403527 0.0263871 0.0198069 0.0456843 0.042952 0.0283253 0.0333025 0.028307 0.0284942 0.0348119 0.0291395 0.040694 0.028434
0.2083 0.211294 0.207157 0.203038 0.173574 0.199336 0.208521 0.201685 0.207796 0.239299 0.224115 0.205011 0.22238 0.203341 0.184599 0.237213 0.232897 0.210334 0.214013 0.207753 0.206048 0.213517 0.210683 0.223117 0.204992
0.0278935 0.0294553 0.0288982 0.0258424 0.0182912 0.0244982 0.0279401 0.0260717 0.0288753 0.0431059 0.0408457 0.0262355 0.0403527 0.0263871 0.0198069 0.0456843 0.042952 0.0283252 0.0333025 0.028307 0.0284942 0.0348119 0.0291395 0.0406939 0.028434
0.208301 0.211294 0.207157 0.203038 0.173574 0.199336 0.208521 0.201685 0.207796 0.239299 0.224115 0.205011 0.22238 0.203341 0.184599 0.237213 0.232897 0.210334 0.214013 0.207753 0.206048 0.213517 0.210683 0.223117 0.204992
0.0278935 0.0294553 0.0288982 0.0258424 0.0182912 0.0244982 0.0279401 0.0260717 0.0288753 0.0431059 0.0408457 0.0262355 0.0403527 0.026387 0.0198069 0.0456842 0.042952 0.0283252 0.0333024 0.028307 0.0284942 0.0348119 0.0291395 0.0406939 0.028434
0.208301 0.211294 0.207157 0.203038 0.173574 0.199336 0.208521 0.201685 0.207796 0.239299 0.224115 0.205011 0.22238 0.203341 0.184599 0.237213 0.232897 0.210334 0.214013 0.207753 0.206048 0.213517 0.210683 0.223117 0.204992
0.0278935 0.0294553 0.0288982 0.0258424 0.0182912 0.0244982 0.0279401 0.0260717 0.0288753 0.0431059 0.0408457 0.0262355 0.0403526 0.026387 0.0198069 0.0456842 0.0429519 0.0283252 0.0333024 0.028307 0.0284941 0.0348118 0.0291395 0.0406939 0.028434
0.208301 0.211294 0.207157 0.203038 0.173574 0.199336 0.208521 0.201685 0.207796 0.239299 0.224115 0.205011 0.22238 0.203341 0.184599 0.237213 0.232897 0.210334 0.214013 0.207753 0.206048 0.213517 0.210683 0.223117 0.204992
0.0278935 0.0294553 0.0288981 0.0258424 0.0182912 0.0244982 0.0279401 0.0260717 0.0288753 0.0431059 0.0408457 0.0262355 0.0403526 0.026387 0.0198069 0.0456842 0.0429519 0.0283252 0.0333024 0.028307 0.0284941 0.0348118 0.0291395 0.0406939 0.0284339
0.208301 0.211294 0.207157 0.203038 0.173574 0.199336 0.208521 0.201685 0.207796 0.239299 0.224115 0.205011 0.22238 0.203341 0.184599 0.237213 0.232897 0.210334 0.214013 0.207753 0.206048 0.213517 0.210683 0.223117 0.204992
0.0278935 0.0294553 0.0288981 0.0258424 0.0182912 0.0244982 0.0279401 0.0260717 0.0288753 0.0431059 0.0408457 0.0262355 0.0403526 0.026387 0.0198069 0.0456842 0.0429519 0.0283252 0.0333024 0.028307 0.0284941 0.0348118 0.0291394 0.0406939 0.0284339
0.208301 0.211294 0.207157 0.203038 0.173574 0.199336 0.208521 0.201685 0.207796 0.239299 0.224115 0.205011 0.22238 0.203341 0.184599 0.237213 0.232897 0.210334 0.214013 0.207753 0.206048 0.213517 0.210683 0.223117 0.204992
0.0278935 0.0294553 0.0288981 0.0258424 0.0182912 0.0244982 0.0279401 0.0260717 0.0288753 0.0431059 0.0408457 0.0262355 0.0403526 0.026387 0.0198069 0.0456842 0.0429519 0.0283252 0.0333024 0.028307 0.0284941 0.0348118 0.0291394 0.0406939 0.0284339
0.208301 0.211294 0.207157 0.203038 0.173574 0.199336 0.208521 0.201685 0.207796 0.239299 0.224115 0.205011 0.22238 0.203341 0.184599 0.237213 0.232897 0.210334 0.214013 0.207753 0.206048 0.213517 0.210683 0.223117 0.204992
0.0278935 0.0294553 0.0288981 0.0258424 0.0182912 0.0244982 0.0279401 0.0260717 0.0288753 0.0431059 0.0408457 0.0262355 0.0403526 0.026387 0.0198069 0.0456842 0.0429519 0.0283252 0.0333024 0.028307 0.0284941 0.0348118 0.0291394 0.0406939 0.0284339
0.208301 0.211294 0.207157 0.203038 0.173574 0.199336 0.208521 0.201685 0.207796 0.239299 0.224115 0.205011 0.22238 0.203341 0.184599 0.237213 0.232897 0.210334 0.214013 0.207753 0.206048 0.213517 0.210683 0.223117 0.204992
0.0278935 0.0294553 0.0288981 0.0258424 0.0182912 0.0244982 0.0279401 0.0260717 0.0288753 0.0431059 0.0408457 0.0262355 0.0403526 0.026387 0.0198069 0.0456842 0.0429519 0.0283252 0.0333024 0.028307 0.0284941 0.0348118 0.0291394 0.0406939 0.0284339
0.208301 0.211294 0.207157 0.203038 0.173574 0.199336 0.208521 0.201685 0.207796 0.239299 0.224115 0.205011 0.22238 0.203341 0.184599 0.237213 0.232897 0.210334 0.214013 0.207753 0.206048 0.213517 0.210683 0.223117 0.204992
0.0278935 0.0294553 0.0288981 0.0258424 0.0182912 0.0244982 0.0279401 0.0260717 0.0288753 0.0431059 0.0408457 0.0262355 0.0403526 0.026387 0.0198069 0.0456842 0.0429519 0.0283252 0.0333024 0.028307 0.0284941 0.0348118 0.0291394 0.0406939 0.0284339
0.208301 0.211294 0.207157 0.203038 0.173574 0.199336 0.208521 0.201685 0.207796 0.239299 0.224115 0.205011 0.22238 0.203341 0.184599 0.237213 0.232897 0.210334 0.214013 0.207753 0.206048 0.213517 0.210683 0.223117 0.204992
0.0278935 0.0294553 0.0288981 0.0258424 0.0182912 0.0244982 0.0279401 0.0260717 0.0288753 0.0431059 0.0408457 0.0262355 0.0403526 0.026387 0.0198069 0.0456842 0.0429519 0.0283252 0.0333024 0.028307 0.0284941 0.0348118 0.0291394 0.0406939 0.0284339
0.208301 0.211294 0.207157 0.203038 0.173574 0.199336 0.208521 0.201685 0.207796 0.239299 0.224115 0.205011 0.22238 0.203341 0.184599 0.237213 0.232897 0.210334 0.214013 0.207753 0.206048 0.213517 0.210683 0.223117 0.204992
0.0278935 0.0294553 0.0288981 0.0258424 0.0182912 0.0244982 0.0279401 0.0260717 0.0288753 0.0431059 0.0408457 0.0262355 0.0403526 0.026387 0.0198069 0.0456842 0.0429519 0.0283252 0.0333024 0.028307 0.0284941 0.0348118 0.0291394 0.0406939 0.0284339
0.208301 0.211294 0.207157 0.203038 0.173574 0.199336 0.208521 0.201685 0.207796 0.239299 0.224115 0.205011 0.22238 0.203341 0.184599 0.237213 0.232897 0.210334 0.214013 0.207753 0.206048 0.213517 0.210683 0.223117 0.204992
0.0278935 0.0294553 0.0288981 0.0258424 0.0182912 0.0244982 0.0279401 0.0260717 0.0288753 0.0431059 0.0408457 0.0262355 0.0403526 0.026387 0.0198069 0.0456842 0.0429519 0.0283252 0.0333024 0.028307 0.0284941 0.0348118 0.0291394 0.0406939 0.0284339
0.208301 0.211294 0.207157 0.203038 0.173574 0.199336 0.208521 0.201685 0.207796 0.239299 0.224115 0.205011 0.22238 0.203341 0.184599 0.237213 0.232897 0.210334 0.214013 0.207753 0.206048 0.213517 0.210683 0.223117 0.204992
0.0278935 0.0294553 0.0288981 0.0258424 0.0182912 0.0244982 0.0279401 0.0260717 0.0288753 0.0431059 0.0408457 0.0262355 0.0403526 0.026387 0.0198069 0.0456842 0.0429519 0.0283252 0.0333024 0.028307 0.0284941 0.0348118 0.0291394 0.0406939 0.0284339
0.208301 0.211294 0.207157 0.203038 0.173574 0.199336 0.208521 0.201685 0.207796 0.239299 0.224115 0.205011 0.22238 0.203341 0.184599 0.237213 0.232897 0.210334 0.214013 0.207753 0.206048 0.213517 0.210683 0.223117 0.204992
0.0278935 0.0294553 0.0288981 0.0258424 0.0182912 0.0244982 0.0279401 0.0260717 0.0288753 0.0431059 0.0408457 0.0262355 0.0403526 0.026387 0.0198069 0.0456842 0.0429519 0.0283252 0.0333024 0.028307 0.0284941 0.0348118 0.0291394 0.0406939 0.0284339
0.208301 0.211294 0.207157 0.203038 0.173574 0.199336 0.208521 0.201685 0.207796 0.239299 0.224115 0.205011 0.22238 0.203341 0.184599 0.237213 0.232897 0.210334 0.214013 0.207753 0.206048 0.213517 0.210683 0.223117 0.204992
0.0278935 0.0294553 0.0288981 0.0258424 0.0182912 0.0244982 0.0279401 0.0260717 0.0288753 0.0431059 0.0408457 0.0262355 0.0403526 0.026387 0.0198069 0.0456842 0.0429519 0.0283252 0.0333024 0.028307 0.0284941 0.0348118 0.0291394 0.0406939 0.0284339
0.208301 0.211294 0.207157 0.203038 0.173574 0.199336 0.208521 0.201685 0.207796 0.239299 0.224115 0.205011 0.22238 0.203341 0.184599 0.237213 0.232897 0.210334 0.214013 0.207753 0.206048 0.213517 0.210683 0.223117 0.204992
0.0278935 0.0294553 0.0288981 0.0258424 0.0182912 0.0244982 0.0279401 0.0260717 0.0288753 0.0431059 0.0408457 0.0262355 0.0403526 0.026387 0.0198069 0.0456842 0.0429519 0.0283252 0.0333024 0.028307 0.0284941 0.0348118 0.0291394 0.0406939 0.0284339
0.208301 0.211294 0.207157 0.203038 0.173574 0.199336 0.208521 0.201685 0.207796 0.239299 0.224115 0.205011 0.22238 0.203341 0.184599 0.237213 0.232897 0.210334 0.214013 0.207753 0.206048 0.213517 0.210683 0.223117 0.204992
0.0278935 0.0294553 0.0288981 0.0258424 0.0182912 0.0244982 0.0279401 0.0260717 0.0288753 0.0431059 0.0408457 0.0262355 0.0403526 0.026387 0.0198069 0.0456842 0.0429519 0.0283252 0.0333024 0.028307 0.0284941 0.0348118 0.0291394 0.0406939 0.0284339
0.208301 0.211294 0.207157 0.203038 0.173574 0.199336 0.208521 0.201685 0.207796 0.239299 0.224115 0.205011 0.22238 0.203341 0.184599 0.237213 0.232897 0.210334 0.214013 0.207753 0.206048 0.213517 0.210683 0.223117 0.204992
0.0278935 0.0294553 0.0288981 0.0258424 0.0182912 0.0244982 0.0279401 0.0260717 0.0288753 0.0431059 0.0408457 0.0262355 0.0403526 0.026387 0.0198069 0.0456842 0.0429519 0.0283252 0.0333024 0.028307 0.0284941 0.0348118 0.0291394 0.0406939 0.0284339
0.208301 0.211294 0.207157 0.203038 0.173574 0.199336 0.208521 0.201685 0.207796 0.239299 0.224115 0.205011 0.22238 0.203341 0.184599 0.237213 0.232897 0.210334 0.214013 0.207753 0.206048 0.213517 0.210683 0.223117 0.204992
0.0278935 0.0294553 0.0288981 0.0258424 0.0182912 0.0244982 0.0279401 0.0260717 0.0288753 0.0431059 0.0408457 0.0262355 0.0403526 0.026387 0.0198069 0.0456842 0.0429519 0.0283252 0.0333024 0.028307 0.0284941 0.0348118 0.0291394 0.0406939 0.0284339
0.208301 0.211294 0.207157 0.203038 0.173574 0.199336 0.208521 0.201685 0.207796 0.239299 0.224115 0.205011 0.22238 0.203341 0.184599 0.237213 0.232897 0.210334 0.214013 0.207753 0.206048 0.213517 0.210683 0.223117 0.204992
0.0278935 0.0294553 0.0288981 0.0258424 0.0182912 0.0244982 0.0279401 0.0260717 0.0288753 0.0431059 0.0408457 0.0262355 0.0403526 0.026387 0.0198069 0.0456842 0.0429519 0.0283252 0.0333024 0.028307 0.0284941 0.0348118 0.0291394 0.0406939 0.0284339
0.208301 0.211294 0.207157 0.203038 0.173574 0.199336 0.208521 0.201685 0.207796 0.239299 0.224115 0.205011 0.22238 0.203341 0.184599 0.237213 0.232897 0.210334 0.214013 0.207753 0.206048 0.213517 0.210683 0.223117 0.204992
0.0278935 0.0294553 0.0288981 0.0258424 0.0182912 0.0244982 0.0279401 0.0260717 0.0288753 0.0431059 0.0408457 0.0262355 0.0403526 0.026387 0.0198069 0.0456842 0.0429519 0.0283252 0.0333024 0.028307 0.0284941 0.0348118 0.0291394 0.0406939 0.0284339
0.208301 0.211294 0.207157 0.203038 0.173574 0.199336 0.208521 0.201685 0.207796 0.239299 0.224115 0.205011 0.22238 0.203341 0.184599 0.237213 0.232897 0.210334 0.214013 0.207753 0.206048 0.213517 0.210683 0.223117 0.204992
0.0278935 0.0294553 0.0288981 0.0258424 0.0182912 0.0244982 0.0279401 0.0260717 0.0288753 0.0431059 0.0408457 0.0262355 0.0403526 0.026387 0.0198069 0.0456842 0.0429519 0.0283252 0.0333024 0.028307 0.0284941 0.0348118 0.0291394 0.0406939 0.0284339
0.208301 0.211294 0.207157 0.203038 0.173574 0.199336 0.208521 0.201685 0.207796 0.239299 0.224115 0.205011 0.22238 0.203341 0.184599 0.237213 0.232897 0.210334 0.214013 0.207753 0.206048 0.213517 0.210683 0.223117 0.204992
0.0278935 0.0294553 0.0288981 0.0258424 0.0182912 0.0244982 0.0279401 0.0260717 0.0288753 0.0431059 0.0408457 0.0262355 0.0403526 0.026387 0.0198069 0.0456842 0.0429519 0.0283252 0.0333024 0.028307 0.0284941 0.0348118 0.0291394 0.0406939 0.0284339
0.208301 0.211294 0.207157 0.203038 0.173574 0.199336 0.208521 0.201685 0.207796 0.239299 0.224115 0.205011 0.22238 0.203341 0.184599 0.237213 0.232897 0.210334 0.214013 0.207753 0.206048 0.213517 0.210683 0.223117 0.204992
0.0278935 0.0294553 0.0288981 0.0258424 0.0182912 0.0244982 0.0279401 0.0260717 0.0288753 0.0431059 0.0408457 0.0262355 0.0403526 0.026387 0.0198069 0.0456842 0.0429519 0.0283252 0.0333024 0.028307 0.0284941 0.0348118 0.0291394 0.0406939 0.0284339
0.208301 0.211294 0.207157 0.203038 0.173574 0.199336 0.208521 0.201685 0.207796 0.239299 0.224115 0.205011 0.22238 0.203341 0.184599 0.237213 0.232897 0.210334 0.214013 0.207753 0.206048 0.213517 0.210683 0.223117 0.204992
0.0278935 0.0294553 0.0288981 0.0258424 0.0182912 0.0244982 0.0279401 0.0260717 0.0288753 0.0431059 0.0408457 0.0262355 0.0403526 0.026387 0.0198069 0.0456842 0.0429519 0.0283252 0.0333024 0.028307 0.0284941 0.0348118 0.0291394 0.0406939 0.0284339
0.208301 0.211294 0.207157 0.203038 0.173574 0.199336 0.208521 0.201685 0.207796 0.239299 0.224115 0.205011 0.22238 0.203341 0.184599 0.237213 0.232897 0.210334 0.214013 0.207753 0.206048 0.213517 0.210683 0.223117 0.204992
0.0278935 0.0294553 0.0288981 0.0258424 0.0182912 0.0244982 0.0279401 0.0260717 0.0288753 0.0431059 0.0408457 0.0262355 0.0403526 0.026387 0.0198069 0.0456842 0.0429519 0.0283252 0.0333024 0.028307 0.0284941 0.0348118 0.0291394 0.0406939 0.0284339
0.208301 0.211294 0.207157 0.203038 0.173574 0.199336 0.208521 0.201685 0.207796 0.239299 0.224115 0.205011 0.22238 0.203341 0.184599 0.237213 0.232897 0.210334 0.214013 0.207753 0.206048 0.213517 0.210683 0.223117 0.204992
0.0278935 0.0294553 0.0288981 0.0258424 0.0182912 0.0244982 0.0279401 0.0260717 0.0288753 0.0431059 0.0408457 0.0262355 0.0403526 0.026387 0.0198069 0.0456842 0.0429519 0.0283252 0.0333024 0.028307 0.0284941 0.0348118 0.0291394 0.0406939 0.0284339
0.208301 0.211294 0.207157 0.203038 0.173574 0.199336 0.208521 0.201685 0.207796 0.239299 0.224115 0.205011 0.22238 0.203341 0.184599 0.237213 0.232897 0.210334 0.214013 0.207753 0.206048 0.213517 0.210683 0.223117 0.204992
0.0278935 0.0294553 0.0288981 0.0258424 0.0182912 0.0244982 0.0279401 0.0260717 0.0288753 0.0431059 0.0408457 0.0262355 0.0403526 0.026387 0.0198069 0.0456842 0.0429519 0.0283252 0.0333024 0.028307 0.0284941 0.0348118 0.0291394 0.0406939 0.0284339
0.208301 0.211294 0.207157 0.203038 0.173574 0.199336 0.208521 0.201685 0.207796 0.239299 0.224115 0.205011 0.22238 0.203341 0.184599 0.237213 0.232897 0.210334 0.214013 0.207753 0.206048 0.213517 0.210683 0.223117 0.204992
0.0278935 0.0294553 0.0288981 0.0258424 0.0182912 0.0244982 0.0279401 0.0260717 0.0288753 0.0431059 0.0408457 0.0262355 0.0403526 0.026387 0.0198069 0.0456842 0.0429519 0.0283252 0.0333024 0.028307 0.0284941 0.0348118 0.0291394 0.0406939 0.0284339
0.208301 0.211294 0.207157 0.203038 0.173574 0.199336 0.208521 0.201685 0.207796 0.239299 0.224115 0.205011 0.22238 0.203341 0.184599 0.237213 0.232897 0.210334 0.214013 0.207753 0.206048 0.213517 0.210683 0.223117 0.204992
0.0278935 0.0294553 0.0288981 0.0258424 0.0182912 0.0244982 0.0279401 0.0260717 0.0288753 0.0431059 0.0408457 0.0262355 0.0403526 0.026387 0.0198069 0.0456842 0.0429519 0.0283252 0.0333024 0.028307 0.0284941 0.0348118 0.0291394 0.0406939 0.0284339
0.208301 0.211294 0.207157 0.203038 0.173574 0.199336 0.208521 0.201685 0.207796 0.239299 0.224115 0.205011 0.22238 0.203341 0.184599 0.237213 0.232897 0.210334 0.214013 0.207753 0.206048 0.213517 0.210683 0.223117 0.204992
0.0278935 0.0294553 0.0288981 0.0258424 0.0182912 0.0244982 0.0279401 0.0260717 0.0288753 0.0431059 0.0408457 0.0262355 0.0403526 0.026387 0.0198069 0.0456842 0.0429519 0.0283252 0.0333024 0.028307 0.0284941 0.0348118 0.0291394 0.0406939 0.0284339
0.208301 0.211294 0.207157 0.203038 0.173574 0.199336 0.208521 0.201685 0.207796 0.239299 0.224115 0.205011 0.22238 0.203341 0.184599 0.237213 0.232897 0.210334 0.214013 0.207753 0.206048 0.213517 0.210683 0.223117 0.204992
0.0278935 0.0294553 0.0288981 0.0258424 0.0182912 0.0244982 0.0279401 0.0260717 0.0288753 0.0431059 0.0408457 0.0262355 0.0403526 0.026387 0.0198069 0.0456842 0.0429519 0.0283252 0.0333024 0.028307 0.0284941 0.0348118 0.0291394 0.0406939 0.0284339
0.208301 0.211294 0.207157 0.203038 0.173574 0.199336 0.208521 0.201685 0.207796 0.239299 0.224115 0.205011 0.22238 0.203341 0.184599 0.237213 0.232897 0.210334 0.214013 0.207753 0.206048 0.213517 0.210683 0.223117 0.204992
0.0278935 0.0294553 0.0288981 0.0258424 0.0182912 0.0244982 0.0279401 0.0260717 0.0288753 0.0431059 0.0408457 0.0262355 0.0403526 0.026387 0.0198069 0.0456842 0.0429519 0.0283252 0.0333024 0.028307 0.0284941 0.0348118 0.0291394 0.0406939 0.0284339
0.208301 0.211294 0.207157 0.203038 0.173574 0.199336 0.208521 0.201685 0.207796 0.239299 0.224115 0.205011 0.22238 0.203341 0.184599 0.237213 0.232897 0.210334 0.214013 0.207753 0.206048 0.213517 0.210683 0.223117 0.204992
0.0278935 0.0294553 0.0288981 0.0258424 0.0182912 0.0244982 0.0279401 0.0260717 0.0288753 0.0431059 0.0408457 0.0262355 0.0403526 0.026387 0.0198069 0.0456842 0.0429519 0.0283252 0.0333024 0.028307 0.0284941 0.0348118 0.0291394 0.0406939 0.0284339
0.208301 0.211294 0.207157 0.203038 0.173574 0.199336 0.208521 0.201685 0.207796 0.239299 0.224115 0.205011 0.22238 0.203341 0.184599 0.237213 0.232897 0.210334 0.214013 0.207753 0.206048 0.213517 0.210683 0.223117 0.204992
0.0278935 0.0294553 0.0288981 0.0258424 0.0182912 0.0244982 0.0279401 0.0260717 0.0288753 0.0431059 0.0408457 0.0262355 0.0403526 0.026387 0.0198069 0.0456842 0.0429519 0.0283252 0.0333024 0.028307 0.0284941 0.0348118 0.0291394 0.0406939 0.0284339
0.208301 0.211294 0.207157 0.203038 0.173574 0.199336 0.208521 0.201685 0.207796 0.239299 0.224115 0.205011 0.22238 0.203341 0.184599 0.237213 0.232897 0.210334 0.214013 0.207753 0.206048 0.213517 0.210683 0.223117 0.204992
0.0278935 0.0294553 0.0288981 0.0258424 0.0182912 0.0244982 0.0279401 0.0260717 0.0288753 0.0431059 0.0408457 0.0262355 0.0403526 0.026387 0.0198069 0.0456842 0.0429519 0.0283252 0.0333024 0.028307 0.0284941 0.0348118 0.0291394 0.0406939 0.0284339
0.208301 0.211294 0.207157 0.203038 0.173574 0.199336 0.208521 0.201685 0.207796 0.239299 0.224115 0.205011 0.22238 0.203341 0.184599 0.237213 0.232897 0.210334 0.214013 0.207753 0.206048 0.213517 0.210683 0.223117 0.204992
0.0278935 0.0294553 0.0288981 0.0258424 0.0182912 0.0244982 0.0279401 0.0260717 0.0288753 0.0431059 0.0408457 0.0262355 0.0403526 0.026387 0.0198069 0.0456842 0.0429519 0.0283252 0.0333024 0.028307 0.0284941 0.0348118 0.0291394 0.0406939 0.0284339
0.208301 0.211294 0.207157 0.203038 0.173574 0.199336 0.208521 0.201685 0.207796 0.239299 0.224115 0.205011 0.22238 0.203341 0.184599 0.237213 0.232897 0.210334 0.214013 0.207753 0.206048 0.213517 0.210683 0.223117 0.204992
0.0278935 0.0294553 0.0288981 0.0258424 0.0182912 0.0244982 0.0279401 0.0260717 0.0288753 0.0431059 0.0408457 0.0262355 0.0403526 0.026387 0.0198069 0.0456842 0.0429519 0.0283252 0.0333024 0.028307 0.0284941 0.0348118 0.0291394 0.0406939 0.0284339
0.208301 0.211294 0.207157 0.203038 0.173574 0.199336 0.208521 0.201685 0.207796 0.239299 0.224115 0.205011 0.22238 0.203341 0.184599 0.237213 0.232897 0.210334 0.214013 0.207753 0.206048 0.213517 0.210683 0.223117 0.204992
0.0278935 0.0294553 0.0288981 0.0258424 0.0182912 0.0244982 0.0279401 0.0260717 0.0288753 0.0431059 0.0408457 0.0262355 0.0403526 0.026387 0.0198069 0.0456842 0.0429519 0.0283252 0.0333024 0.028307 0.0284941 0.0348118 0.0291394 0.0406939 0.0284339
0.208301 0.211294 0.207157 0.203038 0.173574 0.199336 0.208521 0.201685 0.207796 0.239299 0.224115 0.205011 0.22238 0.203341 0.184599 0.237213 0.232897 0.210334 0.214013 0.207753 0.206048 0.213517 0.210683 0.223117 0.204992
0.0278935 0.0294553 0.0288981 0.0258424 0.0182912 0.0244982 0.0279401 0.0260717 0.0288753 0.0431059 0.0408457 0.0262355 0.0403526 0.026387 0.0198069 0.0456842 0.0429519 0.0283252 0.0333024 0.028307 0.0284941 0.0348118 0.0291394 0.0406939 0.0284339
0.208301 0.211294 0.207157 0.203038 0.173574 0.199336 0.208521 0.201685 0.207796 0.239299 0.224115 0.205011 0.22238 0.203341 0.184599 0.237213 0.232897 0.210334 0.214013 0.207753 0.206048 0.213517 0.210683 0.223117 0.204992
0.0278935 0.0294553 0.0288981 0.0258424 0.0182912 0.0244982 0.0279401 0.0260717 0.0288753 0.0431059 0.0408457 0.0262355 0.0403526 0.026387 0.0198069 0.0456842 0.0429519 0.0283252 0.0333024 0.028307 0.0284941 0.0348118 0.0291394 0.0406939 0.0284339
0.208301 0.211294 0.207157 0.203038 0.173574 0.199336 0.208521 0.201685 0.207796 0.239299 0.224115 0.205011 0.22238 0.203341 0.184599 0.237213 0.232897 0.210334 0.214013 0.207753 0.206048 0.213517 0.210683 0.223117 0.204992
0.0278935 0.0294553 0.0288981 0.0258424 0.0182912 0.0244982 0.0279401 0.0260717 0.0288753 0.0431059 0.0408457 0.0262355 0.0403526 0.026387 0.0198069 0.0456842 0.0429519 0.0283252 0.0333024 0.028307 0.0284941 0.0348118 0.0291394 0.0406939 0.0284339
0.208301 0.211294 0.207157 0.203038 0.173574 0.199336 0.208521 0.201685 0.207796 0.239299 0.224115 0.205011 0.22238 0.203341 0.184599 0.237213 0.232897 0.210334 0.214013 0.207753 0.206048 0.213517 0.210683 0.223117 0.204992
0.0278935 0.0294553 0.0288981 0.0258424 0.0182912 0.0244982 0.0279401 0.0260717 0.0288753 0.0431059 0.0408457 0.0262355 0.0403526 0.026387 0.0198069 0.0456842 0.0429519 0.0283252 0.0333024 0.028307 0.0284941 0.0348118 0.0291394 0.0406939 0.0284339
0.208301 0.211294 0.207157 0.203038 0.173574 0.199336 0.208521 0.201685 0.207796 0.239299 0.224115 0.205011 0.22238 0.203341 0.184599 0.237213 0.232897 0.210334 0.214013 0.207753 0.206048 0.213517 0.210683 0.223117 0.204992
0.0278935 0.0294553 0.0288981 0.0258424 0.0182912 0.0244982 0.0279401 0.0260717 0.0288753 0.0431059 0.0408457 0.0262355 0.0403526 0.026387 0.0198069 0.0456842 0.0429519 0.0283252 0.0333024 0.028307 0.0284941 0.0348118 0.0291394 0.0406939 0.0284339
0.208301 0.211294 0.207157 0.203038 0.173574 0.199336 0.208521 0.201685 0.207796 0.239299 0.224115 0.205011 0.22238 0.203341 0.184599 0.237213 0.232897 0.210334 0.214013 0.207753 0.206048 0.213517 0.210683 0.223117 0.204992
0.0278935 0.0294553 0.0288981 0.0258424 0.0182912 0.0244982 0.0279401 0.0260717 0.0288753 0.0431059 0.0408457 0.0262355 0.0403526 0.026387 0.0198069 0.0456842 0.0429519 0.0283252 0.0333024 0.028307 0.0284941 0.0348118 0.0291394 0.0406939 0.0284339
0.208301 0.211294 0.207157 0.203038 0.173574 0.199336 0.208521 0.201685 0.207796 0.239299 0.224115 0.205011 0.22238 0.203341 0.184599 0.237213 0.232897 0.210334 0.214013 0.207753 0.206048 0.213517 0.210683 0.223117 0.204992
0.0278935 0.0294553 0.0288981 0.0258424 0.0182912 0.0244982 0.0279401 0.0260717 0.0288753 0.0431059 0.0408457 0.0262355 0.0403526 0.026387 0.0198069 0.0456842 0.0429519 0.0283252 0.0333024 0.028307 0.0284941 0.0348118 0.0291394 0.0406939 0.0284339
0.208301 0.211294 0.207157 0.203038 0.173574 0.199336 0.208521 0.201685 0.207796 0.239299 0.224115 0.205011 0.22238 0.203341 0.184599 0.237213 0.232897 0.210334 0.214013 0.207753 0.206048 0.213517 0.210683 0.223117 0.204992
0.0278935 0.0294553 0.0288981 0.0258424 0.0182912 0.0244982 0.0279401 0.0260717 0.0288753 0.0431059 0.0408457 0.0262355 0.0403526 0.026387 0.0198069 0.0456842 0.0429519 0.0283252 0.0333024 0.028307 0.0284941 0.0348118 0.0291394 0.0406939 0.0284339
0.208301 0.211294 0.207157 0.203038 0.173574 0.199336 0.208521 0.201685 0.207796 0.239299 0.224115 0.205011 0.22238 0.203341 0.184599 0.237213 0.232897 0.210334 0.214013 0.207753 0.206048 0.213517 0.210683 0.223117 0.204992
0.0278935 0.0294553 0.0288981 0.0258424 0.0182912 0.0244982 0.0279401 0.0260717 0.0288753 0.0431059 0.0408457 0.0262355 0.0403526 0.026387 0.0198069 0.0456842 0.0429519 0.0283252 0.0333024 0.028307 0.0284941 0.0348118 0.0291394 0.0406939 0.0284339
0.208301 0.211294 0.207157 0.203038 0.173574 0.199336 0.208521 0.201685 0.207796 0.239299 0.224115 0.205011 0.22238 0.203341 0.184599 0.237213 0.232897 0.210334 0.214013 0.207753 0.206048 0.213517 0.210683 0.223117 0.204992
0.0278935 0.0294553 0.0288981 0.0258424 0.0182912 0.0244982 0.0279401 0.0260717 0.0288753 0.0431059 0.0408457 0.0262355 0.0403526 0.026387 0.0198069 0.0456842 0.0429519 0.0283252 0.0333024 0.028307 0.0284941 0.0348118 0.0291394 0.0406939 0.0284339
0.208301 0.211294 0.207157 0.203038 0.173574 0.199336 0.208521 0.201685 0.207796 0.239299 0.224115 0.205011 0.22238 0.203341 0.184599 0.237213 0.232897 0.210334 0.214013 0.207753 0.206048 0.213517 0.210683 0.223117 0.204992
0.0278935 0.0294553 0.0288981 0.0258424 0.0182912 0.0244982 0.0279401 0.0260717 0.0288753 0.0431059 0.0408457 0.0262355 0.0403526 0.026387 0.0198069 0.0456842 0.0429519 0.0283252 0.0333024 0.028307 0.0284941 0.0348118 0.0291394 0.0406939 0.0284339
0.208301 0.211294 0.207157 0.203038 0.173574 0.199336 0.208521 0.201685 0.207796 0.239299 0.224115 0.205011 0.22238 0.203341 0.184599 0.237213 0.232897 0.210334 0.214013 0.207753 0.206048 0.213517 0.210683 0.223117 0.204992
0.0278935 0.0294553 0.0288981 0.0258424 0.0182912 0.0244982 0.0279401 0.0260717 0.0288753 0.0431059 0.0408457 0.0262355 0.0403526 0.026387 0.0198069 0.0456842 0.0429519 0.0283252 0.0333024 0.028307 0.0284941 0.0348118 0.0291394 0.0406939 0.0284339
0.208301 0.211294 0.207157 0.203038 0.173574 0.199336 0.208521 0.201685 0.207796 0.239299 0.224115 0.205011 0.22238 0.203341 0.184599 0.237213 0.232897 0.210334 0.214013 0.207753 0.206048 0.213517 0.210683 0.223117 0.204992
0.0278935 0.0294553 0.0288981 0.0258424 0.0182912 0.0244982 0.0279401 0.0260717 0.0288753 0.0431059 0.0408457 0.0262355 0.0403526 0.026387 0.0198069 0.0456842 0.0429519 0.0283252 0.0333024 0.028307 0.0284941 0.0348118 0.0291394 0.0406939 0.0284339
0.208301 0.211294 0.207157 0.203038 0.173574 0.199336 0.208521 0.201685 0.207796 0.239299 0.224115 0.205011 0.22238 0.203341 0.184599 0.237213 0.232897 0.210334 0.214013 0.207753 0.206048 0.213517 0.210683 0.223117 0.204992
0.0278935 0.0294553 0.0288981 0.0258424 0.0182912 0.0244982 0.0279401 0.0260717 0.0288753 0.0431059 0.0408457 0.0262355 0.0403526 0.026387 0.0198069 0.0456842 0.0429519 0.0283252 0.0333024 0.028307 0.0284941 0.0348118 0.0291394 0.0406939 0.0284339
0.208301 0.211294 0.207157 0.203038 0.173574 0.199336 0.208521 0.201685 0.207796 0.239299 0.224115 0.205011 0.22238 0.203341 0.184599 0.237213 0.232897 0.210334 0.214013 0.207753 0.206048 0.213517 0.210683 0.223117 0.204992
0.0278935 0.0294553 0.0288981 0.0258424 0.0182912 0.0244982 0.0279401 0.0260717 0.0288753 0.0431059 0.0408457 0.0262355 0.0403526 0.026387 0.0198069 0.0456842 0.0429519 0.0283252 0.0333024 0.028307 0.0284941 0.0348118 0.0291394 0.0406939 0.0284339
0.208301 0.211294 0.207157 0.203038 0.173574 0.199336 0.208521 0.201685 0.207796 0.239299 0.224115 0.205011 0.22238 0.203341 0.184599 0.237213 0.232897 0.210334 0.214013 0.207753 0.206048 0.213517 0.210683 0.223117 0.204992
0.0278935 0.0294553 0.0288981 0.0258424 0.0182912 0.0244982 0.0279401 0.0260717 0.0288753 0.0431059 0.0408457 0.0262355 0.0403526 0.026387 0.0198069 0.0456842 0.0429519 0.0283252 0.0333024 0.028307 0.0284941 0.0348118 0.0291394 0.0406939 0.0284339
0.208301 0.211294 0.207157 0.203038 0.173574 0.199336 0.208521 0.201685 0.207796 0.239299 0.224115 0.205011 0.22238 0.203341 0.184599 0.237213 0.232897 0.210334 0.214013 0.207753 0.206048 0.213517 0.210683 0.223117 0.204992
0.0278935 0.0294553 0.0288981 0.0258424 0.0182912 0.0244982 0.0279401 0.0260717 0.0288753 0.0431059 0.0408457 0.0262355 0.0403526 0.026387 0.0198069 0.0456842 0.0429519 0.0283252 0.0333024 0.028307 0.0284941 0.0348118 0.0291394 0.0406939 0.0284339
0.208301 0.211294 0.207157 0.203038 0.173574 0.199336 0.208521 0.201685 0.207796 0.239299 0.224115 0.205011 0.22238 0.203341 0.184599 0.237213 0.232897 0.210334 0.214013 0.207753 0.206048 0.213517 0.210683 0.223117 0.204992
0.0278935 0.0294553 0.0288981 0.0258424 0.0182912 0.0244982 0.0279401 0.0260717 0.0288753 0.0431059 0.0408457 0.0262355 0.0403526 0.026387 0.0198069 0.0456842 0.0429519 0.0283252 0.0333024 0.028307 0.0284941 0.0348118 0.0291394 0.0406939 0.0284339
0.208301 0.211294 0.207157 0.203038 0.173574 0.199336 0.208521 0.201685 0.207796 0.239299 0.224115 0.205011 0.22238 0.203341 0.184599 0.237213 0.232897 0.210334 0.214013 0.207753 0.206048 0.213517 0.210683 0.223117 0.204992
0.0278935 0.0294553 0.0288981 0.0258424 0.0182912 0.0244982 0.0279401 0.0260717 0.0288753 0.0431059 0.0408457 0.0262355 0.0403526 0.026387 0.0198069 0.0456842 0.0429519 0.0283252 0.0333024 0.028307 0.0284941 0.0348118 0.0291394 0.0406939 0.0284339
0.208301 0.211294 0.207157 0.203038 0.173574 0.199336 0.208521 0.201685 0.207796 0.239299 0.224115 0.205011 0.22238 0.203341 0.184599 0.237213 0.232897 0.210334 0.214013 0.207753 0.206048 0.213517 0.210683 0.223117 0.204992
0.0278935 0.0294553 0.0288981 0.0258424 0.0182912 0.0244982 0.0279401 0.0260717 0.0288753 0.0431059 0.0408457 0.0262355 0.0403526 0.026387 0.0198069 0.0456842 0.0429519 0.0283252 0.0333024 0.028307 0.0284941 0.0348118 0.0291394 0.0406939 0.0284339
0.208301 0.211294 0.207157 0.203038 0.173574 0.199336 0.208521 0.201685 0.207796 0.239299 0.224115 0.205011 0.22238 0.203341 0.184599 0.237213 0.232897 0.210334 0.214013 0.207753 0.206048 0.213517 0.210683 0.223117 0.204992
0.0278935 0.0294553 0.0288981 0.0258424 0.0182912 0.0244982 0.0279401 0.0260717 0.0288753 0.0431059 0.0408457 0.0262355 0.0403526 0.026387 0.0198069 0.0456842 0.0429519 0.0283252 0.0333024 0.028307 0.0284941 0.0348118 0.0291394 0.0406939 0.0284339
0.208301 0.211294 0.207157 0.203038 0.173574 0.199336 0.208521 0.201685 0.207796 0.239299 0.224115 0.205011 0.22238 0.203341 0.184599 0.237213 0.232897 0.210334 0.214013 0.207753 0.206048 0.213517 0.210683 0.223117 0.204992
0.0278935 0.0294553 0.0288981 0.0258424 0.0182912 0.0244982 0.0279401 0.0260717 0.0288753 0.0431059 0.0408457 0.0262355 0.0403526 0.026387 0.0198069 0.0456842 0.0429519 0.0283252 0.0333024 0.028307 0.0284941 0.0348118 0.0291394 0.0406939 0.0284339
0.208301 0.211294 0.207157 0.203038 0.173574 0.199336 0.208521 0.201685 0.207796 0.239299 0.224115 0.205011 0.22238 0.203341 0.184599 0.237213 0.232897 0.210334 0.214013 0.207753 0.206048 0.213517 0.210683 0.223117 0.204992
0.0278935 0.0294553 0.0288981 0.0258424 0.0182912 0.0244982 0.0279401 0.0260717 0.0288753 0.0431059 0.0408457 0.0262355 0.0403526 0.026387 0.0198069 0.0456842 0.0429519 0.0283252 0.0333024 0.028307 0.0284941 0.0348118 0.0291394 0.0406939 0.0284339
0.208301 0.211294 0.207157 0.203038 0.173574 0.199336 0.208521 0.201685 0.207796 0.239299 0.224115 0.205011 0.22238 0.203341 0.184599 0.237213 0.232897 0.210334 0.214013 0.207753 0.206048 0.213517 0.210683 0.223117 0.204992
0.0278935 0.0294553 0.0288981 0.0258424 0.0182912 0.0244982 0.0279401 0.0260717 0.0288753 0.0431059 0.0408457 0.0262355 0.0403526 0.026387 0.0198069 0.0456842 0.0429519 0.0283252 0.0333024 0.028307 0.0284941 0.0348118 0.0291394 0.0406939 0.0284339
0.208301 0.211294 0.207157 0.203038 0.173574 0.199336 0.208521 0.201685 0.207796 0.239299 0.224115 0.205011 0.22238 0.203341 0.184599 0.237213 0.232897 0.210334 0.214013 0.207753 0.206048 0.213517 0.210683 0.223117 0.204992
0.0278935 0.0294553 0.0288981 0.0258424 0.0182912 0.0244982 0.0279401 0.0260717 0.0288753 0.0431059 0.0408457 0.0262355 0.0403526 0.026387 0.0198069 0.0456842 0.0429519 0.0283252 0.0333024 0.028307 0.0284941 0.0348118 0.0291394 0.0406939 0.0284339
0.208301 0.211294 0.207157 0.203038 0.173574 0.199336 0.208521 0.201685 0.207796 0.239299 0.224115 0.205011 0.22238 0.203341 0.184599 0.237213 0.232897 0.210334 0.214013 0.207753 0.206048 0.213517 0.210683 0.223117 0.204992
0.0278935 0.0294553 0.0288981 0.0258424 0.0182912 0.0244982 0.0279401 0.0260717 0.0288753 0.0431059 0.0408457 0.0262355 0.0403526 0.026387 0.0198069 0.0456842 0.0429519 0.0283252 0.0333024 0.028307 0.0284941 0.0348118 0.0291394 0.0406939 0.0284339
0.208301 0.211294 0.207157 0.203038 0.173574 0.199336 0.208521 0.201685 0.207796 0.239299 0.224115 0.205011 0.22238 0.203341 0.184599 0.237213 0.232897 0.210334 0.214013 0.207753 0.206048 0.213517 0.210683 0.223117 0.204992
0.0278935 0.0294553 0.0288981 0.0258424 0.0182912 0.0244982 0.0279401 0.0260717 0.0288753 0.0431059 0.0408457 0.0262355 0.0403526 0.026387 0.0198069 0.0456842 0.0429519 0.0283252 0.0333024 0.028307 0.0284941 0.0348118 0.0291394 0.0406939 0.0284339
0.208301 0.211294 0.207157 0.203038 0.173574 0.199336 0.208521 0.201685 0.207796 0.239299 0.224115 0.205011 0.22238 0.203341 0.184599 0.237213 0.232897 0.210334 0.214013 0.207753 0.206048 0.213517 0.210683 0.223117 0.204992
0.0278935 0.0294553 0.0288981 0.0258424 0.0182912 0.0244982 0.0279401 0.0260717 0.0288753 0.0431059 0.0408457 0.0262355 0.0403526 0.026387 0.0198069 0.0456842 0.0429519 0.0283252 0.0333024 0.028307 0.0284941 0.0348118 0.0291394 0.0406939 0.0284339
0.208301 0.211294 0.207157 0.203038 0.173574 0.199336 0.208521 0.201685 0.207796 0.239299 0.224115 0.205011 0.22238 0.203341 0.184599 0.237213 0.232897 0.210334 0.214013 0.207753 0.206048 0.213517 0.210683 0.223117 0.204992
0.0278935 0.0294553 0.0288981 0.0258424 0.0182912 0.0244982 0.0279401 0.0260717 0.0288753 0.0431059 0.0408457 0.0262355 0.0403526 0.026387 0.0198069 0.0456842 0.0429519 0.0283252 0.0333024 0.028307 0.0284941 0.0348118 0.0291394 0.0406939 0.0284339
0.208301 0.211294 0.207157 0.203038 0.173574 0.199336 0.208521 0.201685 0.207796 0.239299 0.224115 0.205011 0.22238 0.203341 0.184599 0.237213 0.232897 0.210334 0.214013 0.207753 0.206048 0.213517 0.210683 0.223117 0.204992
0.0278935 0.0294553 0.0288981 0.0258424 0.0182912 0.0244982 0.0279401 0.0260717 0.0288753 0.0431059 0.0408457 0.0262355 0.0403526 0.026387 0.0198069 0.0456842 0.0429519 0.0283252 0.0333024 0.028307 0.0284941 0.0348118 0.0291394 0.0406939 0.0284339
0.208301 0.211294 0.207157 0.203038 0.173574 0.199336 0.208521 0.201685 0.207796 0.239299 0.224115 0.205011 0.22238 0.203341 0.184599 0.237213 0.232897 0.210334 0.214013 0.207753 0.206048 0.213517 0.210683 0.223117 0.204992
0.0278935 0.0294553 0.0288981 0.0258424 0.0182912 0.0244982 0.0279401 0.0260717 0.0288753 0.0431059 0.0408457 0.0262355 0.0403526 0.026387 0.0198069 0.0456842 0.0429519 0.0283252 0.0333024 0.028307 0.0284941 0.0348118 0.0291394 0.0406939 0.0284339
0.208301 0.211294 0.207157 0.203038 0.173574 0.199336 0.208521 0.201685 0.207796 0.239299 0.224115 0.205011 0.22238 0.203341 0.184599 0.237213 0.232897 0.210334 0.214013 0.207753 0.206048 0.213517 0.210683 0.223117 0.204992
0.0278935 0.0294553 0.0288981 0.0258424 0.0182912 0.0244982 0.0279401 0.0260717 0.0288753 0.0431059 0.0408457 0.0262355 0.0403526 0.026387 0.0198069 0.0456842 0.0429519 0.0283252 0.0333024 0.028307 0.0284941 0.0348118 0.0291394 0.0406939 0.0284339
0.208301 0.211294 0.207157 0.203038 0.173574 0.199336 0.208521 0.201685 0.207796 0.239299 0.224115 0.205011 0.22238 0.203341 0.184599 0.237213 0.232897 0.210334 0.214013 0.207753 0.206048 0.213517 0.210683 0.223117 0.204992
0.0278935 0.0294553 0.0288981 0.0258424 0.0182912 0.0244982 0.0279401 0.0260717 0.0288753 0.0431059 0.0408457 0.0262355 0.0403526 0.026387 0.0198069 0.0456842 0.0429519 0.0283252 0.0333024 0.028307 0.0284941 0.0348118 0.0291394 0.0406939 0.0284339
0.208301 0.211294 0.207157 0.203038 0.173574 0.199336 0.208521 0.201685 0.207796 0.239299 0.224115 0.205011 0.22238 0.203341 0.184599 0.237213 0.232897 0.210334 0.214013 0.207753 0.206048 0.213517 0.210683 0.223117 0.204992
0.0278935 0.0294553 0.0288981 0.0258424 0.0182912 0.0244982 0.0279401 0.0260717 0.0288753 0.0431059 0.0408457 0.0262355 0.0403526 0.026387 0.0198069 0.0456842 0.0429519 0.0283252 0.0333024 0.028307 0.0284941 0.0348118 0.0291394 0.0406939 0.0284339
0.208301 0.211294 0.207157 0.203038 0.173574 0.199336 0.208521 0.201685 0.207796 0.239299 0.224115 0.205011 0.22238 0.203341 0.184599 0.237213 0.232897 0.210334 0.214013 0.207753 0.206048 0.213517 0.210683 0.223117 0.204992
0.0278935 0.0294553 0.0288981 0.0258424 0.0182912 0.0244982 0.0279401 0.0260717 0.0288753 0.0431059 0.0408457 0.0262355 0.0403526 0.026387 0.0198069 0.0456842 0.0429519 0.0283252 0.0333024 0.028307 0.0284941 0.0348118 0.0291394 0.0406939 0.0284339
0.208301 0.211294 0.207157 0.203038 0.173574 0.199336 0.208521 0.201685 0.207796 0.239299 0.224115 0.205011 0.22238 0.203341 0.184599 0.237213 0.232897 0.210334 0.214013 0.207753 0.206048 0.213517 0.210683 0.223117 0.204992
0.0278935 0.0294553 0.0288981 0.0258424 0.0182912 0.0244982 0.0279401 0.0260717 0.0288753 0.0431059 0.0408457 0.0262355 0.0403526 0.026387 0.0198069 0.0456842 0.0429519 0.0283252 0.0333024 0.028307 0.0284941 0.0348118 0.0291394 0.0406939 0.0284339
0.208301 0.211294 0.207157 0.203038 0.173574 0.199336 0.208521 0.201685 0.207796 0.239299 0.224115 0.205011 0.22238 0.203341 0.184599 0.237213 0.232897 0.210334 0.214013 0.207753 0.206048 0.213517 0.210683 0.223117 0.204992
0.0278935 0.0294553 0.0288981 0.0258424 0.0182912 0.0244982 0.0279401 0.0260717 0.0288753 0.0431059 0.0408457 0.0262355 0.0403526 0.026387 0.0198069 0.0456842 0.0429519 0.0283252 0.0333024 0.028307 0.0284941 0.0348118 0.0291394 0.0406939 0.0284339
0.208301 0.211294 0.207157 0.203038 0.173574 0.199336 0.208521 0.201685 0.207796 0.239299 0.224115 0.205011 0.22238 0.203341 0.184599 0.237213 0.232897 0.210334 0.214013 0.207753 0.206048 0.213517 0.210683 0.223117 0.204992
0.0278935 0.0294553 0.0288981 0.0258424 0.0182912 0.0244982 0.0279401 0.0260717 0.0288753 0.0431059 0.0408457 0.0262355 0.0403526 0.026387 0.0198069 0.0456842 0.0429519 0.0283252 0.0333024 0.028307 0.0284941 0.0348118 0.0291394 0.0406939 0.0284339
0.208301 0.211294 0.207157 0.203038 0.173574 0.199336 0.208521 0.201685 0.207796 0.239299 0.224115 0.205011 0.22238 0.203341 0.184599 0.237213 0.232897 0.210334 0.214013 0.207753 0.206048 0.213517 0.210683 0.223117 0.204992
0.0278935 0.0294553 0.0288981 0.0258424 0.0182912 0.0244982 0.0279401 0.0260717 0.0288753 0.0431059 0.0408457 0.0262355 0.0403526 0.026387 0.0198069 0.0456842 0.0429519 0.0283252 0.0333024 0.028307 0.0284941 0.0348118 0.0291394 0.0406939 0.0284339
0.208301 0.211294 0.207157 0.203038 0.173574 0.199336 0.208521 0.201685 0.207796 0.239299 0.224115 0.205011 0.22238 0.203341 0.184599 0.237213 0.232897 0.210334 0.214013 0.207753 0.206048 0.213517 0.210683 0.223117 0.204992
0.0278935 0.0294553 0.0288981 0.0258424 0.0182912 0.0244982 0.0279401 0.0260717 0.0288753 0.0431059 0.0408457 0.0262355 0.0403526 0.026387 0.0198069 0.0456842 0.0429519 0.0283252 0.0333024 0.028307 0.0284941 0.0348118 0.0291394 0.0406939 0.0284339
0.208301 0.211294 0.207157 0.203038 0.173574 0.199336 0.208521 0.201685 0.207796 0.239299 0.224115 0.205011 0.22238 0.203341 0.184599 0.237213 0.232897 0.210334 0.214013 0.207753 0.206048 0.213517 0.210683 0.223117 0.204992
0.0278935 0.0294553 0.0288981 0.0258424 0.0182912 0.0244982 0.0279401 0.0260717 0.0288753 0.0431059 0.0408457 0.0262355 0.0403526 0.026387 0.0198069 0.0456842 0.0429519 0.0283252 0.0333024 0.028307 0.0284941 0.0348118 0.0291394 0.0406939 0.0284339
0.208301 0.211294 0.207157 0.203038 0.173574 0.199336 0.208521 0.201685 0.207796 0.239299 0.224115 0.205011 0.22238 0.203341 0.184599 0.237213 0.232897 0.210334 0.214013 0.207753 0.206048 0.213517 0.210683 0.223117 0.204992
0.0278935 0.0294553 0.0288981 0.0258424 0.0182912 0.0244982 0.0279401 0.0260717 0.0288753 0.0431059 0.0408457 0.0262355 0.0403526 0.026387 0.0198069 0.0456842 0.0429519 0.0283252 0.0333024 0.028307 0.0284941 0.0348118 0.0291394 0.0406939 0.0284339
0.208301 0.211294 0.207157 0.203038 0.173574 0.199336 0.208521 0.201685 0.207796 0.239299 0.224115 0.205011 0.22238 0.203341 0.184599 0.237213 0.232897 0.210334 0.214013 0.207753 0.206048 0.213517 0.210683 0.223117 0.204992
0.0278935 0.0294553 0.0288981 0.0258424 0.0182912 0.0244982 0.0279401 0.0260717 0.0288753 0.0431059 0.0408457 0.0262355 0.0403526 0.026387 0.0198069 0.0456842 0.0429519 0.0283252 0.0333024 0.028307 0.0284941 0.0348118 0.0291394 0.0406939 0.0284339
0.208301 0.211294 0.207157 0.203038 0.173574 0.199336 0.208521 0.201685 0.207796 0.239299 0.224115 0.205011 0.22238 0.203341 0.184599 0.237213 0.232897 0.210334 0.214013 0.207753 0.206048 0.213517 0.210683 0.223117 0.204992
0.0278935 0.0294553 0.0288981 0.0258424 0.0182912 0.0244982 0.0279401 0.0260717 0.0288753 0.0431059 0.0408457 0.0262355 0.0403526 0.026387 0.0198069 0.0456842 0.0429519 0.0283252 0.0333024 0.028307 0.0284941 0.0348118 0.0291394 0.0406939 0.0284339
0.208301 0.211294 0.207157 0.203038 0.173574 0.199336 0.208521 0.201685 0.207796 0.239299 0.224115 0.205011 0.22238 0.203341 0.184599 0.237213 0.232897 0.210334 0.214013 0.207753 0.206048 0.213517 0.210683 0.223117 0.204992
0.0278935 0.0294553 0.0288981 0.0258424 0.0182912 0.0244982 0.0279401 0.0260717 0.0288753 0.0431059 0.0408457 0.0262355 0.0403526 0.026387 0.0198069 0.0456842 0.0429519 0.0283252 0.0333024 0.028307 0.0284941 0.0348118 0.0291394 0.0406939 0.0284339
0.208301 0.211294 0.207157 0.203038 0.173574 0.199336 0.208521 0.201685 0.207796 0.239299 0.224115 0.205011 0.22238 0.203341 0.184599 0.237213 0.232897 0.210334 0.214013 0.207753 0.206048 0.213517 0.210683 0.223117 0.204992
0.0278935 0.0294553 0.0288981 0.0258424 0.0182912 0.0244982 0.0279401 0.0260717 0.0288753 0.0431059 0.0408457 0.0262355 0.0403526 0.026387 0.0198069 0.0456842 0.0429519 0.0283252 0.0333024 0.028307 0.0284941 0.0348118 0.0291394 0.0406939 0.0284339
0.208301 0.211294 0.207157 0.203038 0.173574 0.199336 0.208521 0.201685 0.207796 0.239299 0.224115 0.205011 0.22238 0.203341 0.184599 0.237213 0.232897 0.210334 0.214013 0.207753 0.206048 0.213517 0.210683 0.223117 0.204992
0.0278935 0.0294553 0.0288981 0.0258424 0.0182912 0.0244982 0.0279401 0.0260717 0.0288753 0.0431059 0.0408457 0.0262355 0.0403526 0.026387 0.0198069 0.0456842 0.0429519 0.0283252 0.0333024 0.028307 0.0284941 0.0348118 0.0291394 0.0406939 0.0284339
0.208301 0.211294 0.207157 0.203038 0.173574 0.199336 0.208521 0.201685 0.207796 0.239299 0.224115 0.205011 0.22238 0.203341 0.184599 0.237213 0.232897 0.210334 0.214013 0.207753 0.206048 0.213517 0.210683 0.223117 0.204992
0.0278935 0.0294553 0.0288981 0.0258424 0.0182912 0.0244982 0.0279401 0.0260717 0.0288753 0.0431059 0.0408457 0.0262355 0.0403526 0.026387 0.0198069 0.0456842 0.0429519 0.0283252 0.0333024 0.028307 0.0284941 0.0348118 0.0291394 0.0406939 0.0284339
0.208301 0.211294 0.207157 0.203038 0.173574 0.199336 0.208521 0.201685 0.207796 0.239299 0.224115 0.205011 0.22238 0.203341 0.184599 0.237213 0.232897 0.210334 0.214013 0.207753 0.206048 0.213517 0.210683 0.223117 0.204992
0.0278935 0.0294553 0.0288981 0.0258424 0.0182912 0.0244982 0.0279401 0.0260717 0.0288753 0.0431059 0.0408457 0.0262355 0.0403526 0.026387 0.0198069 0.0456842 0.0429519 0.0283252 0.0333024 0.028307 0.0284941 0.0348118 0.0291394 0.0406939 0.0284339
0.208301 0.211294 0.207157 0.203038 0.173574 0.199336 0.208521 0.201685 0.207796 0.239299 0.224115 0.205011 0.22238 0.203341 0.184599 0.237213 0.232897 0.210334 0.214013 0.207753 0.206048 0.213517 0.210683 0.223117 0.204992
0.0278935 0.0294553 0.0288981 0.0258424 0.0182912 0.0244982 0.0279401 0.0260717 0.0288753 0.0431059 0.0408457 0.0262355 0.0403526 0.026387 0.0198069 0.0456842 0.0429519 0.0283252 0.0333024 0.028307 0.0284941 0.0348118 0.0291394 0.0406939 0.0284339
0.208301 0.211294 0.207157 0.203038 0.173574 0.199336 0.208521 0.201685 0.207796 0.239299 0.224115 0.205011 0.22238 0.203341 0.184599 0.237213 0.232897 0.210334 0.214013 0.207753 0.206048 0.213517 0.210683 0.223117 0.204992
0.0278935 0.0294553 0.0288981 0.0258424 0.0182912 0.0244982 0.0279401 0.0260717 0.0288753 0.0431059 0.0408457 0.0262355 0.0403526 0.026387 0.0198069 0.0456842 0.0429519 0.0283252 0.0333024 0.028307 0.0284941 0.0348118 0.0291394 0.0406939 0.0284339
0.208301 0.211294 0.207157 0.203038 0.173574 0.199336 0.208521 0.201685 0.207796 0.239299 0.224115 0.205011 0.22238 0.203341 0.184599 0.237213 0.232897 0.210334 0.214013 0.207753 0.206048 0.213517 0.210683 0.223117 0.204992
0.0278935 0.0294553 0.0288981 0.0258424 0.0182912 0.0244982 0.0279401 0.0260717 0.0288753 0.0431059 0.0408457 0.0262355 0.0403526 0.026387 0.0198069 0.0456842 0.0429519 0.0283252 0.0333024 0.028307 0.0284941 0.0348118 0.0291394 0.0406939 0.0284339
0.208301 0.211294 0.207157 0.203038 0.173574 0.199336 0.208521 0.201685 0.207796 0.239299 0.224115 0.205011 0.22238 0.203341 0.184599 0.237213 0.232897 0.210334 0.214013 0.207753 0.206048 0.213517 0.210683 0.223117 0.204992
0.0278935 0.0294553 0.0288981 0.0258424 0.0182912 0.0244982 0.0279401 0.0260717 0.0288753 0.0431059 0.0408457 0.0262355 0.0403526 0.026387 0.0198069 0.0456842 0.0429519 0.0283252 0.0333024 0.028307 0.0284941 0.0348118 0.0291394 0.0406939 0.0284339
0.208301 0.211294 0.207157 0.203038 0.173574 0.199336 0.208521 0.201685 0.207796 0.239299 0.224115 0.205011 0.22238 0.203341 0.184599 0.237213 0.232897 0.210334 0.214013 0.207753 0.206048 0.213517 0.210683 0.223117 0.204992
0.0278935 0.0294553 0.0288981 0.0258424 0.0182912 0.0244982 0.0279401 0.0260717 0.0288753 0.0431059 0.0408457 0.0262355 0.0403526 0.026387 0.0198069 0.0456842 0.0429519 0.0283252 0.0333024 0.028307 0.0284941 0.0348118 0.0291394 0.0406939 0.0284339
0.208301 0.211294 0.207157 0.203038 0.173574 0.199336 0.208521 0.201685 0.207796 0.239299 0.224115 0.205011 0.22238 0.203341 0.184599 0.237213 0.232897 0.210334 0.214013 0.207753 0.206048 0.213517 0.210683 0.223117 0.204992
0.0278935 0.0294553 0.0288981 0.0258424 0.0182912 0.0244982 0.0279401 0.0260717 0.0288753 0.0431059 0.0408457 0.0262355 0.0403526 0.026387 0.0198069 0.0456842 0.0429519 0.0283252 0.0333024 0.028307 0.0284941 0.0348118 0.0291394 0.0406939 0.0284339
0.208301 0.211294 0.207157 0.203038 0.173574 0.199336 0.208521 0.201685 0.207796 0.239299 0.224115 0.205011 0.22238 0.203341 0.184599 0.237213 0.232897 0.210334 0.214013 0.207753 0.206048 0.213517 0.210683 0.223117 0.204992
0.0278935 0.0294553 0.0288981 0.0258424 0.0182912 0.0244982 0.0279401 0.0260717 0.0288753 0.0431059 0.0408457 0.0262355 0.0403526 0.026387 0.0198069 0.0456842 0.0429519 0.0283252 0.0333024 0.028307 0.0284941 0.0348118 0.0291394 0.0406939 0.0284339
0.208301 0.211294 0.207157 0.203038 0.173574 0.199336 0.208521 0.201685 0.207796 0.239299 0.224115 0.205011 0.22238 0.203341 0.184599 0.237213 0.232897 0.210334 0.214013 0.207753 0.206048 0.213517 0.210683 0.223117 0.204992
0.0278935 0.0294553 0.0288981 0.0258424 0.0182912 0.0244982 0.0279401 0.0260717 0.0288753 0.0431059 0.0408457 0.0262355 0.0403526 0.026387 0.0198069 0.0456842 0.0429519 0.0283252 0.0333024 0.028307 0.0284941 0.0348118 0.0291394 0.0406939 0.0284339
0.208301 0.211294 0.207157 0.203038 0.173574 0.199336 0.208521 0.201685 0.207796 0.239299 0.224115 0.205011 0.22238 0.203341 0.184599 0.237213 0.232897 0.210334 0.214013 0.207753 0.206048 0.213517 0.210683 0.223117 0.204992
0.0278935 0.0294553 0.0288981 0.0258424 0.0182912 0.0244982 0.0279401 0.0260717 0.0288753 0.0431059 0.0408457 0.0262355 0.0403526 0.026387 0.0198069 0.0456842 0.0429519 0.0283252 0.0333024 0.028307 0.0284941 0.0348118 0.0291394 0.0406939 0.0284339
0.208301 0.211294 0.207157 0.203038 0.173574 0.199336 0.208521 0.201685 0.207796 0.239299 0.224115 0.205011 0.22238 0.203341 0.184599 0.237213 0.232897 0.210334 0.214013 0.207753 0.206048 0.213517 0.210683 0.223117 0.204992
0.0278935 0.0294553 0.0288981 0.0258424 0.0182912 0.0244982 0.0279401 0.0260717 0.0288753 0.0431059 0.0408457 0.0262355 0.0403526 0.026387 0.0198069 0.0456842 0.0429519 0.0283252 0.0333024 0.028307 0.0284941 0.0348118 0.0291394 0.0406939 0.0284339
0.208301 0.211294 0.207157 0.203038 0.173574 0.199336 0.208521 0.201685 0.207796 0.239299 0.224115 0.205011 0.22238 0.203341 0.184599 0.237213 0.232897 0.210334 0.214013 0.207753 0.206048 0.213517 0.210683 0.223117 0.204992
0.0278935 0.0294553 0.0288981 0.0258424 0.0182912 0.0244982 0.0279401 0.0260717 0.0288753 0.0431059 0.0408457 0.0262355 0.0403526 0.026387 0.0198069 0.0456842 0.0429519 0.0283252 0.0333024 0.028307 0.0284941 0.0348118 0.0291394 0.0406939 0.0284339
0.208301 0.211294 0.207157 0.203038 0.173574 0.199336 0.208521 0.201685 0.207796 0.239299 0.224115 0.205011 0.22238 0.203341 0.184599 0.237213 0.232897 0.210334 0.214013 0.207753 0.206048 0.213517 0.210683 0.223117 0.204992
0.0278935 0.0294553 0.0288981 0.0258424 0.0182912 0.0244982 0.0279401 0.0260717 0.0288753 0.0431059 0.0408457 0.0262355 0.0403526 0.026387 0.0198069 0.0456842 0.0429519 0.0283252 0.0333024 0.028307 0.0284941 0.0348118 0.0291394 0.0406939 0.0284339
0.208301 0.211294 0.207157 0.203038 0.173574 0.199336 0.208521 0.201685 0.207796 0.239299 0.224115 0.205011 0.22238 0.203341 0.184599 0.237213 0.232897 0.210334 0.214013 0.207753 0.206048 0.213517 0.210683 0.223117 0.204992
0.0278935 0.0294553 0.0288981 0.0258424 0.0182912 0.0244982 0.0279401 0.0260717 0.0288753 0.0431059 0.0408457 0.0262355 0.0403526 0.026387 0.0198069 0.0456842 0.0429519 0.0283252 0.0333024 0.028307 0.0284941 0.0348118 0.0291394 0.0406939 0.0284339
0.208301 0.211294 0.207157 0.203038 0.173574 0.199336 0.208521 0.201685 0.207796 0.239299 0.224115 0.205011 0.22238 0.203341 0.184599 0.237213 0.232897 0.210334 0.214013 0.207753 0.206048 0.213517 0.210683 0.223117 0.204992
0.0278935 0.0294553 0.0288981 0.0258424 0.0182912 0.0244982 0.0279401 0.0260717 0.0288753 0.0431059 0.0408457 0.0262355 0.0403526 0.026387 0.0198069 0.0456842 0.0429519 0.0283252 0.0333024 0.028307 0.0284941 0.0348118 0.0291394 0.0406939 0.0284339
0.208301 0.211294 0.207157 0.203038 0.173574 0.199336 0.208521 0.201685 0.207796 0.239299 0.224115 0.205011 0.22238 0.203341 0.184599 0.237213 0.232897 0.210334 0.214013 0.207753 0.206048 0.213517 0.210683 0.223117 0.204992
0.0278935 0.0294553 0.0288981 0.0258424 0.0182912 0.0244982 0.0279401 0.0260717 0.0288753 0.0431059 0.0408457 0.0262355 0.0403526 0.026387 0.0198069 0.0456842 0.0429519 0.0283252 0.0333024 0.028307 0.0284941 0.0348118 0.0291394 0.0406939 0.0284339
0.208301 0.211294 0.207157 0.203038 0.173574 0.199336 0.208521 0.201685 0.207796 0.239299 0.224115 0.205011 0.22238 0.203341 0.184599 0.237213 0.232897 0.210334 0.214013 0.207753 0.206048 0.213517 0.210683 0.223117 0.204992
0.0278935 0.0294553 0.0288981 0.0258424 0.0182912 0.0244982 0.0279401 0.0260717 0.0288753 0.0431059 0.0408457 0.0262355 0.0403526 0.026387 0.0198069 0.0456842 0.0429519 0.0283252 0.0333024 0.028307 0.0284941 0.0348118 0.0291394 0.0406939 0.0284339
0.208301 0.211294 0.207157 0.203038 0.173574 0.199336 0.208521 0.201685 0.207796 0.239299 0.224115 0.205011 0.22238 0.203341 0.184599 0.237213 0.232897 0.210334 0.214013 0.207753 0.206048 0.213517 0.210683 0.223117 0.204992
0.0278935 0.0294553 0.0288981 0.0258424 0.0182912 0.0244982 0.0279401 0.0260717 0.0288753 0.0431059 0.0408457 0.0262355 0.0403526 0.026387 0.0198069 0.0456842 0.0429519 0.0283252 0.0333024 0.028307 0.0284941 0.0348118 0.0291394 0.0406939 0.0284339
0.208301 0.211294 0.207157 0.203038 0.173574 0.199336 0.208521 0.201685 0.207796 0.239299 0.224115 0.205011 0.22238 0.203341 0.184599 0.237213 0.232897 0.210334 0.214013 0.207753 0.206048 0.213517 0.210683 0.223117 0.204992
0.0278935 0.0294553 0.0288981 0.0258424 0.0182912 0.0244982 0.0279401 0.0260717 0.0288753 0.0431059 0.0408457 0.0262355 0.0403526 0.026387 0.0198069 0.0456842 0.0429519 0.0283252 0.0333024 0.028307 0.0284941 0.0348118 0.0291394 0.0406939 0.0284339
0.208301 0.211294 0.207157 0.203038 0.173574 0.199336 0.208521 0.201685 0.207796 0.239299 0.224115 0.205011 0.22238 0.203341 0.184599 0.237213 0.232897 0.210334 0.214013 0.207753 0.206048 0.213517 0.210683 0.223117 0.204992
0.0278935 0.0294553 0.0288981 0.0258424 0.0182912 0.0244982 0.0279401 0.0260717 0.0288753 0.0431059 0.0408457 0.0262355 0.0403526 0.026387 0.0198069 0.0456842 0.0429519 0.0283252 0.0333024 0.028307 0.0284941 0.0348118 0.0291394 0.0406939 0.0284339
0.208301 0.211294 0.207157 0.203038 0.173574 0.199336 0.208521 0.201685 0.207796 0.239299 0.224115 0.205011 0.22238 0.203341 0.184599 0.237213 0.232897 0.210334 0.214013 0.207753 0.206048 0.213517 0.210683 0.223117 0.204992
0.0278935 0.0294553 0.0288981 0.0258424 0.0182912 0.0244982 0.0279401 0.0260717 0.0288753 0.0431059 0.0408457 0.0262355 0.0403526 0.026387 0.0198069 0.0456842 0.0429519 0.0283252 0.0333024 0.028307 0.0284941 0.0348118 0.0291394 0.0406939 0.0284339
0.208301 0.211294 0.207157 0.203038 0.173574 0.199336 0.208521 0.201685 0.207796 0.239299 0.224115 0.205011 0.22238 0.203341 0.184599 0.237213 0.232897 0.210334 0.214013 0.207753 0.206048 0.213517 0.210683 0.223117 0.204992
0.0278935 0.0294553 0.0288981 0.0258424 0.0182912 0.0244982 0.0279401 0.0260717 0.0288753 0.0431059 0.0408457 0.0262355 0.0403526 0.026387 0.0198069 0.0456842 0.0429519 0.0283252 0.0333024 0.028307 0.0284941 0.0348118 0.0291394 0.0406939 0.0284339
0.208301 0.211294 0.207157 0.203038 0.173574 0.199336 0.208521 0.201685 0.207796 0.239299 0.224115 0.205011 0.22238 0.203341 0.184599 0.237213 0.232897 0.210334 0.214013 0.207753 0.206048 0.213517 0.210683 0.223117 0.204992
0.0278935 0.0294553 0.0288981 0.0258424 0.0182912 0.0244982 0.0279401 0.0260717 0.0288753 0.0431059 0.0408457 0.0262355 0.0403526 0.026387 0.0198069 0.0456842 0.0429519 0.0283252 0.0333024 0.028307 0.0284941 0.0348118 0.0291394 0.0406939 0.0284339
0.208301 0.211294 0.207157 0.203038 0.173574 0.199336 0.208521 0.201685 0.207796 0.239299 0.224115 0.205011 0.22238 0.203341 0.184599 0.237213 0.232897 0.210334 0.214013 0.207753 0.206048 0.213517 0.210683 0.223117 0.204992
0.0278935 0.0294553 0.0288981 0.0258424 0.0182912 0.0244982 0.0279401 0.0260717 0.0288753 0.0431059 0.0408457 0.0262355 0.0403526 0.026387 0.0198069 0.0456842 0.0429519 0.0283252 0.0333024 0.028307 0.0284941 0.0348118 0.0291394 0.0406939 0.0284339
0.208301 0.211294 0.207157 0.203038 0.173574 0.199336 0.208521 0.201685 0.207796 0.239299 0.224115 0.205011 0.22238 0.203341 0.184599 0.237213 0.232897 0.210334 0.214013 0.207753 0.206048 0.213517 0.210683 0.223117 0.204992
0.0278935 0.0294553 0.0288981 0.0258424 0.0182912 0.0244982 0.0279401 0.0260717 0.0288753 0.0431059 0.0408457 0.0262355 0.0403526 0.026387 0.0198069 0.0456842 0.0429519 0.0283252 0.0333024 0.028307 0.0284941 0.0348118 0.0291394 0.0406939 0.0284339
0.208301 0.211294 0.207157 0.203038 0.173574 0.199336 0.208521 0.201685 0.207796 0.239299 0.224115 0.205011 0.22238 0.203341 0.184599 0.237213 0.232897 0.210334 0.214013 0.207753 0.206048 0.213517 0.210683 0.223117 0.204992
0.0278935 0.0294553 0.0288981 0.0258424 0.0182912 0.0244982 0.0279401 0.0260717 0.0288753 0.0431059 0.0408457 0.0262355 0.0403526 0.026387 0.0198069 0.0456842 0.0429519 0.0283252 0.0333024 0.028307 0.0284941 0.0348118 0.0291394 0.0406939 0.0284339
0.208301 0.211294 0.207157 0.203038 0.173574 0.199336 0.208521 0.201685 0.207796 0.239299 0.224115 0.205011 0.22238 0.203341 0.184599 0.237213 0.232897 0.210334 0.214013 0.207753 0.206048 0.213517 0.210683 0.223117 0.204992
0.0278935 0.0294553 0.0288981 0.0258424 0.0182912 0.0244982 0.0279401 0.0260717 0.0288753 0.0431059 0.0408457 0.0262355 0.0403526 0.026387 0.0198069 0.0456842 0.0429519 0.0283252 0.0333024 0.028307 0.0284941 0.0348118 0.0291394 0.0406939 0.0284339
0.208301 0.211294 0.207157 0.203038 0.173574 0.199336 0.208521 0.201685 0.207796 0.239299 0.224115 0.205011 0.22238 0.203341 0.184599 0.237213 0.232897 0.210334 0.214013 0.207753 0.206048 0.213517 0.210683 0.223117 0.204992
0.0278935 0.0294553 0.0288981 0.0258424 0.0182912 0.0244982 0.0279401 0.0260717 0.0288753 0.0431059 0.0408457 0.0262355 0.0403526 0.026387 0.0198069 0.0456842 0.0429519 0.0283252 0.0333024 0.028307 0.0284941 0.0348118 0.0291394 0.0406939 0.0284339
0.208301 0.211294 0.207157 0.203038 0.173574 0.199336 0.208521 0.201685 0.207796 0.239299 0.224115 0.205011 0.22238 0.203341 0.184599 0.237213 0.232897 0.210334 0.214013 0.207753 0.206048 0.213517 0.210683 0.223117 0.204992
0.0278935 0.0294553 0.0288981 0.0258424 0.0182912 0.0244982 0.0279401 0.0260717 0.0288753 0.0431059 0.0408457 0.0262355 0.0403526 0.026387 0.0198069 0.0456842 0.0429519 0.0283252 0.0333024 0.028307 0.0284941 0.0348118 0.0291394 0.0406939 0.0284339
0.208301 0.211294 0.207157 0.203038 0.173574 0.199336 0.208521 0.201685 0.207796 0.239299 0.224115 0.205011 0.22238 0.203341 0.184599 0.237213 0.232897 0.210334 0.214013 0.207753 0.206048 0.213517 0.210683 0.223117 0.204992
0.0278935 0.0294553 0.0288981 0.0258424 0.0182912 0.0244982 0.0279401 0.0260717 0.0288753 0.0431059 0.0408457 0.0262355 0.0403526 0.026387 0.0198069 0.0456842 0.0429519 0.0283252 0.0333024 0.028307 0.0284941 0.0348118 0.0291394 0.0406939 0.0284339
0.208301 0.211294 0.207157 0.203038 0.173574 0.199336 0.208521 0.201685 0.207796 0.239299 0.224115 0.205011 0.22238 0.203341 0.184599 0.237213 0.232897 0.210334 0.214013 0.207753 0.206048 0.213517 0.210683 0.223117 0.204992
0.0278935 0.0294553 0.0288981 0.0258424 0.0182912 0.0244982 0.0279401 0.0260717 0.0288753 0.0431059 0.0408457 0.0262355 0.0403526 0.026387 0.0198069 0.0456842 0.0429519 0.0283252 0.0333024 0.028307 0.0284941 0.0348118 0.0291394 0.0406939 0.0284339
0.208301 0.211294 0.207157 0.203038 0.173574 0.199336 0.208521 0.201685 0.207796 0.239299 0.224115 0.205011 0.22238 0.203341 0.184599 0.237213 0.232897 0.210334 0.214013 0.207753 0.206048 0.213517 0.210683 0.223117 0.204992
0.0278935 0.0294553 0.0288981 0.0258424 0.0182912 0.0244982 0.0279401 0.0260717 0.0288753 0.0431059 0.0408457 0.0262355 0.0403526 0.026387 0.0198069 0.0456842 0.0429519 0.0283252 0.0333024 0.028307 0.0284941 0.0348118 0.0291394 0.0406939 0.0284339
0.208301 0.211294 0.207157 0.203038 0.173574 0.199336 0.208521 0.201685 0.207796 0.239299 0.224115 0.205011 0.22238 0.203341 0.184599 0.237213 0.232897 0.210334 0.214013 0.207753 0.206048 0.213517 0.210683 0.223117 0.204992
0.0278935 0.0294553 0.0288981 0.0258424 0.0182912 0.0244982 0.0279401 0.0260717 0.0288753 0.0431059 0.0408457 0.0262355 0.0403526 0.026387 0.0198069 0.0456842 0.0429519 0.0283252 0.0333024 0.028307 0.0284941 0.0348118 0.0291394 0.0406939 0.0284339
0.208301 0.211294 0.207157 0.203038 0.173574 0.199336 0.208521 0.201685 0.207796 0.239299 0.224115 0.205011 0.22238 0.203341 0.184599 0.237213 0.232897 0.210334 0.214013 0.207753 0.206048 0.213517 0.210683 0.223117 0.204992
0.0278935 0.0294553 0.0288981 0.0258424 0.0182912 0.0244982 0.0279401 0.0260717 0.0288753 0.0431059 0.0408457 0.0262355 0.0403526 0.026387 0.0198069 0.0456842 0.0429519 0.0283252 0.0333024 0.028307 0.0284941 0.0348118 0.0291394 0.0406939 0.0284339
0.208301 0.211294 0.207157 0.203038 0.173574 0.199336 0.208521 0.201685 0.207796 0.239299 0.224115 0.205011 0.22238 0.203341 0.184599 0.237213 0.232897 0.210334 0.214013 0.207753 0.206048 0.213517 0.210683 0.223117 0.204992
0.0278935 0.0294553 0.0288981 0.0258424 0.0182912 0.0244982 0.0279401 0.0260717 0.0288753 0.0431059 0.0408457 0.0262355 0.0403526 0.026387 0.0198069 0.0456842 0.0429519 0.0283252 0.0333024 0.028307 0.0284941 0.0348118 0.0291394 0.0406939 0.0284339
0.208301 0.211294 0.207157 0.203038 0.173574 0.199336 0.208521 0.201685 0.207796 0.239299 0.224115 0.205011 0.22238 0.203341 0.184599 0.237213 0.232897 0.210334 0.214013 0.207753 0.206048 0.213517 0.210683 0.223117 0.204992
0.0278935 0.0294553 0.0288981 0.0258424 0.0182912 0.0244982 0.0279401 0.0260717 0.0288753 0.0431059 0.0408457 0.0262355 0.0403526 0.026387 0.0198069 0.0456842 0.0429519 0.0283252 0.0333024 0.028307 0.0284941 0.0348118 0.0291394 0.0406939 0.0284339
0.208301 0.211294 0.207157 0.203038 0.173574 0.199336 0.208521 0.201685 0.207796 0.239299 0.224115 0.205011 0.22238 0.203341 0.184599 0.237213 0.232897 0.210334 0.214013 0.207753 0.206048 0.213517 0.210683 0.223117 0.204992
0.0278935 0.0294553 0.0288981 0.0258424 0.0182912 0.0244982 0.0279401 0.0260717 0.0288753 0.0431059 0.0408457 0.0262355 0.0403526 0.026387 0.0198069 0.0456842 0.0429519 0.0283252 0.0333024 0.028307 0.0284941 0.0348118 0.0291394 0.0406939 0.0284339
0.208301 0.211294 0.207157 0.203038 0.173574 0.199336 0.208521 0.201685 0.207796 0.239299 0.224115 0.205011 0.22238 0.203341 0.184599 0.237213 0.232897 0.210334 0.214013 0.207753 0.206048 0.213517 0.210683 0.223117 0.204992
0.0278935 0.0294553 0.0288981 0.0258424 0.0182912 0.0244982 0.0279401 0.0260717 0.0288753 0.0431059 0.0408457 0.0262355 0.0403526 0.026387 0.0198069 0.0456842 0.0429519 0.0283252 0.0333024 0.028307 0.0284941 0.0348118 0.0291394 0.0406939 0.0284339
0.208301 0.211294 0.207157 0.203038 0.173574 0.199336 0.208521 0.201685 0.207796 0.239299 0.224115 0.205011 0.22238 0.203341 0.184599 0.237213 0.232897 0.210334 0.214013 0.207753 0.206048 0.213517 0.210683 0.223117 0.204992
0.0278935 0.0294553 0.0288981 0.0258424 0.0182912 0.0244982 0.0279401 0.0260717 0.0288753 0.0431059 0.0408457 0.0262355 0.0403526 0.026387 0.0198069 0.0456842 0.0429519 0.0283252 0.0333024 0.028307 0.0284941 0.0348118 0.0291394 0.0406939 0.0284339
0.208301 0.211294 0.207157 0.203038 0.173574 0.199336 0.208521 0.201685 0.207796 0.239299 0.224115 0.205011 0.22238 0.203341 0.184599 0.237213 0.232897 0.210334 0.214013 0.207753 0.206048 0.213517 0.210683 0.223117 0.204992
0.0278935 0.0294553 0.0288981 0.0258424 0.0182912 0.0244982 0.0279401 0.0260717 0.0288753 0.0431059 0.0408457 0.0262355 0.0403526 0.026387 0.0198069 0.0456842 0.0429519 0.0283252 0.0333024 0.028307 0.0284941 0.0348118 0.0291394 0.0406939 0.0284339
0.208301 0.211294 0.207157 0.203038 0.173574 0.199336 0.208521 0.201685 0.207796 0.239299 0.224115 0.205011 0.22238 0.203341 0.184599 0.237213 0.232897 0.210334 0.214013 0.207753 0.206048 0.213517 0.210683 0.223117 0.204992
0.0278935 0.0294553 0.0288981 0.0258424 0.0182912 0.0244982 0.0279401 0.0260717 0.0288753 0.0431059 0.0408457 0.0262355 0.0403526 0.026387 0.0198069 0.0456842 0.0429519 0.0283252 0.0333024 0.028307 0.0284941 0.0348118 0.0291394 0.0406939 0.0284339
0.208301 0.211294 0.207157 0.203038 0.173574 0.199336 0.208521 0.201685 0.207796 0.239299 0.224115 0.205011 0.22238 0.203341 0.184599 0.237213 0.232897 0.210334 0.214013 0.207753 0.206048 0.213517 0.210683 0.223117 0.204992
0.0278935 0.0294553 0.0288981 0.0258424 0.0182912 0.0244982 0.0279401 0.0260717 0.0288753 0.0431059 0.0408457 0.0262355 0.0403526 0.026387 0.0198069 0.0456842 0.0429519 0.0283252 0.0333024 0.028307 0.0284941 0.0348118 0.0291394 0.0406939 0.0284339
0.208301 0.211294 0.207157 0.203038 0.173574 0.199336 0.208521 0.201685 0.207796 0.239299 0.224115 0.205011 0.22238 0.203341 0.184599 0.237213 0.232897 0.210334 0.214013 0.207753 0.206048 0.213517 0.210683 0.223117 0.204992
0.0278935 0.0294553 0.0288981 0.0258424 0.0182912 0.0244982 0.0279401 0.0260717 0.0288753 0.0431059 0.0408457 0.0262355 0.0403526 0.026387 0.0198069 0.0456842 0.0429519 0.0283252 0.0333024 0.028307 0.0284941 0.0348118 0.0291394 0.0406939 0.0284339
0.208301 0.211294 0.207157 0.203038 0.173574 0.199336 0.208521 0.201685 0.207796 0.239299 0.224115 0.205011 0.22238 0.203341 0.184599 0.237213 0.232897 0.210334 0.214013 0.207753 0.206048 0.213517 0.210683 0.223117 0.204992
0.0278935 0.0294553 0.0288981 0.0258424 0.0182912 0.0244982 0.0279401 0.0260717 0.0288753 0.0431059 0.0408457 0.0262355 0.0403526 0.026387 0.0198069 0.0456842 0.0429519 0.0283252 0.0333024 0.028307 0.0284941 0.0348118 0.0291394 0.0406939 0.0284339
0.208301 0.211294 0.207157 0.203038 0.173574 0.199336 0.208521 0.201685 0.207796 0.239299 0.224115 0.205011 0.22238 0.203341 0.184599 0.237213 0.232897 0.210334 0.214013 0.207753 0.206048 0.213517 0.210683 0.223117 0.204992
0.0278935 0.0294553 0.0288981 0.0258424 0.0182912 0.0244982 0.0279401 0.0260717 0.0288753 0.0431059 0.0408457 0.0262355 0.0403526 0.026387 0.0198069 0.0456842 0.0429519 0.0283252 0.0333024 0.028307 0.0284941 0.0348118 0.0291394 0.0406939 0.0284339
0.208301 0.211294 0.207157 0.203038 0.173574 0.199336 0.208521 0.201685 0.207796 0.239299 0.224115 0.205011 0.22238 0.203341 0.184599 0.237213 0.232897 0.210334 0.214013 0.207753 0.206048 0.213517 0.210683 0.223117 0.204992
0.0278935 0.0294553 0.0288981 0.0258424 0.0182912 0.0244982 0.0279401 0.0260717 0.0288753 0.0431059 0.0408457 0.0262355 0.0403526 0.026387 0.0198069 0.0456842 0.0429519 0.0283252 0.0333024 0.028307 0.0284941 0.0348118 0.0291394 0.0406939 0.0284339
0.208301 0.211294 0.207157 0.203038 0.173574 0.199336 0.208521 0.201685 0.207796 0.239299 0.224115 0.205011 0.22238 0.203341 0.184599 0.237213 0.232897 0.210334 0.214013 0.207753 0.206048 0.213517 0.210683 0.223117 0.204992
0.0278935 0.0294553 0.0288981 0.0258424 0.0182912 0.0244982 0.0279401 0.0260717 0.0288753 0.0431059 0.0408457 0.0262355 0.0403526 0.026387 0.0198069 0.0456842 0.0429519 0.0283252 0.0333024 0.028307 0.0284941 0.0348118 0.0291394 0.0406939 0.0284339
0.208301 0.211294 0.207157 0.203038 0.173574 0.199336 0.208521 0.201685 0.207796 0.239299 0.224115 0.205011 0.22238 0.203341 0.184599 0.237213 0.232897 0.210334 0.214013 0.207753 0.206048 0.213517 0.210683 0.223117 0.204992
0.0278935 0.0294553 0.0288981 0.0258424 0.0182912 0.0244982 0.0279401 0.0260717 0.0288753 0.0431059 0.0408457 0.0262355 0.0403526 0.026387 0.0198069 0.0456842 0.0429519 0.0283252 0.0333024 0.028307 0.0284941 0.0348118 0.0291394 0.0406939 0.0284339
0.208301 0.211294 0.207157 0.203038 0.173574 0.199336 0.208521 0.201685 0.207796 0.239299 0.224115 0.205011 0.22238 0.203341 0.184599 0.237213 0.232897 0.210334 0.214013 0.207753 0.206048 0.213517 0.210683 0.223117 0.204992
0.0278935 0.0294553 0.0288981 0.0258424 0.0182912 0.0244982 0.0279401 0.0260717 0.0288753 0.0431059 0.0408457 0.0262355 0.0403526 0.026387 0.0198069 0.0456842 0.0429519 0.0283252 0.0333024 0.028307 0.0284941 0.0348118 0.0291394 0.0406939 0.0284339
0.208301 0.211294 0.207157 0.203038 0.173574 0.199336 0.208521 0.201685 0.207796 0.239299 0.224115 0.205011 0.22238 0.203341 0.184599 0.237213 0.232897 0.210334 0.214013 0.207753 0.206048 0.213517 0.210683 0.223117 0.204992
0.0278935 0.0294553 0.0288981 0.0258424 0.0182912 0.0244982 0.0279401 0.0260717 0.0288753 0.0431059 0.0408457 0.0262355 0.0403526 0.026387 0.0198069 0.0456842 0.0429519 0.0283252 0.0333024 0.028307 0.0284941 0.0348118 0.0291394 0.0406939 0.0284339
0.208301 0.211294 0.207157 0.203038 0.173574 0.199336 0.208521 0.201685 0.207796 0.239299 0.224115 0.205011 0.22238 0.203341 0.184599 0.237213 0.232897 0.210334 0.214013 0.207753 0.206048 0.213517 0.210683 0.223117 0.204992
0.0278935 0.0294553 0.0288981 0.0258424 0.0182912 0.0244982 0.0279401 0.0260717 0.0288753 0.0431059 0.0408457 0.0262355 0.0403526 0.026387 0.0198069 0.0456842 0.0429519 0.0283252 0.0333024 0.028307 0.0284941 0.0348118 0.0291394 0.0406939 0.0284339
0.208301 0.211294 0.207157 0.203038 0.173574 0.199336 0.208521 0.201685 0.207796 0.239299 0.224115 0.205011 0.22238 0.203341 0.184599 0.237213 0.232897 0.210334 0.214013 0.207753 0.206048 0.213517 0.210683 0.223117 0.204992
0.0278935 0.0294553 0.0288981 0.0258424 0.0182912 0.0244982 0.0279401 0.0260717 0.0288753 0.0431059 0.0408457 0.0262355 0.0403526 0.026387 0.0198069 0.0456842 0.0429519 0.0283252 0.0333024 0.028307 0.0284941 0.0348118 0.0291394 0.0406939 0.0284339
0.208301 0.211294 0.207157 0.203038 0.173574 0.199336 0.208521 0.201685 0.207796 0.239299 0.224115 0.205011 0.22238 0.203341 0.184599 0.237213 0.232897 0.210334 0.214013 0.207753 0.206048 0.213517 0.210683 0.223117 0.204992
0.0278935 0.0294553 0.0288981 0.0258424 0.0182912 0.0244982 0.0279401 0.0260717 0.0288753 0.0431059 0.0408457 0.0262355 0.0403526 0.026387 0.0198069 0.0456842 0.0429519 0.0283252 0.0333024 0.028307 0.0284941 0.0348118 0.0291394 0.0406939 0.0284339
0.208301 0.211294 0.207157 0.203038 0.173574 0.199336 0.208521 0.201685 0.207796 0.239299 0.224115 0.205011 0.22238 0.203341 0.184599 0.237213 0.232897 0.210334 0.214013 0.207753 0.206048 0.213517 0.210683 0.223117 0.204992
0.0278935 0.0294553 0.0288981 0.0258424 0.0182912 0.0244982 0.0279401 0.0260717 0.0288753 0.0431059 0.0408457 0.0262355 0.0403526 0.026387 0.0198069 0.0456842 0.0429519 0.0283252 0.0333024 0.028307 0.0284941 0.0348118 0.0291394 0.0406939 0.0284339
0.208301 0.211294 0.207157 0.203038 0.173574 0.199336 0.208521 0.201685 0.207796 0.239299 0.224115 0.205011 0.22238 0.203341 0.184599 0.237213 0.232897 0.210334 0.214013 0.207753 0.206048 0.213517 0.210683 0.223117 0.204992
0.0278935 0.0294553 0.0288981 0.0258424 0.0182912 0.0244982 0.0279401 0.0260717 0.0288753 0.0431059 0.0408457 0.0262355 0.0403526 0.026387 0.0198069 0.0456842 0.0429519 0.0283252 0.0333024 0.028307 0.0284941 0.0348118 0.0291394 0.0406939 0.0284339
0.208301 0.211294 0.207157 0.203038 0.173574 0.199336 0.208521 0.201685 0.207796 0.239299 0.224115 0.205011 0.22238 0.203341 0.184599 0.237213 0.232897 0.210334 0.214013 0.207753 0.206048 0.213517 0.210683 0.223117 0.204992
0.0278935 0.0294553 0.0288981 0.0258424 0.0182912 0.0244982 0.0279401 0.0260717 0.0288753 0.0431059 0.0408457 0.0262355 0.0403526 0.026387 0.0198069 0.0456842 0.0429519 0.0283252 0.0333024 0.028307 0.0284941 0.0348118 0.0291394 0.0406939 0.0284339
0.208301 0.211294 0.207157 0.203038 0.173574 0.199336 0.208521 0.201685 0.207796 0.239299 0.224115 0.205011 0.22238 0.203341 0.184599 0.237213 0.232897 0.210334 0.214013 0.207753 0.206048 0.213517 0.210683 0.223117 0.204992
0.0278935 0.0294553 0.0288981 0.0258424 0.0182912 0.0244982 0.0279401 0.0260717 0.0288753 0.0431059 0.0408457 0.0262355 0.0403526 0.026387 0.0198069 0.0456842 0.0429519 0.0283252 0.0333024 0.028307 0.0284941 0.0348118 0.0291394 0.0406939 0.0284339
0.208301 0.211294 0.207157 0.203038 0.173574 0.199336 0.208521 0.201685 0.207796 0.239299 0.224115 0.205011 0.22238 0.203341 0.184599 0.237213 0.232897 0.210334 0.214013 0.207753 0.206048 0.213517 0.210683 0.223117 0.204992
0.0278935 0.0294553 0.0288981 0.0258424 0.0182912 0.0244982 0.0279401 0.0260717 0.0288753 0.0431059 0.0408457 0.0262355 0.0403526 0.026387 0.0198069 0.0456842 0.0429519 0.0283252 0.0333024 0.028307 0.0284941 0.0348118 0.0291394 0.0406939 0.0284339
0.208301 0.211294 0.207157 0.203038 0.173574 0.199336 0.208521 0.201685 0.207796 0.239299 0.224115 0.205011 0.22238 0.203341 0.184599 0.237213 0.232897 0.210334 0.214013 0.207753 0.206048 0.213517 0.210683 0.223117 0.204992
0.0278935 0.0294553 0.0288981 0.0258424 0.0182912 0.0244982 0.0279401 0.0260717 0.0288753 0.0431059 0.0408457 0.0262355 0.0403526 0.026387 0.0198069 0.0456842 0.0429519 0.0283252 0.0333024 0.028307 0.0284941 0.0348118 0.0291394 0.0406939 0.0284339
0.208301 0.211294 0.207157 0.203038 0.173574 0.199336 0.208521 0.201685 0.207796 0.239299 0.224115 0.205011 0.22238 0.203341 0.184599 0.237213 0.232897 0.210334 0.214013 0.207753 0.206048 0.213517 0.210683 0.223117 0.204992
0.0278935 0.0294553 0.0288981 0.0258424 0.0182912 0.0244982 0.0279401 0.0260717 0.0288753 0.0431059 0.0408457 0.0262355 0.0403526 0.026387 0.0198069 0.0456842 0.0429519 0.0283252 0.0333024 0.028307 0.0284941 0.0348118 0.0291394 0.0406939 0.0284339
0.208301 0.211294 0.207157 0.203038 0.173574 0.199336 0.208521 0.201685 0.207796 0.239299 0.224115 0.205011 0.22238 0.203341 0.184599 0.237213 0.232897 0.210334 0.214013 0.207753 0.206048 0.213517 0.210683 0.223117 0.204992
0.0278935 0.0294553 0.0288981 0.0258424 0.0182912 0.0244982 0.0279401 0.0260717 0.0288753 0.0431059 0.0408457 0.0262355 0.0403526 0.026387 0.0198069 0.0456842 0.0429519 0.0283252 0.0333024 0.028307 0.0284941 0.0348118 0.0291394 0.0406939 0.0284339
0.208301 0.211294 0.207157 0.203038 0.173574 0.199336 0.208521 0.201685 0.207796 0.239299 0.224115 0.205011 0.22238 0.203341 0.184599 0.237213 0.232897 0.210334 0.214013 0.207753 0.206048 0.213517 0.210683 0.223117 0.204992
0.0278935 0.0294553 0.0288981 0.0258424 0.0182912 0.0244982 0.0279401 0.0260717 0.0288753 0.0431059 0.0408457 0.0262355 0.0403526 0.026387 0.0198069 0.0456842 0.0429519 0.0283252 0.0333024 0.028307 0.0284941 0.0348118 0.0291394 0.0406939 0.0284339
0.208301 0.211294 0.207157 0.203038 0.173574 0.199336 0.208521 0.201685 0.207796 0.239299 0.224115 0.205011 0.22238 0.203341 0.184599 0.237213 0.232897 0.210334 0.214013 0.207753 0.206048 0.213517 0.210683 0.223117 0.204992
0.0278935 0.0294553 0.0288981 0.0258424 0.0182912 0.0244982 0.0279401 0.0260717 0.0288753 0.0431059 0.0408457 0.0262355 0.0403526 0.026387 0.0198069 0.0456842 0.0429519 0.0283252 0.0333024 0.028307 0.0284941 0.0348118 0.0291394 0.0406939 0.0284339
0.208301 0.211294 0.207157 0.203038 0.173574 0.199336 0.208521 0.201685 0.207796 0.239299 0.224115 0.205011 0.22238 0.203341 0.184599 0.237213 0.232897 0.210334 0.214013 0.207753 0.206048 0.213517 0.210683 0.223117 0.204992
0.0278935 0.0294553 0.0288981 0.0258424 0.0182912 0.0244982 0.0279401 0.0260717 0.0288753 0.0431059 0.0408457 0.0262355 0.0403526 0.026387 0.0198069 0.0456842 0.0429519 0.0283252 0.0333024 0.028307 0.0284941 0.0348118 0.0291394 0.0406939 0.0284339
0.208301 0.211294 0.207157 0.203038 0.173574 0.199336 0.208521 0.201685 0.207796 0.239299 0.224115 0.205011 0.22238 0.203341 0.184599 0.237213 0.232897 0.210334 0.214013 0.207753 0.206048 0.213517 0.210683 0.223117 0.204992
0.0278935 0.0294553 0.0288981 0.0258424 0.0182912 0.0244982 0.0279401 0.0260717 0.0288753 0.0431059 0.0408457 0.0262355 0.0403526 0.026387 0.0198069 0.0456842 0.0429519 0.0283252 0.0333024 0.028307 0.0284941 0.0348118 0.0291394 0.0406939 0.0284339
0.208301 0.211294 0.207157 0.203038 0.173574 0.199336 0.208521 0.201685 0.207796 0.239299 0.224115 0.205011 0.22238 0.203341 0.184599 0.237213 0.232897 0.210334 0.214013 0.207753 0.206048 0.213517 0.210683 0.223117 0.204992
0.0278935 0.0294553 0.0288981 0.0258424 0.0182912 0.0244982 0.0279401 0.0260717 0.0288753 0.0431059 0.0408457 0.0262355 0.0403526 0.026387 0.0198069 0.0456842 0.0429519 0.0283252 0.0333024 0.028307 0.0284941 0.0348118 0.0291394 0.0406939 0.0284339
0.208301 0.211294 0.207157 0.203038 0.173574 0.199336 0.208521 0.201685 0.207796 0.239299 0.224115 0.205011 0.22238 0.203341 0.184599 0.237213 0.232897 0.210334 0.214013 0.207753 0.206048 0.213517 0.210683 0.223117 0.204992
0.0278935 0.0294553 0.0288981 0.0258424 0.0182912 0.0244982 0.0279401 0.0260717 0.0288753 0.0431059 0.0408457 0.0262355 0.0403526 0.026387 0.0198069 0.0456842 0.0429519 0.0283252 0.0333024 0.028307 0.0284941 0.0348118 0.0291394 0.0406939 0.0284339
0.208301 0.211294 0.207157 0.203038 0.173574 0.199336 0.208521 0.201685 0.207796 0.239299 0.224115 0.205011 0.22238 0.203341 0.184599 0.237213 0.232897 0.210334 0.214013 0.207753 0.206048 0.213517 0.210683 0.223117 0.204992
0.0278935 0.0294553 0.0288981 0.0258424 0.0182912 0.0244982 0.0279401 0.0260717 0.0288753 0.0431059 0.0408457 0.0262355 0.0403526 0.026387 0.0198069 0.0456842 0.0429519 0.0283252 0.0333024 0.028307 0.0284941 0.0348118 0.0291394 0.0406939 0.0284339
0.208301 0.211294 0.207157 0.203038 0.173574 0.199336 0.208521 0.201685 0.207796 0.239299 0.224115 0.205011 0.22238 0.203341 0.184599 0.237213 0.232897 0.210334 0.214013 0.207753 0.206048 0.213517 0.210683 0.223117 0.204992
0.0278935 0.0294553 0.0288981 0.0258424 0.0182912 0.0244982 0.0279401 0.0260717 0.0288753 0.0431059 0.0408457 0.0262355 0.0403526 0.026387 0.0198069 0.0456842 0.0429519 0.0283252 0.0333024 0.028307 0.0284941 0.0348118 0.0291394 0.0406939 0.0284339
0.208301 0.211294 0.207157 0.203038 0.173574 0.199336 0.208521 0.201685 0.207796 0.239299 0.224115 0.205011 0.22238 0.203341 0.184599 0.237213 0.232897 0.210334 0.214013 0.207753 0.206048 0.213517 0.210683 0.223117 0.204992
0.0278935 0.0294553 0.0288981 0.0258424 0.0182912 0.0244982 0.0279401 0.0260717 0.0288753 0.0431059 0.0408457 0.0262355 0.0403526 0.026387 0.0198069 0.0456842 0.0429519 0.0283252 0.0333024 0.028307 0.0284941 0.0348118 0.0291394 0.0406939 0.0284339
0.208301 0.211294 0.207157 0.203038 0.173574 0.199336 0.208521 0.201685 0.207796 0.239299 0.224115 0.205011 0.22238 0.203341 0.184599 0.237213 0.232897 0.210334 0.214013 0.207753 0.206048 0.213517 0.210683 0.223117 0.204992
0.0278935 0.0294553 0.0288981 0.0258424 0.0182912 0.0244982 0.0279401 0.0260717 0.0288753 0.0431059 0.0408457 0.0262355 0.0403526 0.026387 0.0198069 0.0456842 0.0429519 0.0283252 0.0333024 0.028307 0.0284941 0.0348118 0.0291394 0.0406939 0.0284339
0.208301 0.211294 0.207157 0.203038 0.173574 0.199336 0.208521 0.201685 0.207796 0.239299 0.224115 0.205011 0.22238 0.203341 0.184599 0.237213 0.232897 0.210334 0.214013 0.207753 0.206048 0.213517 0.210683 0.223117 0.204992
0.0278935 0.0294553 0.0288981 0.0258424 0.0182912 0.0244982 0.0279401 0.0260717 0.0288753 0.0431059 0.0408457 0.0262355 0.0403526 0.026387 0.0198069 0.0456842 0.0429519 0.0283252 0.0333024 0.028307 0.0284941 0.0348118 0.0291394 0.0406939 0.0284339
0.208301 0.211294 0.207157 0.203038 0.173574 0.199336 0.208521 0.201685 0.207796 0.239299 0.224115 0.205011 0.22238 0.203341 0.184599 0.237213 0.232897 0.210334 0.214013 0.207753 0.206048 0.213517 0.210683 0.223117 0.204992
0.0278935 0.0294553 0.0288981 0.0258424 0.0182912 0.0244982 0.0279401 0.0260717 0.0288753 0.0431059 0.0408457 0.0262355 0.0403526 0.026387 0.0198069 0.0456842 0.0429519 0.0283252 0.0333024 0.028307 0.0284941 0.0348118 0.0291394 0.0406939 0.0284339
0.208301 0.211294 0.207157 0.203038 0.173574 0.199336 0.208521 0.201685 0.207796 0.239299 0.224115 0.205011 0.22238 0.203341 0.184599 0.237213 0.232897 0.210334 0.214013 0.207753 0.206048 0.213517 0.210683 0.223117 0.204992
0.0278935 0.0294553 0.0288981 0.0258424 0.0182912 0.0244982 0.0279401 0.0260717 0.0288753 0.0431059 0.0408457 0.0262355 0.0403526 0.026387 0.0198069 0.0456842 0.0429519 0.0283252 0.0333024 0.028307 0.0284941 0.0348118 0.0291394 0.0406939 0.0284339
0.208301 0.211294 0.207157 0.203038 0.173574 0.199336 0.208521 0.201685 0.207796 0.239299 0.224115 0.205011 0.22238 0.203341 0.184599 0.237213 0.232897 0.210334 0.214013 0.207753 0.206048 0.213517 0.210683 0.223117 0.204992
0.0278935 0.0294553 0.0288981 0.0258424 0.0182912 0.0244982 0.0279401 0.0260717 0.0288753 0.0431059 0.0408457 0.0262355 0.0403526 0.026387 0.0198069 0.0456842 0.0429519 0.0283252 0.0333024 0.028307 0.0284941 0.0348118 0.0291394 0.0406939 0.0284339
0.208301 0.211294 0.207157 0.203038 0.173574 0.199336 0.208521 0.201685 0.207796 0.239299 0.224115 0.205011 0.22238 0.203341 0.184599 0.237213 0.232897 0.210334 0.214013 0.207753 0.206048 0.213517 0.210683 0.223117 0.204992
0.0278935 0.0294553 0.0288981 0.0258424 0.0182912 0.0244982 0.0279401 0.0260717 0.0288753 0.0431059 0.0408457 0.0262355 0.0403526 0.026387 0.0198069 0.0456842 0.0429519 0.0283252 0.0333024 0.028307 0.0284941 0.0348118 0.0291394 0.0406939 0.0284339
0.208301 0.211294 0.207157 0.203038 0.173574 0.199336 0.208521 0.201685 0.207796 0.239299 0.224115 0.205011 0.22238 0.203341 0.184599 0.237213 0.232897 0.210334 0.214013 0.207753 0.206048 0.213517 0.210683 0.223117 0.204992
0.0278935 0.0294553 0.0288981 0.0258424 0.0182912 0.0244982 0.0279401 0.0260717 0.0288753 0.0431059 0.0408457 0.0262355 0.0403526 0.026387 0.0198069 0.0456842 0.0429519 0.0283252 0.0333024 0.028307 0.0284941 0.0348118 0.0291394 0.0406939 0.0284339
0.208301 0.211294 0.207157 0.203038 0.173574 0.199336 0.208521 0.201685 0.207796 0.239299 0.224115 0.205011 0.22238 0.203341 0.184599 0.237213 0.232897 0.210334 0.214013 0.207753 0.206048 0.213517 0.210683 0.223117 0.204992
0.0278935 0.0294553 0.0288981 0.0258424 0.0182912 0.0244982 0.0279401 0.0260717 0.0288753 0.0431059 0.0408457 0.0262355 0.0403526 0.026387 0.0198069 0.0456842 0.0429519 0.0283252 0.0333024 0.028307 0.0284941 0.0348118 0.0291394 0.0406939 0.0284339
0.208301 0.211294 0.207157 0.203038 0.173574 0.199336 0.208521 0.201685 0.207796 0.239299 0.224115 0.205011 0.22238 0.203341 0.184599 0.237213 0.232897 0.210334 0.214013 0.207753 0.206048 0.213517 0.210683 0.223117 0.204992
0.0278935 0.0294553 0.0288981 0.0258424 0.0182912 0.0244982 0.0279401 0.0260717 0.0288753 0.0431059 0.0408457 0.0262355 0.0403526 0.026387 0.0198069 0.0456842 0.0429519 0.0283252 0.0333024 0.028307 0.0284941 0.0348118 0.0291394 0.0406939 0.0284339
0.208301 0.211294 0.207157 0.203038 0.173574 0.199336 0.208521 0.201685 0.207796 0.239299 0.224115 0.205011 0.22238 0.203341 0.184599 0.237213 0.232897 0.210334 0.214013 0.207753 0.206048 0.213517 0.210683 0.223117 0.204992
0.0278935 0.0294553 0.0288981 0.0258424 0.0182912 0.0244982 0.0279401 0.0260717 0.0288753 0.0431059 0.0408457 0.0262355 0.0403526 0.026387 0.0198069 0.0456842 0.0429519 0.0283252 0.0333024 0.028307 0.0284941 0.0348118 0.0291394 0.0406939 0.0284339
0.208301 0.211294 0.207157 0.203038 0.173574 0.199336 0.208521 0.201685 0.207796 0.239299 0.224115 0.205011 0.22238 0.203341 0.184599 0.237213 0.232897 0.210334 0.214013 0.207753 0.206048 0.213517 0.210683 0.223117 0.204992
0.0278935 0.0294553 0.0288981 0.0258424 0.0182912 0.0244982 0.0279401 0.0260717 0.0288753 0.0431059 0.0408457 0.0262355 0.0403526 0.026387 0.0198069 0.0456842 0.0429519 0.0283252 0.0333024 0.028307 0.0284941 0.0348118 0.0291394 0.0406939 0.0284339
0.208301 0.211294 0.207157 0.203038 0.173574 0.199336 0.208521 0.201685 0.207796 0.239299 0.224115 0.205011 0.22238 0.203341 0.184599 0.237213 0.232897 0.210334 0.214013 0.207753 0.206048 0.213517 0.210683 0.223117 0.204992
0.0278935 0.0294553 0.0288981 0.0258424 0.0182912 0.0244982 0.0279401 0.0260717 0.0288753 0.0431059 0.0408457 0.0262355 0.0403526 0.026387 0.0198069 0.0456842 0.0429519 0.0283252 0.0333024 0.028307 0.0284941 0.0348118 0.0291394 0.0406939 0.0284339
0.208301 0.211294 0.207157 0.203038 0.173574 0.199336 0.208521 0.201685 0.207796 0.239299 0.224115 0.205011 0.22238 0.203341 0.184599 0.237213 0.232897 0.210334 0.214013 0.207753 0.206048 0.213517 0.210683 0.223117 0.204992
0.0278935 0.0294553 0.0288981 0.0258424 0.0182912 0.0244982 0.0279401 0.0260717 0.0288753 0.0431059 0.0408457 0.0262355 0.0403526 0.026387 0.0198069 0.0456842 0.0429519 0.0283252 0.0333024 0.028307 0.0284941 0.0348118 0.0291394 0.0406939 0.0284339
0.208301 0.211294 0.207157 0.203038 0.173574 0.199336 0.208521 0.201685 0.207796 0.239299 0.224115 0.205011 0.22238 0.203341 0.184599 0.237213 0.232897 0.210334 0.214013 0.207753 0.206048 0.213517 0.210683 0.223117 0.204992
0.0278935 0.0294553 0.0288981 0.0258424 0.0182912 0.0244982 0.0279401 0.0260717 0.0288753 0.0431059 0.0408457 0.0262355 0.0403526 0.026387 0.0198069 0.0456842 0.0429519 0.0283252 0.0333024 0.028307 0.0284941 0.0348118 0.0291394 0.0406939 0.0284339
0.208301 0.211294 0.207157 0.203038 0.173574 0.199336 0.208521 0.201685 0.207796 0.239299 0.224115 0.205011 0.22238 0.203341 0.184599 0.237213 0.232897 0.210334 0.214013 0.207753 0.206048 0.213517 0.210683 0.223117 0.204992
0.0278935 0.0294553 0.0288981 0.0258424 0.0182912 0.0244982 0.0279401 0.0260717 0.0288753 0.0431059 0.0408457 0.0262355 0.0403526 0.026387 0.0198069 0.0456842 0.0429519 0.0283252 0.0333024 0.028307 0.0284941 0.0348118 0.0291394 0.0406939 0.0284339
0.208301 0.211294 0.207157 0.203038 0.173574 0.199336 0.208521 0.201685 0.207796 0.239299 0.224115 0.205011 0.22238 0.203341 0.184599 0.237213 0.232897 0.210334 0.214013 0.207753 0.206048 0.213517 0.210683 0.223117 0.204992
0.0278935 0.0294553 0.0288981 0.0258424 0.0182912 0.0244982 0.0279401 0.0260717 0.0288753 0.0431059 0.0408457 0.0262355 0.0403526 0.026387 0.0198069 0.0456842 0.0429519 0.0283252 0.0333024 0.028307 0.0284941 0.0348118 0.0291394 0.0406939 0.0284339
0.208301 0.211294 0.207157 0.203038 0.173574 0.199336 0.208521 0.201685 0.207796 0.239299 0.224115 0.205011 0.22238 0.203341 0.184599 0.237213 0.232897 0.210334 0.214013 0.207753 0.206048 0.213517 0.210683 0.223117 0.204992
0.0278935 0.0294553 0.0288981 0.0258424 0.0182912 0.0244982 0.0279401 0.0260717 0.0288753 0.0431059 0.0408457 0.0262355 0.0403526 0.026387 0.0198069 0.0456842 0.0429519 0.0283252 0.0333024 0.028307 0.0284941 0.0348118 0.0291394 0.0406939 0.0284339
0.208301 0.211294 0.207157 0.203038 0.173574 0.199336 0.208521 0.201685 0.207796 0.239299 0.224115 0.205011 0.22238 0.203341 0.184599 0.237213 0.232897 0.210334 0.214013 0.207753 0.206048 0.213517 0.210683 0.223117 0.204992
0.0278935 0.0294553 0.0288981 0.0258424 0.0182912 0.0244982 0.0279401 0.0260717 0.0288753 0.0431059 0.0408457 0.0262355 0.0403526 0.026387 0.0198069 0.0456842 0.0429519 0.0283252 0.0333024 0.028307 0.0284941 0.0348118 0.0291394 0.0406939 0.0284339
0.208301 0.211294 0.207157 0.203038 0.173574 0.199336 0.208521 0.201685 0.207796 0.239299 0.224115 0.205011 0.22238 0.203341 0.184599 0.237213 0.232897 0.210334 0.214013 0.207753 0.206048 0.213517 0.210683 0.223117 0.204992
0.0278935 0.0294553 0.0288981 0.0258424 0.0182912 0.0244982 0.0279401 0.0260717 0.0288753 0.0431059 0.0408457 0.0262355 0.0403526 0.026387 0.0198069 0.0456842 0.0429519 0.0283252 0.0333024 0.028307 0.0284941 0.0348118 0.0291394 0.0406939 0.0284339
0.208301 0.211294 0.207157 0.203038 0.173574 0.199336 0.208521 0.201685 0.207796 0.239299 0.224115 0.205011 0.22238 0.203341 0.184599 0.237213 0.232897 0.210334 0.214013 0.207753 0.206048 0.213517 0.210683 0.223117 0.204992
0.0278935 0.0294553 0.0288981 0.0258424 0.0182912 0.0244982 0.0279401 0.0260717 0.0288753 0.0431059 0.0408457 0.0262355 0.0403526 0.026387 0.0198069 0.0456842 0.0429519 0.0283252 0.0333024 0.028307 0.0284941 0.0348118 0.0291394 0.0406939 0.0284339
0.208301 0.211294 0.207157 0.203038 0.173574 0.199336 0.208521 0.201685 0.207796 0.239299 0.224115 0.205011 0.22238 0.203341 0.184599 0.237213 0.232897 0.210334 0.214013 0.207753 0.206048 0.213517 0.210683 0.223117 0.204992
0.0278935 0.0294553 0.0288981 0.0258424 0.0182912 0.0244982 0.0279401 0.0260717 0.0288753 0.0431059 0.0408457 0.0262355 0.0403526 0.026387 0.0198069 0.0456842 0.0429519 0.0283252 0.0333024 0.028307 0.0284941 0.0348118 0.0291394 0.0406939 0.0284339
0.208301 0.211294 0.207157 0.203038 0.173574 0.199336 0.208521 0.201685 0.207796 0.239299 0.224115 0.205011 0.22238 0.203341 0.184599 0.237213 0.232897 0.210334 0.214013 0.207753 0.206048 0.213517 0.210683 0.223117 0.204992
0.0278935 0.0294553 0.0288981 0.0258424 0.0182912 0.0244982 0.0279401 0.0260717 0.0288753 0.0431059 0.0408457 0.0262355 0.0403526 0.026387 0.0198069 0.0456842 0.0429519 0.0283252 0.0333024 0.028307 0.0284941 0.0348118 0.0291394 0.0406939 0.0284339
0.208301 0.211294 0.207157 0.203038 0.173574 0.199336 0.208521 0.201685 0.207796 0.239299 0.224115 0.205011 0.22238 0.203341 0.184599 0.237213 0.232897 0.210334 0.214013 0.207753 0.206048 0.213517 0.210683 0.223117 0.204992
