0.253455 0.31124 0.297035 0.13189 0.152989 0.244618 0.207196 0.246574 0.294827 0.412045 0.160405 0.152149 0.159664 0.198745 0.263588 0.211766 0.158521 0.208245 0.206631 0.342626 0.221773 0.490652 0.208178 0.159014 0.206171
0.321912 0.331241 0.289621 0.323519 0.263192 0.355003 0.350473 0.342464 0.356718 0.281211 0.244074 0.324467 0.242777 0.309344 0.372388 0.294684 0.240781 0.352002 0.315239 0.31912 0.315501 0.326084 0.277445 0.241641 0.343729
0.300233 0.360594 0.329468 0.194446 0.238396 0.279703 0.265401 0.286044 0.336005 0.4342 0.214128 0.219558 0.212865 0.246912 0.288371 0.298028 0.210921 0.266615 0.264544 0.371794 0.276494 0.475892 0.267134 0.211758 0.246505
0.312337 0.332188 0.285246 0.291748 0.240481 0.334075 0.328393 0.321999 0.353944 0.285531 0.229276 0.282142 0.227929 0.293311 0.365895 0.280026 0.225856 0.329823 0.291678 0.330248 0.313673 0.356676 0.261216 0.226749 0.316384
0.306989 0.363201 0.316902 0.207852 0.246811 0.289293 0.283036 0.295938 0.347599 0.406324 0.219192 0.232783 0.217881 0.251238 0.296075 0.308245 0.215862 0.284313 0.274796 0.374157 0.286087 0.443712 0.269888 0.216732 0.253365
0.311707 0.342153 0.287387 0.273049 0.23962 0.324238 0.320441 0.313432 0.359782 0.295619 0.226751 0.262978 0.225406 0.285286 0.356932 0.284409 0.223336 0.32184 0.284477 0.345547 0.316627 0.372697 0.26239 0.224228 0.299357
0.310844 0.364303 0.306535 0.214823 0.248051 0.294777 0.292268 0.300065 0.35662 0.379936 0.220713 0.234516 0.219393 0.25411 0.304008 0.309907 0.217361 0.293573 0.278362 0.378618 0.295343 0.424898 0.27001 0.218236 0.255438
0.312565 0.351087 0.287518 0.258628 0.241443 0.318084 0.316567 0.309108 0.366638 0.301463 0.225512 0.25135 0.224172 0.278305 0.348237 0.290831 0.222109 0.317951 0.281587 0.359863 0.319296 0.379897 0.265129 0.222998 0.285999
0.3136 0.366568 0.298782 0.218651 0.248354 0.298493 0.298141 0.301682 0.365152 0.357971 0.221502 0.232946 0.220178 0.256146 0.310271 0.310588 0.21814 0.299464 0.279784 0.384558 0.304311 0.412739 0.270382 0.219018 0.255347
0.313938 0.358653 0.286231 0.24748 0.243487 0.314001 0.314347 0.306549 0.373629 0.303479 0.224645 0.242996 0.223308 0.272503 0.341104 0.297001 0.221251 0.315721 0.280436 0.373005 0.32241 0.383149 0.267528 0.222137 0.275117
0.315625 0.369665 0.292644 0.220415 0.248602 0.301147 0.302138 0.302109 0.373411 0.340144 0.221942 0.2304 0.220616 0.257153 0.314633 0.311566 0.218576 0.303472 0.280356 0.391419 0.31264 0.404053 0.270903 0.219455 0.253863
0.315413 0.365191 0.284142 0.238967 0.245298 0.311371 0.312928 0.304736 0.380638 0.302771 0.223984 0.236454 0.22265 0.267777 0.335506 0.302495 0.220597 0.314296 0.280064 0.385024 0.326166 0.3843 0.269303 0.221482 0.26615
0.317146 0.373194 0.287522 0.220857 0.248936 0.303121 0.304842 0.301901 0.38144 0.325766 0.222164 0.227603 0.220837 0.257265 0.317379 0.313002 0.218796 0.306184 0.280599 0.398863 0.320361 0.397421 0.271362 0.219675 0.251464
0.316793 0.37096 0.281597 0.232518 0.246807 0.309821 0.31191 0.303238 0.387673 0.300305 0.223463 0.231109 0.222131 0.263888 0.331137 0.307288 0.220082 0.313274 0.280053 0.396056 0.33054 0.384123 0.27046 0.220965 0.258694
0.318321 0.376905 0.283072 0.220509 0.249347 0.304678 0.306557 0.301305 0.389287 0.314151 0.22224 0.224796 0.220913 0.256697 0.318869 0.314812 0.218871 0.307904 0.280734 0.406643 0.327626 0.39207 0.271628 0.219751 0.248516
0.318008 0.376127 0.278794 0.22765 0.24804 0.309079 0.311053 0.30186 0.394763 0.296827 0.223042 0.226633 0.221711 0.260608 0.327677 0.311462 0.219664 0.312414 0.280209 0.406259 0.335458 0.383008 0.271069 0.220547 0.25243
0.319264 0.380653 0.279077 0.219733 0.249799 0.306005 0.307477 0.300445 0.397012 0.304716 0.222217 0.222062 0.220891 0.255642 0.319421 0.316869 0.218849 0.308826 0.280851 0.41458 0.334603 0.387507 0.271631 0.219729 0.245304
0.31906 0.380807 0.275847 0.223973 0.24904 0.30894 0.310199 0.300508 0.401946 0.292874 0.22269 0.222808 0.221361 0.257754 0.324862 0.315124 0.219317 0.311557 0.28044 0.415783 0.340856 0.381181 0.271201 0.220198 0.247115
0.320065 0.384351 0.275393 0.218767 0.250255 0.30723 0.307738 0.299385 0.404687 0.296996 0.222129 0.21943 0.220802 0.254248 0.319289 0.319063 0.218762 0.309089 0.280982 0.422548 0.341454 0.383387 0.271344 0.219641 0.242038
0.319988 0.385086 0.272821 0.221185 0.249844 0.309256 0.309236 0.299129 0.40926 0.288818 0.222387 0.219475 0.221059 0.255191 0.322481 0.318372 0.219017 0.310592 0.280694 0.424759 0.346692 0.378783 0.270922 0.219897 0.242564
0.320799 0.387952 0.271917 0.217757 0.250683 0.308439 0.307441 0.298162 0.412385 0.290637 0.221996 0.216906 0.22067 0.252626 0.318666 0.321311 0.21863 0.308792 0.281129 0.430468 0.34832 0.379462 0.270766 0.219509 0.238862
0.320849 0.389031 0.26975 0.219059 0.250483 0.309921 0.308087 0.297692 0.416747 0.284901 0.222116 0.21651 0.22079 0.252821 0.320378 0.321293 0.218749 0.30944 0.280945 0.433298 0.35295 0.375898 0.270286 0.219629 0.238642
0.321533 0.391426 0.268569 0.216786 0.25106 0.309689 0.306658 0.296796 0.420183 0.285373 0.221835 0.214483 0.22051 0.250852 0.317687 0.323557 0.218471 0.308008 0.28128 0.438295 0.355323 0.37555 0.269908 0.219349 0.235868
0.321707 0.392697 0.266642 0.217422 0.250977 0.31086 0.306703 0.296173 0.42445 0.281275 0.221867 0.213818 0.220542 0.250573 0.318433 0.323955 0.218503 0.308053 0.281171 0.441492 0.359635 0.372576 0.26934 0.219382 0.235246
0.322331 0.394764 0.265287 0.215897 0.251366 0.311014 0.305444 0.295293 0.428151 0.281008 0.221654 0.212149 0.22033 0.248973 0.316442 0.325768 0.218292 0.306792 0.281419 0.446013 0.362575 0.37152 0.268789 0.21917 0.233111
0.32263 0.396128 0.263493 0.216145 0.251337 0.312021 0.305052 0.294553 0.432418 0.278022 0.221632 0.211324 0.220308 0.248396 0.316558 0.326414 0.21827 0.306399 0.281354 0.449421 0.366773 0.368842 0.268121 0.219148 0.232303
0.323251 0.397964 0.262021 0.215102 0.251586 0.312436 0.303839 0.293652 0.436363 0.277395 0.22146 0.209889 0.220136 0.247019 0.314985 0.327925 0.2181 0.305183 0.281527 0.453628 0.370173 0.367276 0.267431 0.218978 0.230617
0.323684 0.399361 0.260286 0.215132 0.251567 0.31337 0.303117 0.292812 0.440703 0.275182 0.221403 0.208969 0.22008 0.246253 0.314684 0.328713 0.218044 0.30446 0.281481 0.457153 0.374408 0.364704 0.266664 0.218921 0.229754
0.324355 0.40103 0.258724 0.214398 0.251707 0.313968 0.301873 0.291866 0.444886 0.274423 0.221255 0.207684 0.219933 0.245006 0.313344 0.330024 0.217898 0.303213 0.281584 0.461157 0.378213 0.36275 0.265858 0.218775 0.228396
0.324934 0.402426 0.256999 0.214309 0.251669 0.314884 0.300891 0.290933 0.449362 0.272763 0.221175 0.206709 0.219853 0.244117 0.312755 0.330888 0.217819 0.30223 0.281534 0.46475 0.382594 0.36016 0.264995 0.218696 0.227554
0.325699 0.403974 0.255355 0.213772 0.251714 0.315617 0.299569 0.289922 0.453792 0.272007 0.221041 0.205516 0.21972 0.242938 0.311524 0.332065 0.217686 0.300905 0.281572 0.468631 0.386783 0.35789 0.264089 0.218562 0.226445
0.326443 0.40535 0.253603 0.213619 0.251637 0.316547 0.298372 0.288896 0.458455 0.270758 0.220946 0.204507 0.219625 0.241965 0.310723 0.332969 0.217592 0.299706 0.2815 0.47227 0.391397 0.355204 0.263139 0.218468 0.225666
0.327345 0.406805 0.251877 0.213205 0.251595 0.317384 0.296947 0.287804 0.463149 0.27008 0.220817 0.203367 0.219496 0.240814 0.309518 0.334057 0.217465 0.298278 0.281473 0.476086 0.395975 0.352658 0.262146 0.21834 0.224756
0.328277 0.408152 0.25007 0.213016 0.251464 0.318347 0.295566 0.286678 0.468045 0.26915 0.22071 0.202334 0.21939 0.239777 0.308544 0.334979 0.217359 0.296894 0.281362 0.479766 0.400893 0.349825 0.261115 0.218234 0.224063
0.329353 0.409537 0.248254 0.212676 0.251336 0.319269 0.294023 0.285491 0.473024 0.268589 0.220581 0.201222 0.219262 0.238628 0.307305 0.33601 0.217232 0.295349 0.281267 0.483559 0.405879 0.347026 0.260044 0.218107 0.223317
0.330498 0.41085 0.246368 0.212465 0.251137 0.320276 0.292478 0.284258 0.478194 0.267915 0.220464 0.200167 0.219145 0.237537 0.306174 0.336941 0.217116 0.293801 0.281106 0.487285 0.411163 0.344014 0.25894 0.21799 0.22272
0.331787 0.412179 0.244451 0.212163 0.250922 0.32127 0.290813 0.282962 0.483486 0.267489 0.220332 0.199064 0.219014 0.236372 0.304859 0.337936 0.216985 0.292132 0.280939 0.491091 0.416587 0.340972 0.2578 0.21786 0.222115
0.333175 0.413459 0.242467 0.211933 0.250644 0.322324 0.28912 0.281609 0.488966 0.267029 0.220204 0.19799 0.218887 0.235229 0.303574 0.338872 0.216859 0.290435 0.280715 0.494873 0.422292 0.33776 0.256631 0.217733 0.22162
0.334711 0.41474 0.240437 0.211645 0.250336 0.323382 0.287331 0.280191 0.494597 0.266743 0.220066 0.196883 0.218749 0.234034 0.302147 0.339847 0.216723 0.288643 0.280471 0.498719 0.428189 0.334481 0.25543 0.217596 0.221142
0.336374 0.415986 0.23834 0.211392 0.249968 0.324485 0.285502 0.278708 0.500419 0.266468 0.219928 0.195788 0.218612 0.232841 0.300701 0.34079 0.216586 0.28681 0.280174 0.50257 0.434365 0.331056 0.254202 0.217459 0.220748
0.338196 0.417226 0.236186 0.211099 0.24956 0.3256 0.283594 0.277155 0.506413 0.266322 0.219781 0.194669 0.218465 0.231606 0.299135 0.341756 0.216441 0.284898 0.279847 0.506476 0.440772 0.327544 0.252947 0.217313 0.220387
0.340167 0.418437 0.233963 0.210817 0.249092 0.326749 0.28164 0.275529 0.512603 0.266209 0.219631 0.193552 0.218316 0.230361 0.297517 0.342707 0.216293 0.28294 0.279467 0.510406 0.447464 0.323901 0.25167 0.217164 0.220096
0.342311 0.419637 0.231677 0.210503 0.248574 0.327915 0.27962 0.273827 0.518978 0.266197 0.219473 0.192417 0.218159 0.229079 0.295788 0.343675 0.216136 0.280915 0.279048 0.514387 0.454415 0.32016 0.250371 0.217008 0.219845
0.344627 0.420811 0.22932 0.210184 0.247994 0.329109 0.277552 0.272047 0.525553 0.266231 0.21931 0.191277 0.217997 0.227779 0.293987 0.344637 0.215975 0.278843 0.278576 0.518402 0.461658 0.316298 0.249054 0.216846 0.219657
0.347131 0.421967 0.226895 0.209833 0.247357 0.330319 0.275429 0.270187 0.532319 0.266348 0.219139 0.190124 0.217827 0.226447 0.292078 0.345613 0.215807 0.276715 0.278057 0.522467 0.469178 0.312336 0.247721 0.216677 0.219514
0.349827 0.423097 0.224401 0.209466 0.246656 0.331553 0.273262 0.268243 0.539282 0.266516 0.218963 0.188965 0.217651 0.225092 0.290083 0.346591 0.215632 0.274544 0.277483 0.526568 0.476993 0.308264 0.246376 0.216502 0.21943
0.352728 0.424203 0.22184 0.209066 0.24589 0.332803 0.271049 0.266214 0.546433 0.266754 0.218778 0.187795 0.217467 0.223707 0.287983 0.347582 0.215449 0.272326 0.276855 0.530713 0.485092 0.304095 0.245023 0.216318 0.219395
0.355839 0.425279 0.219213 0.20864 0.245056 0.334073 0.268799 0.264099 0.55377 0.267045 0.218586 0.18662 0.217276 0.222299 0.28579 0.34858 0.215259 0.27007 0.276168 0.534891 0.493481 0.299826 0.243668 0.216128 0.219416
0.35917 0.426322 0.216523 0.208177 0.244154 0.335358 0.266513 0.261899 0.56128 0.267398 0.218386 0.185439 0.217077 0.220864 0.283495 0.349591 0.215062 0.267779 0.275421 0.539103 0.502147 0.295471 0.242314 0.21593 0.219489
0.362727 0.427327 0.213775 0.207679 0.243179 0.336658 0.2642 0.259612 0.568954 0.267802 0.218179 0.184256 0.216871 0.219408 0.281108 0.350613 0.214858 0.265461 0.27461 0.543338 0.511085 0.291033 0.240967 0.215725 0.219618
0.366517 0.428288 0.210975 0.20714 0.242133 0.337973 0.261863 0.257241 0.576772 0.268262 0.217965 0.183072 0.216658 0.217929 0.278626 0.351649 0.214646 0.263118 0.273732 0.54759 0.520275 0.286523 0.239635 0.215513 0.219801
0.370542 0.429199 0.208129 0.20656 0.241014 0.339302 0.259511 0.254788 0.584716 0.268771 0.217744 0.181892 0.216437 0.216433 0.276061 0.352698 0.214427 0.260761 0.272785 0.551846 0.5297 0.281952 0.238325 0.215293 0.22004
0.374807 0.430051 0.205246 0.205933 0.239822 0.340644 0.25715 0.252256 0.592761 0.269331 0.217516 0.180718 0.21621 0.214921 0.273415 0.353762 0.214201 0.258394 0.271764 0.556095 0.539332 0.277333 0.237045 0.215067 0.220336
0.379313 0.430837 0.202336 0.205258 0.238559 0.341999 0.254789 0.249651 0.60088 0.269936 0.217282 0.179554 0.215977 0.213398 0.270701 0.354842 0.21397 0.256027 0.270667 0.560321 0.549141 0.272678 0.235803 0.214835 0.220689
0.384058 0.431546 0.19941 0.204533 0.237226 0.343367 0.252435 0.246979 0.609039 0.270588 0.217042 0.178404 0.215739 0.211868 0.267928 0.355938 0.213733 0.253667 0.269491 0.564508 0.55909 0.268006 0.234608 0.214597 0.221098
0.389038 0.432169 0.196479 0.203756 0.235826 0.344749 0.250098 0.244247 0.617203 0.271282 0.216798 0.177274 0.215496 0.210337 0.26511 0.357051 0.213492 0.251324 0.268231 0.568637 0.569138 0.263331 0.233472 0.214356 0.221566
0.394247 0.432694 0.193559 0.202925 0.234363 0.346146 0.247787 0.241465 0.625335 0.272018 0.216551 0.176166 0.21525 0.208809 0.262262 0.358181 0.213248 0.249007 0.266885 0.572687 0.579236 0.258674 0.232403 0.214111 0.222091
0.399677 0.43311 0.190662 0.202041 0.232844 0.347558 0.245511 0.238642 0.633393 0.272791 0.216302 0.175087 0.215002 0.207289 0.2594 0.359329 0.213001 0.246726 0.265449 0.576637 0.589334 0.254054 0.231412 0.213863 0.222674
0.405314 0.433406 0.187803 0.201102 0.231274 0.348987 0.243281 0.235791 0.641336 0.273602 0.216052 0.174041 0.214753 0.205784 0.256541 0.360494 0.212754 0.24449 0.263921 0.580465 0.599378 0.249491 0.23051 0.213615 0.223315
0.411145 0.433568 0.184997 0.200112 0.22966 0.350435 0.241104 0.232924 0.649122 0.274448 0.215802 0.173031 0.214504 0.2043 0.253704 0.361677 0.212508 0.242308 0.262298 0.584147 0.609314 0.245005 0.229705 0.213368 0.224012
0.417151 0.433586 0.182258 0.19907 0.228012 0.351904 0.238991 0.230054 0.65671 0.275326 0.215555 0.172063 0.214258 0.202841 0.250906 0.362876 0.212263 0.240189 0.260578 0.587663 0.619085 0.240616 0.229008 0.213123 0.224765
0.423314 0.433449 0.1796 0.197979 0.226339 0.353395 0.236949 0.227193 0.664061 0.276236 0.215311 0.171139 0.214016 0.201414 0.248166 0.364091 0.212022 0.238141 0.258761 0.590991 0.628637 0.236343 0.228425 0.212881 0.225574
0.429612 0.433147 0.177035 0.196844 0.224651 0.354911 0.234985 0.224357 0.67114 0.277175 0.215073 0.170263 0.213778 0.200022 0.2455 0.365322 0.211787 0.236172 0.256846 0.59411 0.63792 0.232205 0.227965 0.212645 0.226437
0.436023 0.432672 0.174574 0.195669 0.222958 0.356453 0.233106 0.221557 0.677916 0.278142 0.21484 0.169436 0.213547 0.19867 0.242924 0.366565 0.211557 0.234288 0.254833 0.597004 0.646886 0.228218 0.227632 0.212415 0.227353
0.442522 0.432016 0.172227 0.194457 0.221271 0.358023 0.231317 0.218805 0.684363 0.279136 0.214616 0.168661 0.213324 0.197361 0.240452 0.36782 0.211335 0.232494 0.252725 0.599659 0.655497 0.224395 0.227429 0.212192 0.228323
0.449085 0.431175 0.170002 0.193216 0.219599 0.359621 0.229621 0.216114 0.69046 0.280156 0.2144 0.167939 0.213109 0.196098 0.238095 0.369084 0.211122 0.230794 0.250525 0.602061 0.663717 0.220748 0.227358 0.211978 0.229343
0.45569 0.430146 0.167903 0.191951 0.217953 0.361248 0.228021 0.213492 0.696194 0.281202 0.214194 0.167268 0.212904 0.194882 0.235863 0.370355 0.210918 0.22919 0.248236 0.604205 0.67152 0.217285 0.22742 0.211774 0.230414
0.462312 0.428928 0.165936 0.190668 0.216342 0.362904 0.226518 0.210949 0.701555 0.282274 0.213998 0.16665 0.212709 0.193714 0.233762 0.37163 0.210725 0.227682 0.245865 0.606083 0.678889 0.214012 0.227611 0.21158 0.231535
0.46893 0.427524 0.164101 0.189374 0.214772 0.364587 0.225112 0.20849 0.706543 0.283372 0.213813 0.166082 0.212525 0.192594 0.231797 0.372904 0.210542 0.226272 0.243417 0.607696 0.685813 0.210933 0.227929 0.211397 0.232704
0.475524 0.425938 0.162398 0.188075 0.213252 0.366296 0.2238 0.20612 0.71116 0.284496 0.21364 0.165563 0.212352 0.19152 0.229968 0.374175 0.21037 0.224956 0.240902 0.609045 0.692287 0.208046 0.228369 0.211224 0.233921
0.482075 0.424175 0.160826 0.186777 0.211785 0.368028 0.22258 0.203842 0.715413 0.285647 0.213477 0.165091 0.21219 0.190492 0.228276 0.375439 0.21021 0.223733 0.238327 0.610134 0.698316 0.205351 0.228922 0.211063 0.235185
0.488566 0.422245 0.159381 0.185486 0.210377 0.36978 0.221449 0.201658 0.719315 0.286826 0.213325 0.164662 0.212039 0.189507 0.226719 0.37669 0.21006 0.222598 0.235703 0.61097 0.703908 0.202842 0.229583 0.210913 0.236495
0.494982 0.420157 0.158059 0.184208 0.209031 0.371547 0.220402 0.199568 0.722881 0.288034 0.213185 0.164275 0.211899 0.188562 0.225291 0.377924 0.209921 0.221548 0.23304 0.611564 0.709077 0.200514 0.230341 0.210773 0.237851
0.501311 0.417922 0.156853 0.182948 0.207748 0.373324 0.219434 0.19757 0.726129 0.289271 0.213054 0.163926 0.211769 0.187656 0.223989 0.379137 0.209792 0.220578 0.230349 0.611926 0.713842 0.198357 0.231189 0.210644 0.239252
0.507541 0.415553 0.155759 0.18171 0.206529 0.375107 0.21854 0.195663 0.729078 0.290538 0.212934 0.163612 0.21165 0.186785 0.222805 0.380324 0.209673 0.219681 0.227641 0.612067 0.718223 0.196365 0.232115 0.210525 0.240697
0.513662 0.413065 0.154769 0.180497 0.205374 0.376888 0.217714 0.193844 0.731748 0.291837 0.212824 0.163331 0.21154 0.185947 0.221733 0.381479 0.209564 0.218853 0.224928 0.612001 0.722242 0.194526 0.233112 0.210415 0.242186
0.519667 0.41047 0.153877 0.179313 0.204282 0.378661 0.216952 0.192108 0.734161 0.293168 0.212722 0.163079 0.211438 0.185139 0.220765 0.382598 0.209464 0.218089 0.222222 0.611742 0.725925 0.19283 0.234168 0.210315 0.243718
0.52555 0.407785 0.153075 0.178161 0.203251 0.38042 0.216247 0.190453 0.736337 0.294531 0.212629 0.162855 0.211346 0.184359 0.219894 0.383675 0.209372 0.217382 0.219532 0.611301 0.729294 0.191268 0.235276 0.210222 0.245292
0.531304 0.405022 0.152357 0.177043 0.202279 0.382158 0.215595 0.188874 0.738297 0.295928 0.212544 0.162655 0.211261 0.183604 0.219111 0.384707 0.209287 0.216728 0.21687 0.610692 0.732376 0.18983 0.236425 0.210138 0.246908
0.536926 0.402198 0.151714 0.17596 0.201364 0.383867 0.21499 0.187367 0.74006 0.297359 0.212466 0.162477 0.211183 0.182873 0.218409 0.385687 0.20921 0.216121 0.214246 0.609927 0.735192 0.188504 0.237607 0.210061 0.248564
0.542413 0.399326 0.151142 0.174914 0.200503 0.38554 0.214428 0.185929 0.741645 0.298824 0.212395 0.16232 0.211113 0.182165 0.217781 0.386611 0.20914 0.215558 0.211668 0.609019 0.737766 0.187282 0.238814 0.20999 0.250259
0.547762 0.396419 0.150632 0.173905 0.199693 0.387171 0.213905 0.184555 0.743069 0.300323 0.21233 0.16218 0.211048 0.181477 0.217219 0.387476 0.209077 0.215033 0.209145 0.607978 0.74012 0.186155 0.240038 0.209926 0.251993
0.552972 0.393491 0.15018 0.172934 0.19893 0.388752 0.213417 0.183242 0.744349 0.301857 0.212272 0.162058 0.21099 0.18081 0.216717 0.388276 0.209019 0.214544 0.206685 0.606814 0.742274 0.185114 0.241274 0.209868 0.253764
0.558042 0.390554 0.149778 0.172001 0.198213 0.390276 0.21296 0.181988 0.745499 0.303426 0.212219 0.16195 0.210937 0.180163 0.216269 0.389009 0.208966 0.214085 0.204294 0.605536 0.744247 0.18415 0.242513 0.209815 0.255573
0.562971 0.387618 0.149423 0.171105 0.197538 0.391739 0.212532 0.180788 0.746533 0.305029 0.212171 0.161856 0.21089 0.179536 0.215867 0.389671 0.208919 0.213656 0.201978 0.604153 0.746057 0.183258 0.243751 0.209768 0.257417
0.567762 0.384694 0.149108 0.170247 0.196901 0.393132 0.212129 0.179641 0.747463 0.306668 0.212128 0.161774 0.210847 0.178928 0.215507 0.390259 0.208876 0.213252 0.199741 0.602672 0.747718 0.18243 0.244983 0.209725 0.259297
0.572413 0.381792 0.148829 0.169426 0.196302 0.394453 0.211749 0.178544 0.7483 0.308341 0.212089 0.161703 0.210809 0.17834 0.215183 0.39077 0.208838 0.212871 0.197587 0.6011 0.749246 0.181661 0.246204 0.209687 0.261212
0.576928 0.378918 0.148582 0.168642 0.195735 0.395694 0.211391 0.177495 0.749055 0.31005 0.212055 0.161643 0.210775 0.177772 0.214891 0.391201 0.208805 0.212511 0.195519 0.599442 0.750654 0.180944 0.24741 0.209653 0.263161
0.581308 0.37608 0.148362 0.167893 0.195201 0.396852 0.211052 0.176493 0.749736 0.311795 0.212025 0.161591 0.210745 0.177225 0.214626 0.391551 0.208775 0.212171 0.193539 0.597702 0.751954 0.180275 0.248597 0.209624 0.265144
0.585556 0.373285 0.148167 0.167179 0.194695 0.397922 0.210731 0.175536 0.750351 0.313576 0.211999 0.161548 0.210719 0.176698 0.214384 0.391819 0.208749 0.211849 0.191649 0.595886 0.753157 0.179649 0.249764 0.209598 0.267161
0.589674 0.370536 0.147992 0.166499 0.194215 0.398902 0.210426 0.174622 0.750907 0.315394 0.211976 0.161512 0.210696 0.176194 0.214161 0.392001 0.208727 0.211544 0.189849 0.593995 0.754272 0.179063 0.250906 0.209576 0.269213
0.593666 0.367838 0.147835 0.165851 0.193761 0.399787 0.210137 0.173749 0.751411 0.31725 0.211958 0.161483 0.210678 0.175711 0.213954 0.392098 0.208708 0.211254 0.188139 0.592033 0.755308 0.178513 0.252024 0.209557 0.271299
0.597537 0.365195 0.147693 0.165236 0.193329 0.400576 0.209863 0.172918 0.751868 0.319144 0.211942 0.16146 0.210662 0.17525 0.213759 0.392108 0.208693 0.210979 0.186518 0.590001 0.756273 0.177996 0.253113 0.209541 0.273419
0.601289 0.362607 0.147564 0.164651 0.192918 0.401267 0.209602 0.172126 0.752284 0.321079 0.21193 0.161442 0.21065 0.174812 0.213574 0.392031 0.208681 0.210717 0.184986 0.587901 0.757173 0.177509 0.254175 0.209529 0.275576
0.604928 0.360076 0.147444 0.164097 0.192526 0.401857 0.209355 0.171373 0.752662 0.323054 0.211921 0.16143 0.210641 0.174398 0.213396 0.391865 0.208672 0.210469 0.183541 0.585733 0.758016 0.177049 0.255206 0.20952 0.277771
0.608458 0.357603 0.147333 0.163571 0.192153 0.402344 0.20912 0.170657 0.753007 0.325073 0.211915 0.161422 0.210635 0.174007 0.213222 0.391612 0.208666 0.210234 0.182182 0.583497 0.758807 0.176614 0.256208 0.209515 0.280004
0.611885 0.355187 0.147229 0.163074 0.191795 0.402729 0.208897 0.169977 0.753322 0.327136 0.211912 0.161417 0.210632 0.17364 0.213052 0.39127 0.208663 0.21001 0.180905 0.581193 0.75955 0.176203 0.25718 0.209512 0.282277
0.615214 0.352828 0.147129 0.162603 0.191453 0.403011 0.208686 0.169333 0.75361 0.329247 0.211912 0.161416 0.210632 0.173296 0.212882 0.39084 0.208663 0.209798 0.17971 0.578819 0.760251 0.175812 0.258121 0.209512 0.284594
0.61845 0.350524 0.147034 0.162158 0.191124 0.403188 0.208486 0.168722 0.753874 0.331407 0.211915 0.161418 0.210635 0.172977 0.212711 0.390321 0.208666 0.209597 0.178593 0.576376 0.760914 0.17544 0.259031 0.209515 0.286956
0.621599 0.348272 0.14694 0.161738 0.190808 0.403261 0.208296 0.168145 0.754117 0.333619 0.211921 0.161423 0.210641 0.172682 0.212538 0.389713 0.208672 0.209407 0.177551 0.573859 0.761542 0.175086 0.259912 0.20952 0.289366
0.624667 0.346071 0.146848 0.161342 0.190504 0.403229 0.208117 0.1676 0.75434 0.335888 0.211929 0.16143 0.210649 0.17241 0.21236 0.389017 0.20868 0.209227 0.176583 0.571268 0.762139 0.174748 0.260763 0.209529 0.291828
0.62766 0.343917 0.146757 0.160969 0.19021 0.403093 0.207947 0.167085 0.754546 0.338215 0.21194 0.16144 0.21066 0.172162 0.212178 0.388231 0.208691 0.209057 0.175685 0.5686 0.762708 0.174425 0.261585 0.20954 0.294344
0.630584 0.341807 0.146665 0.160618 0.189925 0.402852 0.207787 0.166601 0.754736 0.340605 0.211954 0.161451 0.210674 0.171937 0.211989 0.387357 0.208705 0.208896 0.174854 0.565851 0.763252 0.174115 0.262379 0.209553 0.296921
0.633446 0.339737 0.146573 0.160289 0.18965 0.402507 0.207635 0.166145 0.754912 0.343062 0.21197 0.161463 0.21069 0.171735 0.211793 0.386393 0.208721 0.208744 0.174088 0.563017 0.763773 0.173818 0.263145 0.209569 0.299561
0.636251 0.337703 0.146479 0.15998 0.189382 0.402058 0.207492 0.165717 0.755075 0.345591 0.211989 0.161477 0.210709 0.171555 0.21159 0.385339 0.208739 0.2086 0.173384 0.560094 0.764274 0.173531 0.263884 0.209588 0.30227
0.639006 0.335701 0.146384 0.159691 0.189121 0.401505 0.207356 0.165315 0.755228 0.348196 0.21201 0.161492 0.21073 0.171398 0.211377 0.384195 0.20876 0.208464 0.17274 0.557078 0.764757 0.173254 0.264598 0.209609 0.305053
0.641717 0.333726 0.146287 0.159421 0.188867 0.400848 0.207227 0.164939 0.75537 0.350884 0.212034 0.161508 0.210753 0.171263 0.211155 0.38296 0.208784 0.208335 0.172152 0.553964 0.765225 0.172985 0.265286 0.209632 0.307917
0.644391 0.331772 0.146188 0.15917 0.188618 0.400087 0.207105 0.164587 0.755503 0.353661 0.21206 0.161525 0.210779 0.171149 0.210923 0.381632 0.208809 0.208213 0.171617 0.550746 0.765678 0.172723 0.265949 0.209658 0.310868
0.647034 0.329836 0.146086 0.158936 0.188374 0.399222 0.206989 0.164259 0.755629 0.356532 0.212088 0.161542 0.210808 0.171056 0.210681 0.380211 0.208838 0.208096 0.171135 0.547417 0.766119 0.172468 0.266589 0.209687 0.313913
0.649653 0.32791 0.145982 0.15872 0.188135 0.398251 0.206878 0.163953 0.755748 0.359505 0.212119 0.16156 0.210839 0.170983 0.210427 0.378695 0.208868 0.207985 0.170701 0.543972 0.76655 0.172218 0.267206 0.209717 0.31706
0.652253 0.325991 0.145876 0.158522 0.187899 0.397176 0.206771 0.163669 0.755861 0.362589 0.212153 0.161578 0.210872 0.17093 0.210163 0.377083 0.208901 0.207877 0.170314 0.540402 0.766973 0.171971 0.267801 0.20975 0.320317
0.654843 0.324071 0.145767 0.15834 0.187667 0.395994 0.206668 0.163405 0.755969 0.36579 0.212188 0.161596 0.210907 0.170897 0.209886 0.375371 0.208936 0.207774 0.169973 0.536701 0.767388 0.171728 0.268374 0.209785 0.323693
0.657428 0.322146 0.145657 0.158175 0.187437 0.394705 0.206567 0.163162 0.756073 0.369119 0.212226 0.161614 0.210945 0.170883 0.209597 0.373559 0.208974 0.207673 0.169673 0.532859 0.767798 0.171486 0.268925 0.209823 0.327199
0.660015 0.320207 0.145544 0.158026 0.187211 0.393308 0.206468 0.162937 0.756175 0.372586 0.212266 0.161633 0.210985 0.170887 0.209295 0.371643 0.209013 0.207573 0.169415 0.528867 0.768203 0.171244 0.269456 0.209863 0.330845
0.66261 0.31825 0.14543 0.157894 0.186985 0.391799 0.206369 0.16273 0.756274 0.3762 0.212309 0.161651 0.211027 0.170909 0.208981 0.36962 0.209055 0.207474 0.169196 0.524715 0.768606 0.171001 0.269966 0.209905 0.334643
0.66522 0.316267 0.145316 0.157778 0.186762 0.390179 0.206269 0.162541 0.756372 0.379975 0.212354 0.161669 0.211072 0.17095 0.208653 0.367487 0.2091 0.207374 0.169014 0.520393 0.769007 0.170756 0.270454 0.209949 0.338606
0.667852 0.31425 0.1452 0.15768 0.18654 0.388444 0.206167 0.162369 0.756471 0.383922 0.212401 0.161687 0.211119 0.171007 0.208312 0.365239 0.209146 0.207272 0.168869 0.51589 0.769408 0.170507 0.270922 0.209996 0.342746
0.670512 0.312193 0.145085 0.157598 0.186319 0.386591 0.206063 0.162213 0.75657 0.388055 0.21245 0.161705 0.211168 0.171082 0.207957 0.362874 0.209195 0.207167 0.168757 0.511192 0.769811 0.170253 0.271368 0.210045 0.34708
0.673208 0.310088 0.144971 0.157535 0.186098 0.384618 0.205953 0.162073 0.756671 0.392388 0.212502 0.161721 0.211219 0.171173 0.207588 0.360385 0.209246 0.207057 0.16868 0.506288 0.770216 0.169992 0.271792 0.210096 0.351623
0.675946 0.307926 0.144858 0.157489 0.185878 0.38252 0.205837 0.161949 0.756776 0.396938 0.212556 0.161737 0.211273 0.171281 0.207204 0.357768 0.209299 0.20694 0.168634 0.501164 0.770626 0.169723 0.272193 0.21015 0.356392
0.678733 0.305699 0.144747 0.157463 0.185658 0.380295 0.205712 0.16184 0.756885 0.401722 0.212612 0.161752 0.211329 0.171405 0.206805 0.355018 0.209355 0.206815 0.16862 0.495804 0.771042 0.169443 0.27257 0.210205 0.361405
0.681576 0.303399 0.14464 0.157458 0.185438 0.377937 0.205578 0.161745 0.757001 0.406758 0.21267 0.161766 0.211387 0.171545 0.206392 0.352129 0.209413 0.20668 0.168637 0.490195 0.771465 0.169151 0.272921 0.210263 0.366684
0.684481 0.301016 0.144537 0.157473 0.185218 0.375443 0.205431 0.161666 0.757124 0.412064 0.212731 0.161779 0.211447 0.171701 0.205962 0.349096 0.209472 0.206533 0.168683 0.484319 0.771897 0.168844 0.273243 0.210323 0.372249
0.687456 0.298541 0.144441 0.157511 0.184998 0.372807 0.20527 0.161601 0.757256 0.417662 0.212793 0.161789 0.211509 0.171873 0.205517 0.34591 0.209534 0.206372 0.168758 0.47816 0.77234 0.168521 0.273536 0.210385 0.378122
0.690506 0.295964 0.144352 0.157574 0.184777 0.370024 0.205092 0.161551 0.7574 0.423574 0.212858 0.161798 0.211574 0.17206 0.205055 0.342568 0.209598 0.206193 0.168862 0.471703 0.772795 0.168178 0.273795 0.210449 0.384329
0.693638 0.293275 0.144272 0.157663 0.184557 0.36709 0.204894 0.161515 0.757558 0.429821 0.212924 0.161803 0.21164 0.172262 0.204577 0.33906 0.209664 0.205994 0.168995 0.464929 0.773265 0.167814 0.274018 0.210515 0.390893
0.696859 0.290464 0.144203 0.15778 0.184336 0.363999 0.204674 0.161495 0.757732 0.436427 0.212993 0.161806 0.211708 0.172479 0.204082 0.335383 0.209731 0.205773 0.169156 0.457822 0.773752 0.167425 0.274201 0.210583 0.397842
0.700173 0.287521 0.144148 0.157927 0.184116 0.360746 0.204428 0.161489 0.757925 0.443416 0.213062 0.161805 0.211777 0.172711 0.203569 0.331528 0.2098 0.205527 0.169345 0.450367 0.774258 0.167008 0.274339 0.210652 0.405202
0.703586 0.284435 0.144108 0.158107 0.183895 0.357326 0.204153 0.1615 0.75814 0.450811 0.213134 0.161799 0.211848 0.172958 0.203038 0.327492 0.209871 0.205251 0.169563 0.442548 0.774785 0.166561 0.274428 0.210723 0.413
0.7071 0.281198 0.144087 0.158323 0.183676 0.353734 0.203846 0.161526 0.758381 0.458635 0.213206 0.161788 0.21192 0.173219 0.202489 0.323268 0.209942 0.204943 0.169809 0.434353 0.775336 0.166078 0.274461 0.210794 0.421263
0.71072 0.277801 0.144088 0.158577 0.183457 0.349967 0.203502 0.161568 0.758651 0.466908 0.213279 0.16177 0.211993 0.173493 0.201922 0.318854 0.210014 0.204598 0.170084 0.425771 0.775914 0.165558 0.274434 0.210867 0.430017
0.714447 0.274235 0.144113 0.158872 0.18324 0.346024 0.203119 0.161627 0.758955 0.475651 0.213352 0.161745 0.212066 0.173781 0.201335 0.314247 0.210086 0.204213 0.170389 0.416797 0.776522 0.164995 0.274339 0.210939 0.439285
0.71828 0.270495 0.144167 0.159211 0.183024 0.341902 0.202691 0.161704 0.759297 0.484876 0.213425 0.161711 0.212138 0.174082 0.20073 0.309448 0.210159 0.203785 0.170722 0.40743 0.777163 0.164386 0.274169 0.211012 0.449085
0.722215 0.266576 0.144253 0.159597 0.182811 0.337605 0.202217 0.161798 0.759682 0.494594 0.213497 0.161666 0.21221 0.174394 0.200104 0.30446 0.21023 0.203308 0.171086 0.397676 0.77784 0.163727 0.273917 0.211083 0.459432
0.726249 0.262478 0.144374 0.160033 0.182601 0.333135 0.201691 0.161909 0.760116 0.504804 0.213568 0.161609 0.212281 0.174717 0.199458 0.299289 0.2103 0.202781 0.171481 0.387548 0.778558 0.163015 0.273575 0.211153 0.470332
0.730371 0.258203 0.144535 0.16052 0.182395 0.328501 0.201112 0.162039 0.760604 0.515499 0.213637 0.161538 0.212349 0.17505 0.198792 0.293947 0.210368 0.2022 0.171906 0.377072 0.779319 0.162247 0.273138 0.211222 0.48178
0.734571 0.253758 0.144739 0.161061 0.182194 0.323715 0.200476 0.162186 0.761151 0.52666 0.213702 0.161452 0.212414 0.17539 0.198106 0.288448 0.210433 0.201562 0.172362 0.36628 0.780127 0.161418 0.272597 0.211287 0.493761
0.738831 0.249154 0.14499 0.161656 0.181998 0.318792 0.199782 0.162351 0.761763 0.53825 0.213764 0.161347 0.212476 0.175735 0.197399 0.282815 0.210494 0.200865 0.172849 0.355223 0.780984 0.160529 0.271947 0.211348 0.506244
0.743131 0.244412 0.145289 0.162306 0.181808 0.313753 0.19903 0.162532 0.762444 0.550221 0.213822 0.161224 0.212533 0.176083 0.196672 0.277073 0.210551 0.200111 0.173366 0.34396 0.781894 0.159577 0.271185 0.211405 0.519179
0.747448 0.239554 0.145639 0.163008 0.181625 0.308626 0.198221 0.162728 0.763197 0.562504 0.213873 0.161079 0.212585 0.176432 0.195926 0.271256 0.210602 0.199299 0.173913 0.332567 0.782857 0.158564 0.270309 0.211456 0.5325
0.751751 0.234612 0.14604 0.163759 0.18145 0.303442 0.197357 0.162937 0.764026 0.575015 0.213919 0.160911 0.21263 0.176778 0.19516 0.265404 0.210646 0.198433 0.174488 0.321132 0.783876 0.157492 0.26932 0.211501 0.546117
0.75601 0.229624 0.146491 0.164555 0.181283 0.298239 0.196444 0.163156 0.764929 0.587651 0.213957 0.160721 0.212668 0.177119 0.194376 0.25956 0.210684 0.197516 0.175089 0.309754 0.784948 0.156367 0.268221 0.211539 0.559925
0.76019 0.224633 0.146988 0.165388 0.181125 0.293058 0.195488 0.163383 0.765906 0.600296 0.213988 0.160508 0.212699 0.177449 0.193577 0.253774 0.210715 0.196557 0.175713 0.298538 0.786071 0.155194 0.267022 0.21157 0.573799
0.764255 0.219686 0.147528 0.166251 0.180976 0.287943 0.194499 0.163614 0.766952 0.612823 0.214011 0.160272 0.212722 0.177767 0.192765 0.248096 0.210738 0.195564 0.176356 0.287594 0.78724 0.153983 0.265733 0.211593 0.5876
0.76817 0.214833 0.148102 0.167133 0.180837 0.282941 0.193485 0.163845 0.76806 0.625101 0.214026 0.160016 0.212737 0.178068 0.191943 0.242579 0.210753 0.194548 0.177013 0.277031 0.78845 0.152745 0.264369 0.211608 0.601184
0.771901 0.210125 0.148702 0.168023 0.180707 0.278096 0.192461 0.164072 0.76922 0.637 0.214034 0.159743 0.212745 0.178349 0.191116 0.237271 0.210761 0.19352 0.17768 0.266948 0.789691 0.151493 0.262948 0.211616 0.614406
0.775421 0.205607 0.149319 0.16891 0.180587 0.273452 0.191438 0.164291 0.770419 0.648398 0.214035 0.159455 0.212745 0.178608 0.19029 0.232219 0.210761 0.192493 0.178349 0.257433 0.790951 0.150242 0.261492 0.211616 0.627126
0.778704 0.201323 0.149941 0.169781 0.180476 0.269045 0.190429 0.164499 0.771644 0.659188 0.214029 0.159157 0.21274 0.178842 0.189471 0.22746 0.210756 0.191481 0.179015 0.248556 0.79222 0.149007 0.260022 0.21161 0.639221
0.781734 0.197306 0.150557 0.170625 0.180375 0.264907 0.189446 0.164692 0.772877 0.669286 0.214018 0.158855 0.212728 0.17905 0.188666 0.223026 0.210745 0.190495 0.17967 0.240368 0.793483 0.147802 0.25856 0.211599 0.650589
0.7845 0.193583 0.151156 0.171433 0.180282 0.26106 0.188502 0.164868 0.774104 0.678628 0.214002 0.158553 0.212713 0.179232 0.187881 0.218936 0.210729 0.189548 0.180308 0.232897 0.794726 0.146641 0.257127 0.211584 0.661151
0.787 0.19017 0.15173 0.172197 0.180199 0.25752 0.187605 0.165025 0.775308 0.687179 0.213983 0.158256 0.212694 0.179387 0.187124 0.215201 0.21071 0.188648 0.180923 0.22615 0.795937 0.145536 0.255741 0.211565 0.67086
0.789237 0.187074 0.15227 0.17291 0.180124 0.254294 0.186764 0.165163 0.776475 0.694924 0.213962 0.157969 0.212673 0.179516 0.186401 0.211824 0.210689 0.187803 0.18151 0.220117 0.797102 0.144496 0.254419 0.211544 0.67969
0.791221 0.184293 0.15277 0.173569 0.180057 0.251378 0.185982 0.165282 0.777592 0.701873 0.213939 0.157696 0.21265 0.179622 0.185717 0.208796 0.210667 0.187019 0.182065 0.214771 0.798211 0.143529 0.253174 0.211522 0.687646
0.792965 0.181818 0.153228 0.174171 0.179998 0.248766 0.185264 0.165382 0.778649 0.708055 0.213916 0.157439 0.212627 0.179706 0.185077 0.206103 0.210644 0.186299 0.182584 0.21007 0.799255 0.14264 0.252013 0.211498 0.694751
0.794487 0.179632 0.15364 0.174716 0.179947 0.246442 0.184611 0.165466 0.779638 0.71351 0.213893 0.1572 0.212604 0.17977 0.184483 0.203727 0.210621 0.185644 0.183065 0.205968 0.800228 0.14183 0.250944 0.211476 0.701046
0.795807 0.177717 0.154007 0.175206 0.179903 0.244391 0.184022 0.165533 0.780555 0.718291 0.213871 0.156982 0.212582 0.179816 0.183937 0.201643 0.210599 0.185052 0.183507 0.202412 0.801127 0.141099 0.249967 0.211453 0.706582
0.796943 0.176051 0.154331 0.175642 0.179865 0.24259 0.183494 0.165587 0.781396 0.722454 0.213849 0.156784 0.212561 0.179849 0.18344 0.199827 0.210578 0.184523 0.18391 0.199345 0.801949 0.140445 0.249083 0.211432 0.711421
0.797918 0.174608 0.154613 0.176029 0.179833 0.241018 0.183025 0.16563 0.782162 0.72606 0.213829 0.156606 0.212541 0.179869 0.182991 0.198253 0.210558 0.184052 0.184274 0.196713 0.802694 0.139864 0.24829 0.211413 0.715627
0.798749 0.173366 0.154856 0.176369 0.179806 0.239653 0.182611 0.165662 0.782854 0.729169 0.213811 0.156448 0.212523 0.179879 0.182588 0.196893 0.21054 0.183637 0.184602 0.194464 0.803365 0.139352 0.247582 0.211394 0.719265
0.799456 0.172302 0.155065 0.176666 0.179785 0.238472 0.182247 0.165686 0.783474 0.731837 0.213794 0.156309 0.212506 0.179881 0.18223 0.195725 0.210524 0.183272 0.184894 0.192549 0.803965 0.138904 0.246955 0.211378 0.722399
0.800054 0.171392 0.155244 0.176926 0.179767 0.237455 0.181929 0.165704 0.784026 0.734121 0.213779 0.156187 0.212491 0.179878 0.181912 0.194723 0.210509 0.182952 0.185154 0.190923 0.804498 0.138513 0.246403 0.211363 0.725088
0.80056 0.170618 0.155395 0.177151 0.179753 0.236581 0.181652 0.165716 0.784516 0.736069 0.213766 0.15608 0.212477 0.17987 0.181632 0.193868 0.210495 0.182675 0.185383 0.189546 0.804968 0.138175 0.245919 0.211349 0.727389
0.800986 0.16996 0.155522 0.177345 0.179743 0.235833 0.181412 0.165724 0.784947 0.737726 0.213754 0.155988 0.212466 0.179859 0.181388 0.193139 0.210484 0.182434 0.185584 0.188382 0.805381 0.137882 0.245497 0.211338 0.729352
0.801345 0.169403 0.155629 0.177513 0.179735 0.235194 0.181204 0.16573 0.785326 0.739133 0.213743 0.155908 0.212455 0.179846 0.181174 0.192518 0.210473 0.182226 0.185761 0.1874 0.805743 0.137631 0.24513 0.211327 0.731024
0.801646 0.168932 0.155718 0.177658 0.179729 0.234649 0.181026 0.165732 0.785657 0.740326 0.213734 0.155839 0.212446 0.179832 0.180988 0.191992 0.210464 0.182046 0.185915 0.186572 0.806058 0.137415 0.244812 0.211318 0.732445
0.801899 0.168534 0.155793 0.177782 0.179725 0.234186 0.180872 0.165733 0.785945 0.741335 0.213726 0.15578 0.212438 0.179817 0.180828 0.191545 0.210456 0.181892 0.186049 0.185876 0.80633 0.137231 0.244537 0.21131 0.73365
0.802111 0.168199 0.155855 0.177888 0.179722 0.233793 0.18074 0.165733 0.786195 0.742188 0.213719 0.15573 0.212431 0.179803 0.180689 0.191167 0.210449 0.18176 0.186165 0.185289 0.806567 0.137074 0.244301 0.211303 0.734671
0.802289 0.167916 0.155906 0.177979 0.17972 0.233459 0.180627 0.165732 0.786411 0.742908 0.213713 0.155687 0.212425 0.179789 0.18057 0.190848 0.210443 0.181646 0.186265 0.184797 0.80677 0.13694 0.244098 0.211297 0.735536
0.802437 0.167678 0.155949 0.178056 0.17972 0.233176 0.180531 0.165731 0.786597 0.743516 0.213708 0.15565 0.212419 0.179775 0.180468 0.190578 0.210438 0.18155 0.186351 0.184383 0.806945 0.136826 0.243924 0.211292 0.736266
0.802562 0.167477 0.155985 0.178122 0.179719 0.232937 0.180449 0.165729 0.786758 0.744028 0.213703 0.155619 0.212415 0.179763 0.18038 0.19035 0.210433 0.181467 0.186425 0.184035 0.807095 0.13673 0.243775 0.211287 0.736884
0.802666 0.167309 0.156014 0.178178 0.17972 0.232734 0.180378 0.165727 0.786896 0.74446 0.213699 0.155593 0.212411 0.179751 0.180305 0.190157 0.210429 0.181397 0.186489 0.183743 0.807224 0.136648 0.243648 0.211283 0.737405
0.802753 0.167167 0.156038 0.178226 0.179721 0.232563 0.180319 0.165726 0.787014 0.744823 0.213696 0.155571 0.212408 0.179741 0.180241 0.189995 0.210426 0.181337 0.186544 0.183498 0.807334 0.136579 0.243539 0.21128 0.737845
0.802825 0.167048 0.156059 0.178266 0.179721 0.232418 0.180268 0.165724 0.787115 0.745129 0.213693 0.155552 0.212405 0.179731 0.180187 0.189858 0.210423 0.181286 0.186591 0.183292 0.807427 0.136521 0.243447 0.211277 0.738216
0.802886 0.166948 0.156075 0.178301 0.179723 0.232297 0.180225 0.165722 0.787202 0.745387 0.213691 0.155536 0.212403 0.179723 0.18014 0.189742 0.210421 0.181243 0.18663 0.183119 0.807507 0.136472 0.243368 0.211275 0.738529
0.802937 0.166864 0.156089 0.17833 0.179724 0.232194 0.180188 0.16572 0.787276 0.745603 0.213688 0.155522 0.212401 0.179715 0.180101 0.189645 0.210419 0.181206 0.186664 0.182974 0.807575 0.13643 0.243301 0.211273 0.738793
0.80298 0.166793 0.156101 0.178355 0.179725 0.232107 0.180157 0.165719 0.787339 0.745785 0.213687 0.155511 0.212399 0.179708 0.180068 0.189563 0.210417 0.181175 0.186693 0.182853 0.807633 0.136395 0.243245 0.211271 0.739015
0.803015 0.166733 0.15611 0.178376 0.179726 0.232034 0.180131 0.165717 0.787392 0.745939 0.213685 0.155501 0.212397 0.179702 0.180039 0.189494 0.210416 0.181148 0.186718 0.18275 0.807682 0.136366 0.243196 0.21127 0.739202
0.803045 0.166683 0.156118 0.178393 0.179727 0.231972 0.180109 0.165716 0.787438 0.746068 0.213684 0.155493 0.212396 0.179697 0.180015 0.189436 0.210414 0.181126 0.186739 0.182665 0.807723 0.136341 0.243156 0.211268 0.73936
0.80307 0.166641 0.156125 0.178408 0.179728 0.23192 0.18009 0.165715 0.787476 0.746176 0.213683 0.155486 0.212395 0.179692 0.179995 0.189388 0.210413 0.181107 0.186757 0.182593 0.807759 0.13632 0.243121 0.211267 0.739492
0.803091 0.166606 0.15613 0.178421 0.179729 0.231876 0.180074 0.165714 0.787509 0.746267 0.213682 0.155481 0.212394 0.179688 0.179978 0.189346 0.210412 0.181091 0.186772 0.182532 0.807788 0.136302 0.243092 0.211266 0.739604
0.803109 0.166577 0.156135 0.178431 0.17973 0.23184 0.180061 0.165713 0.787537 0.746344 0.213681 0.155476 0.212393 0.179685 0.179963 0.189312 0.210412 0.181078 0.186785 0.182481 0.807814 0.136287 0.243067 0.211266 0.739698
0.803123 0.166552 0.156138 0.17844 0.179731 0.231809 0.180049 0.165713 0.787561 0.746408 0.213681 0.155472 0.212393 0.179682 0.179951 0.189283 0.210411 0.181066 0.186796 0.182439 0.807835 0.136275 0.243046 0.211265 0.739777
0.803135 0.166531 0.156141 0.178448 0.179731 0.231782 0.180039 0.165712 0.787581 0.746462 0.21368 0.155468 0.212392 0.179679 0.179941 0.189258 0.210411 0.181057 0.186805 0.182403 0.807853 0.136264 0.243028 0.211264 0.739844
0.803146 0.166513 0.156144 0.178454 0.179732 0.23176 0.180031 0.165711 0.787598 0.746508 0.21368 0.155465 0.212392 0.179677 0.179932 0.189238 0.21041 0.181048 0.186813 0.182373 0.807868 0.136255 0.243013 0.211264 0.7399
0.803154 0.166498 0.156146 0.17846 0.179733 0.231742 0.180024 0.165711 0.787612 0.746546 0.213679 0.155463 0.212391 0.179675 0.179924 0.18922 0.21041 0.181041 0.186819 0.182348 0.807881 0.136248 0.243001 0.211263 0.739948
0.803162 0.166486 0.156148 0.178464 0.179733 0.231726 0.180019 0.165711 0.787624 0.746578 0.213679 0.155461 0.212391 0.179673 0.179918 0.189206 0.210409 0.181036 0.186825 0.182326 0.807892 0.136242 0.24299 0.211263 0.739987
0.803168 0.166475 0.15615 0.178468 0.179734 0.231713 0.180014 0.16571 0.787635 0.746605 0.213678 0.155459 0.212391 0.179672 0.179913 0.189193 0.210409 0.181031 0.18683 0.182309 0.807901 0.136236 0.242981 0.211263 0.740021
0.803173 0.166467 0.156151 0.178472 0.179734 0.231702 0.18001 0.16571 0.787643 0.746628 0.213678 0.155458 0.21239 0.179671 0.179908 0.189183 0.210409 0.181027 0.186834 0.182294 0.807909 0.136232 0.242974 0.211263 0.740049
0.803177 0.166459 0.156152 0.178474 0.179734 0.231693 0.180006 0.16571 0.787651 0.746647 0.213678 0.155456 0.21239 0.17967 0.179905 0.189174 0.210409 0.181023 0.186837 0.182281 0.807915 0.136228 0.242967 0.211262 0.740073
0.803181 0.166453 0.156153 0.178477 0.179735 0.231685 0.180003 0.16571 0.787657 0.746663 0.213678 0.155455 0.21239 0.179669 0.179901 0.189167 0.210408 0.18102 0.18684 0.18227 0.807921 0.136225 0.242962 0.211262 0.740093
0.803183 0.166448 0.156154 0.178478 0.179735 0.231678 0.180001 0.165709 0.787662 0.746677 0.213678 0.155454 0.21239 0.179668 0.179899 0.189161 0.210408 0.181018 0.186842 0.182262 0.807925 0.136223 0.242957 0.211262 0.74011
0.803186 0.166443 0.156154 0.17848 0.179735 0.231673 0.179999 0.165709 0.787667 0.746688 0.213678 0.155454 0.21239 0.179667 0.179897 0.189156 0.210408 0.181015 0.186844 0.182254 0.807929 0.13622 0.242953 0.211262 0.740124
0.803188 0.16644 0.156155 0.178481 0.179735 0.231668 0.179997 0.165709 0.78767 0.746698 0.213678 0.155453 0.21239 0.179667 0.179895 0.189151 0.210408 0.181014 0.186846 0.182248 0.807933 0.136218 0.24295 0.211262 0.740136
0.80319 0.166436 0.156155 0.178483 0.179736 0.231664 0.179995 0.165709 0.787673 0.746706 0.213677 0.155453 0.21239 0.179666 0.179893 0.189148 0.210408 0.181012 0.186847 0.182243 0.807935 0.136217 0.242947 0.211262 0.740146
0.803191 0.166434 0.156155 0.178484 0.179736 0.231661 0.179994 0.165709 0.787676 0.746713 0.213677 0.155452 0.212389 0.179666 0.179892 0.189145 0.210408 0.181011 0.186849 0.182238 0.807938 0.136216 0.242945 0.211262 0.740154
0.803193 0.166432 0.156156 0.178484 0.179736 0.231658 0.179993 0.165709 0.787678 0.746718 0.213677 0.155452 0.212389 0.179665 0.179891 0.189142 0.210408 0.18101 0.18685 0.182234 0.80794 0.136215 0.242943 0.211262 0.740161
0.803194 0.16643 0.156156 0.178485 0.179736 0.231656 0.179992 0.165709 0.78768 0.746723 0.213677 0.155451 0.212389 0.179665 0.17989 0.18914 0.210408 0.181009 0.186851 0.182231 0.807941 0.136214 0.242941 0.211262 0.740167
0.803195 0.166428 0.156156 0.178486 0.179736 0.231654 0.179991 0.165709 0.787682 0.746727 0.213677 0.155451 0.212389 0.179665 0.179889 0.189138 0.210408 0.181008 0.186851 0.182229 0.807943 0.136213 0.24294 0.211262 0.740172
0.803195 0.166427 0.156156 0.178486 0.179736 0.231652 0.179991 0.165709 0.787683 0.74673 0.213677 0.155451 0.212389 0.179665 0.179888 0.189137 0.210408 0.181008 0.186852 0.182226 0.807944 0.136212 0.242939 0.211262 0.740176
0.803196 0.166426 0.156157 0.178487 0.179736 0.231651 0.17999 0.165709 0.787684 0.746733 0.213677 0.155451 0.212389 0.179664 0.179888 0.189135 0.210408 0.181007 0.186852 0.182224 0.807945 0.136212 0.242938 0.211262 0.74018
0.803196 0.166425 0.156157 0.178487 0.179736 0.23165 0.17999 0.165709 0.787685 0.746736 0.213677 0.155451 0.212389 0.179664 0.179887 0.189134 0.210408 0.181007 0.186853 0.182223 0.807946 0.136211 0.242937 0.211262 0.740183
0.803197 0.166424 0.156157 0.178487 0.179736 0.231649 0.179989 0.165709 0.787686 0.746738 0.213677 0.15545 0.212389 0.179664 0.179887 0.189133 0.210408 0.181006 0.186853 0.182222 0.807947 0.136211 0.242936 0.211261 0.740186
0.803197 0.166423 0.156157 0.178487 0.179736 0.231648 0.179989 0.165709 0.787687 0.746739 0.213677 0.15545 0.212389 0.179664 0.179886 0.189132 0.210408 0.181006 0.186854 0.18222 0.807947 0.13621 0.242936 0.211261 0.740188
0.803198 0.166423 0.156157 0.178488 0.179736 0.231647 0.179989 0.165709 0.787687 0.746741 0.213677 0.15545 0.212389 0.179664 0.179886 0.189132 0.210408 0.181006 0.186854 0.18222 0.807948 0.13621 0.242935 0.211261 0.740189
0.803198 0.166422 0.156157 0.178488 0.179736 0.231647 0.179989 0.165709 0.787688 0.746742 0.213677 0.15545 0.212389 0.179664 0.179886 0.189131 0.210408 0.181005 0.186854 0.182219 0.807948 0.13621 0.242935 0.211261 0.740191
0.803198 0.166422 0.156157 0.178488 0.179736 0.231646 0.179988 0.165708 0.787688 0.746743 0.213677 0.15545 0.212389 0.179664 0.179886 0.189131 0.210408 0.181005 0.186854 0.182218 0.807948 0.13621 0.242935 0.211261 0.740192
0.803198 0.166422 0.156157 0.178488 0.179736 0.231646 0.179988 0.165708 0.787688 0.746744 0.213677 0.15545 0.212389 0.179664 0.179885 0.18913 0.210408 0.181005 0.186854 0.182218 0.807949 0.13621 0.242934 0.211261 0.740193
0.803198 0.166421 0.156157 0.178488 0.179736 0.231645 0.179988 0.165708 0.787689 0.746744 0.213677 0.15545 0.212389 0.179664 0.179885 0.18913 0.210408 0.181005 0.186855 0.182217 0.807949 0.136209 0.242934 0.211261 0.740194
0.803198 0.166421 0.156157 0.178488 0.179736 0.231645 0.179988 0.165708 0.787689 0.746745 0.213677 0.15545 0.212389 0.179664 0.179885 0.18913 0.210408 0.181005 0.186855 0.182217 0.807949 0.136209 0.242934 0.211261 0.740195
0.803199 0.166421 0.156157 0.178488 0.179736 0.231645 0.179988 0.165708 0.787689 0.746746 0.213677 0.15545 0.212389 0.179664 0.179885 0.18913 0.210408 0.181005 0.186855 0.182216 0.807949 0.136209 0.242934 0.211261 0.740196
0.803199 0.166421 0.156157 0.178488 0.179736 0.231645 0.179988 0.165708 0.787689 0.746746 0.213677 0.15545 0.212389 0.179664 0.179885 0.189129 0.210408 0.181005 0.186855 0.182216 0.807949 0.136209 0.242933 0.211261 0.740196
0.803199 0.166421 0.156157 0.178488 0.179736 0.231644 0.179988 0.165708 0.78769 0.746746 0.213677 0.15545 0.212389 0.179664 0.179885 0.189129 0.210408 0.181005 0.186855 0.182216 0.80795 0.136209 0.242933 0.211261 0.740197
0.803199 0.166421 0.156157 0.178489 0.179736 0.231644 0.179988 0.165708 0.78769 0.746747 0.213677 0.15545 0.212389 0.179664 0.179885 0.189129 0.210408 0.181005 0.186855 0.182216 0.80795 0.136209 0.242933 0.211261 0.740197
0.803199 0.16642 0.156157 0.178489 0.179736 0.231644 0.179988 0.165708 0.78769 0.746747 0.213677 0.15545 0.212389 0.179664 0.179885 0.189129 0.210408 0.181004 0.186855 0.182215 0.80795 0.136209 0.242933 0.211261 0.740197
0.803199 0.16642 0.156157 0.178489 0.179737 0.231644 0.179988 0.165708 0.78769 0.746747 0.213677 0.15545 0.212389 0.179664 0.179885 0.189129 0.210408 0.181004 0.186855 0.182215 0.80795 0.136209 0.242933 0.211261 0.740197
0.803199 0.16642 0.156157 0.178489 0.179737 0.231644 0.179987 0.165708 0.78769 0.746747 0.213677 0.15545 0.212389 0.179664 0.179885 0.189129 0.210408 0.181004 0.186855 0.182215 0.80795 0.136209 0.242933 0.211261 0.740198
0.803199 0.16642 0.156157 0.178489 0.179737 0.231644 0.179987 0.165708 0.78769 0.746747 0.213677 0.15545 0.212389 0.179664 0.179885 0.189129 0.210408 0.181004 0.186855 0.182215 0.80795 0.136209 0.242933 0.211261 0.740198
0.803199 0.16642 0.156157 0.178489 0.179737 0.231644 0.179987 0.165708 0.78769 0.746748 0.213677 0.15545 0.212389 0.179664 0.179885 0.189129 0.210408 0.181004 0.186855 0.182215 0.80795 0.136209 0.242933 0.211261 0.740198
0.803199 0.16642 0.156157 0.178489 0.179737 0.231644 0.179987 0.165708 0.78769 0.746748 0.213677 0.15545 0.212389 0.179664 0.179885 0.189129 0.210408 0.181004 0.186855 0.182215 0.80795 0.136209 0.242933 0.211261 0.740198
0.803199 0.16642 0.156157 0.178489 0.179737 0.231644 0.179987 0.165708 0.78769 0.746748 0.213677 0.15545 0.212389 0.179664 0.179885 0.189129 0.210408 0.181004 0.186855 0.182215 0.80795 0.136209 0.242933 0.211261 0.740198
0.803199 0.16642 0.156157 0.178489 0.179737 0.231644 0.179987 0.165708 0.78769 0.746748 0.213677 0.15545 0.212389 0.179664 0.179885 0.189129 0.210408 0.181004 0.186855 0.182215 0.80795 0.136209 0.242933 0.211261 0.740198
0.803199 0.16642 0.156157 0.178489 0.179737 0.231644 0.179987 0.165708 0.78769 0.746748 0.213677 0.15545 0.212389 0.179664 0.179885 0.189129 0.210408 0.181004 0.186855 0.182215 0.80795 0.136209 0.242933 0.211261 0.740198
0.803199 0.16642 0.156157 0.178489 0.179737 0.231644 0.179987 0.165708 0.78769 0.746748 0.213677 0.15545 0.212389 0.179663 0.179885 0.189129 0.210408 0.181004 0.186855 0.182215 0.80795 0.136209 0.242933 0.211261 0.740199
0.803199 0.16642 0.156157 0.178489 0.179737 0.231644 0.179987 0.165708 0.78769 0.746748 0.213677 0.15545 0.212389 0.179663 0.179885 0.189128 0.210408 0.181004 0.186855 0.182215 0.80795 0.136209 0.242933 0.211261 0.740199
0.803199 0.16642 0.156157 0.178489 0.179737 0.231643 0.179987 0.165708 0.78769 0.746748 0.213677 0.15545 0.212389 0.179663 0.179885 0.189128 0.210408 0.181004 0.186855 0.182215 0.80795 0.136209 0.242933 0.211261 0.740199
0.803199 0.16642 0.156157 0.178489 0.179737 0.231643 0.179987 0.165708 0.78769 0.746748 0.213677 0.15545 0.212389 0.179663 0.179885 0.189128 0.210408 0.181004 0.186855 0.182215 0.80795 0.136209 0.242933 0.211261 0.740199
0.803199 0.16642 0.156157 0.178489 0.179737 0.231643 0.179987 0.165708 0.78769 0.746748 0.213677 0.15545 0.212389 0.179663 0.179885 0.189128 0.210408 0.181004 0.186855 0.182215 0.80795 0.136209 0.242933 0.211261 0.740199
0.803199 0.16642 0.156157 0.178489 0.179737 0.231643 0.179987 0.165708 0.78769 0.746748 0.213677 0.15545 0.212389 0.179663 0.179885 0.189128 0.210408 0.181004 0.186855 0.182215 0.80795 0.136209 0.242933 0.211261 0.740199
0.803199 0.16642 0.156157 0.178489 0.179737 0.231643 0.179987 0.165708 0.78769 0.746748 0.213677 0.15545 0.212389 0.179663 0.179885 0.189128 0.210408 0.181004 0.186855 0.182215 0.80795 0.136209 0.242933 0.211261 0.740199
0.803199 0.16642 0.156157 0.178489 0.179737 0.231643 0.179987 0.165708 0.78769 0.746748 0.213677 0.15545 0.212389 0.179663 0.179885 0.189128 0.210408 0.181004 0.186855 0.182215 0.80795 0.136209 0.242933 0.211261 0.740199
0.803199 0.16642 0.156157 0.178489 0.179737 0.231643 0.179987 0.165708 0.78769 0.746748 0.213677 0.15545 0.212389 0.179663 0.179885 0.189128 0.210408 0.181004 0.186855 0.182215 0.80795 0.136209 0.242933 0.211261 0.740199
0.803199 0.16642 0.156157 0.178489 0.179737 0.231643 0.179987 0.165708 0.78769 0.746748 0.213677 0.15545 0.212389 0.179663 0.179885 0.189128 0.210408 0.181004 0.186855 0.182215 0.80795 0.136209 0.242933 0.211261 0.740199
0.803199 0.16642 0.156157 0.178489 0.179737 0.231643 0.179987 0.165708 0.78769 0.746748 0.213677 0.15545 0.212389 0.179663 0.179885 0.189128 0.210408 0.181004 0.186855 0.182215 0.80795 0.136209 0.242933 0.211261 0.740199
0.803199 0.16642 0.156157 0.178489 0.179737 0.231643 0.179987 0.165708 0.78769 0.746748 0.213677 0.15545 0.212389 0.179663 0.179885 0.189128 0.210408 0.181004 0.186855 0.182215 0.80795 0.136209 0.242933 0.211261 0.740199
0.803199 0.16642 0.156157 0.178489 0.179737 0.231643 0.179987 0.165708 0.78769 0.746748 0.213677 0.15545 0.212389 0.179663 0.179885 0.189128 0.210408 0.181004 0.186855 0.182215 0.80795 0.136209 0.242933 0.211261 0.740199
0.803199 0.16642 0.156157 0.178489 0.179737 0.231643 0.179987 0.165708 0.78769 0.746748 0.213677 0.15545 0.212389 0.179663 0.179885 0.189128 0.210408 0.181004 0.186855 0.182215 0.80795 0.136209 0.242933 0.211261 0.740199
0.803199 0.16642 0.156157 0.178489 0.179737 0.231643 0.179987 0.165708 0.78769 0.746748 0.213677 0.15545 0.212389 0.179663 0.179885 0.189128 0.210408 0.181004 0.186855 0.182215 0.80795 0.136209 0.242933 0.211261 0.740199
0.803199 0.16642 0.156157 0.178489 0.179737 0.231643 0.179987 0.165708 0.78769 0.746748 0.213677 0.15545 0.212389 0.179663 0.179885 0.189128 0.210408 0.181004 0.186855 0.182215 0.80795 0.136209 0.242933 0.211261 0.740199
0.803199 0.16642 0.156157 0.178489 0.179737 0.231643 0.179987 0.165708 0.78769 0.746748 0.213677 0.15545 0.212389 0.179663 0.179885 0.189128 0.210408 0.181004 0.186855 0.182215 0.80795 0.136209 0.242933 0.211261 0.740199
0.803199 0.16642 0.156157 0.178489 0.179737 0.231643 0.179987 0.165708 0.78769 0.746748 0.213677 0.15545 0.212389 0.179663 0.179885 0.189128 0.210408 0.181004 0.186855 0.182215 0.80795 0.136209 0.242933 0.211261 0.740199
0.803199 0.16642 0.156157 0.178489 0.179737 0.231643 0.179987 0.165708 0.78769 0.746748 0.213677 0.15545 0.212389 0.179663 0.179885 0.189128 0.210408 0.181004 0.186855 0.182215 0.80795 0.136209 0.242933 0.211261 0.740199
0.803199 0.16642 0.156157 0.178489 0.179737 0.231643 0.179987 0.165708 0.78769 0.746748 0.213677 0.15545 0.212389 0.179663 0.179885 0.189128 0.210408 0.181004 0.186855 0.182215 0.80795 0.136209 0.242933 0.211261 0.740199
0.803199 0.16642 0.156157 0.178489 0.179737 0.231643 0.179987 0.165708 0.78769 0.746748 0.213677 0.15545 0.212389 0.179663 0.179885 0.189128 0.210408 0.181004 0.186855 0.182215 0.80795 0.136209 0.242933 0.211261 0.740199
0.803199 0.16642 0.156157 0.178489 0.179737 0.231643 0.179987 0.165708 0.78769 0.746748 0.213677 0.15545 0.212389 0.179663 0.179885 0.189128 0.210408 0.181004 0.186855 0.182215 0.80795 0.136209 0.242933 0.211261 0.740199
0.803199 0.16642 0.156157 0.178489 0.179737 0.231643 0.179987 0.165708 0.78769 0.746748 0.213677 0.15545 0.212389 0.179663 0.179885 0.189128 0.210408 0.181004 0.186855 0.182215 0.80795 0.136209 0.242933 0.211261 0.740199
0.803199 0.16642 0.156157 0.178489 0.179737 0.231643 0.179987 0.165708 0.78769 0.746748 0.213677 0.15545 0.212389 0.179663 0.179885 0.189128 0.210408 0.181004 0.186855 0.182215 0.80795 0.136209 0.242933 0.211261 0.740199
0.803199 0.16642 0.156157 0.178489 0.179737 0.231643 0.179987 0.165708 0.78769 0.746748 0.213677 0.15545 0.212389 0.179663 0.179885 0.189128 0.210408 0.181004 0.186855 0.182215 0.80795 0.136209 0.242933 0.211261 0.740199
0.803199 0.16642 0.156157 0.178489 0.179737 0.231643 0.179987 0.165708 0.78769 0.746748 0.213677 0.15545 0.212389 0.179663 0.179885 0.189128 0.210408 0.181004 0.186855 0.182215 0.80795 0.136209 0.242933 0.211261 0.740199
0.803199 0.16642 0.156157 0.178489 0.179737 0.231643 0.179987 0.165708 0.78769 0.746748 0.213677 0.15545 0.212389 0.179663 0.179885 0.189128 0.210408 0.181004 0.186855 0.182215 0.80795 0.136209 0.242933 0.211261 0.740199
0.803199 0.16642 0.156157 0.178489 0.179737 0.231643 0.179987 0.165708 0.78769 0.746748 0.213677 0.15545 0.212389 0.179663 0.179885 0.189128 0.210408 0.181004 0.186855 0.182215 0.80795 0.136209 0.242933 0.211261 0.740199
0.803199 0.16642 0.156157 0.178489 0.179737 0.231643 0.179987 0.165708 0.78769 0.746748 0.213677 0.15545 0.212389 0.179663 0.179885 0.189128 0.210408 0.181004 0.186855 0.182215 0.80795 0.136209 0.242933 0.211261 0.740199
0.803199 0.16642 0.156157 0.178489 0.179737 0.231643 0.179987 0.165708 0.78769 0.746748 0.213677 0.15545 0.212389 0.179663 0.179885 0.189128 0.210408 0.181004 0.186855 0.182215 0.80795 0.136209 0.242933 0.211261 0.740199
0.803199 0.16642 0.156157 0.178489 0.179737 0.231643 0.179987 0.165708 0.78769 0.746748 0.213677 0.15545 0.212389 0.179663 0.179885 0.189128 0.210408 0.181004 0.186855 0.182215 0.80795 0.136209 0.242933 0.211261 0.740199
0.803199 0.16642 0.156157 0.178489 0.179737 0.231643 0.179987 0.165708 0.78769 0.746748 0.213677 0.15545 0.212389 0.179663 0.179885 0.189128 0.210408 0.181004 0.186855 0.182215 0.80795 0.136209 0.242933 0.211261 0.740199
0.803199 0.16642 0.156157 0.178489 0.179737 0.231643 0.179987 0.165708 0.78769 0.746748 0.213677 0.15545 0.212389 0.179663 0.179885 0.189128 0.210408 0.181004 0.186855 0.182215 0.80795 0.136209 0.242933 0.211261 0.740199
0.803199 0.16642 0.156157 0.178489 0.179737 0.231643 0.179987 0.165708 0.78769 0.746748 0.213677 0.15545 0.212389 0.179663 0.179885 0.189128 0.210408 0.181004 0.186855 0.182215 0.80795 0.136209 0.242933 0.211261 0.740199
0.803199 0.16642 0.156157 0.178489 0.179737 0.231643 0.179987 0.165708 0.78769 0.746748 0.213677 0.15545 0.212389 0.179663 0.179885 0.189128 0.210408 0.181004 0.186855 0.182215 0.80795 0.136209 0.242933 0.211261 0.740199
0.803199 0.16642 0.156157 0.178489 0.179737 0.231643 0.179987 0.165708 0.78769 0.746748 0.213677 0.15545 0.212389 0.179663 0.179885 0.189128 0.210408 0.181004 0.186855 0.182215 0.80795 0.136209 0.242933 0.211261 0.740199
0.803199 0.16642 0.156157 0.178489 0.179737 0.231643 0.179987 0.165708 0.78769 0.746748 0.213677 0.15545 0.212389 0.179663 0.179885 0.189128 0.210408 0.181004 0.186855 0.182215 0.80795 0.136209 0.242933 0.211261 0.740199
0.803199 0.16642 0.156157 0.178489 0.179737 0.231643 0.179987 0.165708 0.78769 0.746748 0.213677 0.15545 0.212389 0.179663 0.179885 0.189128 0.210408 0.181004 0.186855 0.182215 0.80795 0.136209 0.242933 0.211261 0.740199
0.803199 0.16642 0.156157 0.178489 0.179737 0.231643 0.179987 0.165708 0.78769 0.746748 0.213677 0.15545 0.212389 0.179663 0.179885 0.189128 0.210408 0.181004 0.186855 0.182215 0.80795 0.136209 0.242933 0.211261 0.740199
0.803199 0.16642 0.156157 0.178489 0.179737 0.231643 0.179987 0.165708 0.78769 0.746748 0.213677 0.15545 0.212389 0.179663 0.179885 0.189128 0.210408 0.181004 0.186855 0.182215 0.80795 0.136209 0.242933 0.211261 0.740199
0.803199 0.16642 0.156157 0.178489 0.179737 0.231643 0.179987 0.165708 0.78769 0.746748 0.213677 0.15545 0.212389 0.179663 0.179885 0.189128 0.210408 0.181004 0.186855 0.182215 0.80795 0.136209 0.242933 0.211261 0.740199
0.803199 0.16642 0.156157 0.178489 0.179737 0.231643 0.179987 0.165708 0.78769 0.746748 0.213677 0.15545 0.212389 0.179663 0.179885 0.189128 0.210408 0.181004 0.186855 0.182215 0.80795 0.136209 0.242933 0.211261 0.740199
0.803199 0.16642 0.156157 0.178489 0.179737 0.231643 0.179987 0.165708 0.78769 0.746748 0.213677 0.15545 0.212389 0.179663 0.179885 0.189128 0.210408 0.181004 0.186855 0.182215 0.80795 0.136209 0.242933 0.211261 0.740199
0.803199 0.16642 0.156157 0.178489 0.179737 0.231643 0.179987 0.165708 0.78769 0.746748 0.213677 0.15545 0.212389 0.179663 0.179885 0.189128 0.210408 0.181004 0.186855 0.182215 0.80795 0.136209 0.242933 0.211261 0.740199
0.803199 0.16642 0.156157 0.178489 0.179737 0.231643 0.179987 0.165708 0.78769 0.746748 0.213677 0.15545 0.212389 0.179663 0.179885 0.189128 0.210408 0.181004 0.186855 0.182215 0.80795 0.136209 0.242933 0.211261 0.740199
0.803199 0.16642 0.156157 0.178489 0.179737 0.231643 0.179987 0.165708 0.78769 0.746748 0.213677 0.15545 0.212389 0.179663 0.179885 0.189128 0.210408 0.181004 0.186855 0.182215 0.80795 0.136209 0.242933 0.211261 0.740199
0.803199 0.16642 0.156157 0.178489 0.179737 0.231643 0.179987 0.165708 0.78769 0.746748 0.213677 0.15545 0.212389 0.179663 0.179885 0.189128 0.210408 0.181004 0.186855 0.182215 0.80795 0.136209 0.242933 0.211261 0.740199
0.803199 0.16642 0.156157 0.178489 0.179737 0.231643 0.179987 0.165708 0.78769 0.746748 0.213677 0.15545 0.212389 0.179663 0.179885 0.189128 0.210408 0.181004 0.186855 0.182215 0.80795 0.136209 0.242933 0.211261 0.740199
0.803199 0.16642 0.156157 0.178489 0.179737 0.231643 0.179987 0.165708 0.78769 0.746748 0.213677 0.15545 0.212389 0.179663 0.179885 0.189128 0.210408 0.181004 0.186855 0.182215 0.80795 0.136209 0.242933 0.211261 0.740199
0.803199 0.16642 0.156157 0.178489 0.179737 0.231643 0.179987 0.165708 0.78769 0.746748 0.213677 0.15545 0.212389 0.179663 0.179885 0.189128 0.210408 0.181004 0.186855 0.182215 0.80795 0.136209 0.242933 0.211261 0.740199
0.803199 0.16642 0.156157 0.178489 0.179737 0.231643 0.179987 0.165708 0.78769 0.746748 0.213677 0.15545 0.212389 0.179663 0.179885 0.189128 0.210408 0.181004 0.186855 0.182215 0.80795 0.136209 0.242933 0.211261 0.740199
0.803199 0.16642 0.156157 0.178489 0.179737 0.231643 0.179987 0.165708 0.78769 0.746748 0.213677 0.15545 0.212389 0.179663 0.179885 0.189128 0.210408 0.181004 0.186855 0.182215 0.80795 0.136209 0.242933 0.211261 0.740199
0.803199 0.16642 0.156157 0.178489 0.179737 0.231643 0.179987 0.165708 0.78769 0.746748 0.213677 0.15545 0.212389 0.179663 0.179885 0.189128 0.210408 0.181004 0.186855 0.182215 0.80795 0.136209 0.242933 0.211261 0.740199
0.803199 0.16642 0.156157 0.178489 0.179737 0.231643 0.179987 0.165708 0.78769 0.746748 0.213677 0.15545 0.212389 0.179663 0.179885 0.189128 0.210408 0.181004 0.186855 0.182215 0.80795 0.136209 0.242933 0.211261 0.740199
0.803199 0.16642 0.156157 0.178489 0.179737 0.231643 0.179987 0.165708 0.78769 0.746748 0.213677 0.15545 0.212389 0.179663 0.179885 0.189128 0.210408 0.181004 0.186855 0.182215 0.80795 0.136209 0.242933 0.211261 0.740199
0.803199 0.16642 0.156157 0.178489 0.179737 0.231643 0.179987 0.165708 0.78769 0.746748 0.213677 0.15545 0.212389 0.179663 0.179885 0.189128 0.210408 0.181004 0.186855 0.182215 0.80795 0.136209 0.242933 0.211261 0.740199
0.803199 0.16642 0.156157 0.178489 0.179737 0.231643 0.179987 0.165708 0.78769 0.746748 0.213677 0.15545 0.212389 0.179663 0.179885 0.189128 0.210408 0.181004 0.186855 0.182215 0.80795 0.136209 0.242933 0.211261 0.740199
0.803199 0.16642 0.156157 0.178489 0.179737 0.231643 0.179987 0.165708 0.78769 0.746748 0.213677 0.15545 0.212389 0.179663 0.179885 0.189128 0.210408 0.181004 0.186855 0.182215 0.80795 0.136209 0.242933 0.211261 0.740199
0.803199 0.16642 0.156157 0.178489 0.179737 0.231643 0.179987 0.165708 0.78769 0.746748 0.213677 0.15545 0.212389 0.179663 0.179885 0.189128 0.210408 0.181004 0.186855 0.182215 0.80795 0.136209 0.242933 0.211261 0.740199
0.803199 0.16642 0.156157 0.178489 0.179737 0.231643 0.179987 0.165708 0.78769 0.746748 0.213677 0.15545 0.212389 0.179663 0.179885 0.189128 0.210408 0.181004 0.186855 0.182215 0.80795 0.136209 0.242933 0.211261 0.740199
0.803199 0.16642 0.156157 0.178489 0.179737 0.231643 0.179987 0.165708 0.78769 0.746748 0.213677 0.15545 0.212389 0.179663 0.179885 0.189128 0.210408 0.181004 0.186855 0.182215 0.80795 0.136209 0.242933 0.211261 0.740199
0.803199 0.16642 0.156157 0.178489 0.179737 0.231643 0.179987 0.165708 0.78769 0.746748 0.213677 0.15545 0.212389 0.179663 0.179885 0.189128 0.210408 0.181004 0.186855 0.182215 0.80795 0.136209 0.242933 0.211261 0.740199
0.803199 0.16642 0.156157 0.178489 0.179737 0.231643 0.179987 0.165708 0.78769 0.746748 0.213677 0.15545 0.212389 0.179663 0.179885 0.189128 0.210408 0.181004 0.186855 0.182215 0.80795 0.136209 0.242933 0.211261 0.740199
0.803199 0.16642 0.156157 0.178489 0.179737 0.231643 0.179987 0.165708 0.78769 0.746748 0.213677 0.15545 0.212389 0.179663 0.179885 0.189128 0.210408 0.181004 0.186855 0.182215 0.80795 0.136209 0.242933 0.211261 0.740199
0.803199 0.16642 0.156157 0.178489 0.179737 0.231643 0.179987 0.165708 0.78769 0.746748 0.213677 0.15545 0.212389 0.179663 0.179885 0.189128 0.210408 0.181004 0.186855 0.182215 0.80795 0.136209 0.242933 0.211261 0.740199
0.803199 0.16642 0.156157 0.178489 0.179737 0.231643 0.179987 0.165708 0.78769 0.746748 0.213677 0.15545 0.212389 0.179663 0.179885 0.189128 0.210408 0.181004 0.186855 0.182215 0.80795 0.136209 0.242933 0.211261 0.740199
0.803199 0.16642 0.156157 0.178489 0.179737 0.231643 0.179987 0.165708 0.78769 0.746748 0.213677 0.15545 0.212389 0.179663 0.179885 0.189128 0.210408 0.181004 0.186855 0.182215 0.80795 0.136209 0.242933 0.211261 0.740199
0.803199 0.16642 0.156157 0.178489 0.179737 0.231643 0.179987 0.165708 0.78769 0.746748 0.213677 0.15545 0.212389 0.179663 0.179885 0.189128 0.210408 0.181004 0.186855 0.182215 0.80795 0.136209 0.242933 0.211261 0.740199
0.803199 0.16642 0.156157 0.178489 0.179737 0.231643 0.179987 0.165708 0.78769 0.746748 0.213677 0.15545 0.212389 0.179663 0.179885 0.189128 0.210408 0.181004 0.186855 0.182215 0.80795 0.136209 0.242933 0.211261 0.740199
0.803199 0.16642 0.156157 0.178489 0.179737 0.231643 0.179987 0.165708 0.78769 0.746748 0.213677 0.15545 0.212389 0.179663 0.179885 0.189128 0.210408 0.181004 0.186855 0.182215 0.80795 0.136209 0.242933 0.211261 0.740199
0.803199 0.16642 0.156157 0.178489 0.179737 0.231643 0.179987 0.165708 0.78769 0.746748 0.213677 0.15545 0.212389 0.179663 0.179885 0.189128 0.210408 0.181004 0.186855 0.182215 0.80795 0.136209 0.242933 0.211261 0.740199
0.803199 0.16642 0.156157 0.178489 0.179737 0.231643 0.179987 0.165708 0.78769 0.746748 0.213677 0.15545 0.212389 0.179663 0.179885 0.189128 0.210408 0.181004 0.186855 0.182215 0.80795 0.136209 0.242933 0.211261 0.740199
0.803199 0.16642 0.156157 0.178489 0.179737 0.231643 0.179987 0.165708 0.78769 0.746748 0.213677 0.15545 0.212389 0.179663 0.179885 0.189128 0.210408 0.181004 0.186855 0.182215 0.80795 0.136209 0.242933 0.211261 0.740199
0.803199 0.16642 0.156157 0.178489 0.179737 0.231643 0.179987 0.165708 0.78769 0.746748 0.213677 0.15545 0.212389 0.179663 0.179885 0.189128 0.210408 0.181004 0.186855 0.182215 0.80795 0.136209 0.242933 0.211261 0.740199
0.803199 0.16642 0.156157 0.178489 0.179737 0.231643 0.179987 0.165708 0.78769 0.746748 0.213677 0.15545 0.212389 0.179663 0.179885 0.189128 0.210408 0.181004 0.186855 0.182215 0.80795 0.136209 0.242933 0.211261 0.740199
0.803199 0.16642 0.156157 0.178489 0.179737 0.231643 0.179987 0.165708 0.78769 0.746748 0.213677 0.15545 0.212389 0.179663 0.179885 0.189128 0.210408 0.181004 0.186855 0.182215 0.80795 0.136209 0.242933 0.211261 0.740199
0.803199 0.16642 0.156157 0.178489 0.179737 0.231643 0.179987 0.165708 0.78769 0.746748 0.213677 0.15545 0.212389 0.179663 0.179885 0.189128 0.210408 0.181004 0.186855 0.182215 0.80795 0.136209 0.242933 0.211261 0.740199
0.803199 0.16642 0.156157 0.178489 0.179737 0.231643 0.179987 0.165708 0.78769 0.746748 0.213677 0.15545 0.212389 0.179663 0.179885 0.189128 0.210408 0.181004 0.186855 0.182215 0.80795 0.136209 0.242933 0.211261 0.740199
0.803199 0.16642 0.156157 0.178489 0.179737 0.231643 0.179987 0.165708 0.78769 0.746748 0.213677 0.15545 0.212389 0.179663 0.179885 0.189128 0.210408 0.181004 0.186855 0.182215 0.80795 0.136209 0.242933 0.211261 0.740199
0.803199 0.16642 0.156157 0.178489 0.179737 0.231643 0.179987 0.165708 0.78769 0.746748 0.213677 0.15545 0.212389 0.179663 0.179885 0.189128 0.210408 0.181004 0.186855 0.182215 0.80795 0.136209 0.242933 0.211261 0.740199
0.803199 0.16642 0.156157 0.178489 0.179737 0.231643 0.179987 0.165708 0.78769 0.746748 0.213677 0.15545 0.212389 0.179663 0.179885 0.189128 0.210408 0.181004 0.186855 0.182215 0.80795 0.136209 0.242933 0.211261 0.740199
0.803199 0.16642 0.156157 0.178489 0.179737 0.231643 0.179987 0.165708 0.78769 0.746748 0.213677 0.15545 0.212389 0.179663 0.179885 0.189128 0.210408 0.181004 0.186855 0.182215 0.80795 0.136209 0.242933 0.211261 0.740199
0.803199 0.16642 0.156157 0.178489 0.179737 0.231643 0.179987 0.165708 0.78769 0.746748 0.213677 0.15545 0.212389 0.179663 0.179885 0.189128 0.210408 0.181004 0.186855 0.182215 0.80795 0.136209 0.242933 0.211261 0.740199
0.803199 0.16642 0.156157 0.178489 0.179737 0.231643 0.179987 0.165708 0.78769 0.746748 0.213677 0.15545 0.212389 0.179663 0.179885 0.189128 0.210408 0.181004 0.186855 0.182215 0.80795 0.136209 0.242933 0.211261 0.740199
0.803199 0.16642 0.156157 0.178489 0.179737 0.231643 0.179987 0.165708 0.78769 0.746748 0.213677 0.15545 0.212389 0.179663 0.179885 0.189128 0.210408 0.181004 0.186855 0.182215 0.80795 0.136209 0.242933 0.211261 0.740199
0.803199 0.16642 0.156157 0.178489 0.179737 0.231643 0.179987 0.165708 0.78769 0.746748 0.213677 0.15545 0.212389 0.179663 0.179885 0.189128 0.210408 0.181004 0.186855 0.182215 0.80795 0.136209 0.242933 0.211261 0.740199
0.803199 0.16642 0.156157 0.178489 0.179737 0.231643 0.179987 0.165708 0.78769 0.746748 0.213677 0.15545 0.212389 0.179663 0.179885 0.189128 0.210408 0.181004 0.186855 0.182215 0.80795 0.136209 0.242933 0.211261 0.740199
0.803199 0.16642 0.156157 0.178489 0.179737 0.231643 0.179987 0.165708 0.78769 0.746748 0.213677 0.15545 0.212389 0.179663 0.179885 0.189128 0.210408 0.181004 0.186855 0.182215 0.80795 0.136209 0.242933 0.211261 0.740199
0.803199 0.16642 0.156157 0.178489 0.179737 0.231643 0.179987 0.165708 0.78769 0.746748 0.213677 0.15545 0.212389 0.179663 0.179885 0.189128 0.210408 0.181004 0.186855 0.182215 0.80795 0.136209 0.242933 0.211261 0.740199
0.803199 0.16642 0.156157 0.178489 0.179737 0.231643 0.179987 0.165708 0.78769 0.746748 0.213677 0.15545 0.212389 0.179663 0.179885 0.189128 0.210408 0.181004 0.186855 0.182215 0.80795 0.136209 0.242933 0.211261 0.740199
0.803199 0.16642 0.156157 0.178489 0.179737 0.231643 0.179987 0.165708 0.78769 0.746748 0.213677 0.15545 0.212389 0.179663 0.179885 0.189128 0.210408 0.181004 0.186855 0.182215 0.80795 0.136209 0.242933 0.211261 0.740199
0.803199 0.16642 0.156157 0.178489 0.179737 0.231643 0.179987 0.165708 0.78769 0.746748 0.213677 0.15545 0.212389 0.179663 0.179885 0.189128 0.210408 0.181004 0.186855 0.182215 0.80795 0.136209 0.242933 0.211261 0.740199
0.803199 0.16642 0.156157 0.178489 0.179737 0.231643 0.179987 0.165708 0.78769 0.746748 0.213677 0.15545 0.212389 0.179663 0.179885 0.189128 0.210408 0.181004 0.186855 0.182215 0.80795 0.136209 0.242933 0.211261 0.740199
0.803199 0.16642 0.156157 0.178489 0.179737 0.231643 0.179987 0.165708 0.78769 0.746748 0.213677 0.15545 0.212389 0.179663 0.179885 0.189128 0.210408 0.181004 0.186855 0.182215 0.80795 0.136209 0.242933 0.211261 0.740199
0.803199 0.16642 0.156157 0.178489 0.179737 0.231643 0.179987 0.165708 0.78769 0.746748 0.213677 0.15545 0.212389 0.179663 0.179885 0.189128 0.210408 0.181004 0.186855 0.182215 0.80795 0.136209 0.242933 0.211261 0.740199
0.803199 0.16642 0.156157 0.178489 0.179737 0.231643 0.179987 0.165708 0.78769 0.746748 0.213677 0.15545 0.212389 0.179663 0.179885 0.189128 0.210408 0.181004 0.186855 0.182215 0.80795 0.136209 0.242933 0.211261 0.740199
0.803199 0.16642 0.156157 0.178489 0.179737 0.231643 0.179987 0.165708 0.78769 0.746748 0.213677 0.15545 0.212389 0.179663 0.179885 0.189128 0.210408 0.181004 0.186855 0.182215 0.80795 0.136209 0.242933 0.211261 0.740199
0.803199 0.16642 0.156157 0.178489 0.179737 0.231643 0.179987 0.165708 0.78769 0.746748 0.213677 0.15545 0.212389 0.179663 0.179885 0.189128 0.210408 0.181004 0.186855 0.182215 0.80795 0.136209 0.242933 0.211261 0.740199
0.803199 0.16642 0.156157 0.178489 0.179737 0.231643 0.179987 0.165708 0.78769 0.746748 0.213677 0.15545 0.212389 0.179663 0.179885 0.189128 0.210408 0.181004 0.186855 0.182215 0.80795 0.136209 0.242933 0.211261 0.740199
0.803199 0.16642 0.156157 0.178489 0.179737 0.231643 0.179987 0.165708 0.78769 0.746748 0.213677 0.15545 0.212389 0.179663 0.179885 0.189128 0.210408 0.181004 0.186855 0.182215 0.80795 0.136209 0.242933 0.211261 0.740199
0.803199 0.16642 0.156157 0.178489 0.179737 0.231643 0.179987 0.165708 0.78769 0.746748 0.213677 0.15545 0.212389 0.179663 0.179885 0.189128 0.210408 0.181004 0.186855 0.182215 0.80795 0.136209 0.242933 0.211261 0.740199
0.803199 0.16642 0.156157 0.178489 0.179737 0.231643 0.179987 0.165708 0.78769 0.746748 0.213677 0.15545 0.212389 0.179663 0.179885 0.189128 0.210408 0.181004 0.186855 0.182215 0.80795 0.136209 0.242933 0.211261 0.740199
0.803199 0.16642 0.156157 0.178489 0.179737 0.231643 0.179987 0.165708 0.78769 0.746748 0.213677 0.15545 0.212389 0.179663 0.179885 0.189128 0.210408 0.181004 0.186855 0.182215 0.80795 0.136209 0.242933 0.211261 0.740199
0.803199 0.16642 0.156157 0.178489 0.179737 0.231643 0.179987 0.165708 0.78769 0.746748 0.213677 0.15545 0.212389 0.179663 0.179885 0.189128 0.210408 0.181004 0.186855 0.182215 0.80795 0.136209 0.242933 0.211261 0.740199
0.803199 0.16642 0.156157 0.178489 0.179737 0.231643 0.179987 0.165708 0.78769 0.746748 0.213677 0.15545 0.212389 0.179663 0.179885 0.189128 0.210408 0.181004 0.186855 0.182215 0.80795 0.136209 0.242933 0.211261 0.740199
0.803199 0.16642 0.156157 0.178489 0.179737 0.231643 0.179987 0.165708 0.78769 0.746748 0.213677 0.15545 0.212389 0.179663 0.179885 0.189128 0.210408 0.181004 0.186855 0.182215 0.80795 0.136209 0.242933 0.211261 0.740199
0.803199 0.16642 0.156157 0.178489 0.179737 0.231643 0.179987 0.165708 0.78769 0.746748 0.213677 0.15545 0.212389 0.179663 0.179885 0.189128 0.210408 0.181004 0.186855 0.182215 0.80795 0.136209 0.242933 0.211261 0.740199
0.803199 0.16642 0.156157 0.178489 0.179737 0.231643 0.179987 0.165708 0.78769 0.746748 0.213677 0.15545 0.212389 0.179663 0.179885 0.189128 0.210408 0.181004 0.186855 0.182215 0.80795 0.136209 0.242933 0.211261 0.740199
0.803199 0.16642 0.156157 0.178489 0.179737 0.231643 0.179987 0.165708 0.78769 0.746748 0.213677 0.15545 0.212389 0.179663 0.179885 0.189128 0.210408 0.181004 0.186855 0.182215 0.80795 0.136209 0.242933 0.211261 0.740199
0.803199 0.16642 0.156157 0.178489 0.179737 0.231643 0.179987 0.165708 0.78769 0.746748 0.213677 0.15545 0.212389 0.179663 0.179885 0.189128 0.210408 0.181004 0.186855 0.182215 0.80795 0.136209 0.242933 0.211261 0.740199
0.803199 0.16642 0.156157 0.178489 0.179737 0.231643 0.179987 0.165708 0.78769 0.746748 0.213677 0.15545 0.212389 0.179663 0.179885 0.189128 0.210408 0.181004 0.186855 0.182215 0.80795 0.136209 0.242933 0.211261 0.740199
0.803199 0.16642 0.156157 0.178489 0.179737 0.231643 0.179987 0.165708 0.78769 0.746748 0.213677 0.15545 0.212389 0.179663 0.179885 0.189128 0.210408 0.181004 0.186855 0.182215 0.80795 0.136209 0.242933 0.211261 0.740199
0.803199 0.16642 0.156157 0.178489 0.179737 0.231643 0.179987 0.165708 0.78769 0.746748 0.213677 0.15545 0.212389 0.179663 0.179885 0.189128 0.210408 0.181004 0.186855 0.182215 0.80795 0.136209 0.242933 0.211261 0.740199
0.803199 0.16642 0.156157 0.178489 0.179737 0.231643 0.179987 0.165708 0.78769 0.746748 0.213677 0.15545 0.212389 0.179663 0.179885 0.189128 0.210408 0.181004 0.186855 0.182215 0.80795 0.136209 0.242933 0.211261 0.740199
0.803199 0.16642 0.156157 0.178489 0.179737 0.231643 0.179987 0.165708 0.78769 0.746748 0.213677 0.15545 0.212389 0.179663 0.179885 0.189128 0.210408 0.181004 0.186855 0.182215 0.80795 0.136209 0.242933 0.211261 0.740199
0.803199 0.16642 0.156157 0.178489 0.179737 0.231643 0.179987 0.165708 0.78769 0.746748 0.213677 0.15545 0.212389 0.179663 0.179885 0.189128 0.210408 0.181004 0.186855 0.182215 0.80795 0.136209 0.242933 0.211261 0.740199
0.803199 0.16642 0.156157 0.178489 0.179737 0.231643 0.179987 0.165708 0.78769 0.746748 0.213677 0.15545 0.212389 0.179663 0.179885 0.189128 0.210408 0.181004 0.186855 0.182215 0.80795 0.136209 0.242933 0.211261 0.740199
0.803199 0.16642 0.156157 0.178489 0.179737 0.231643 0.179987 0.165708 0.78769 0.746748 0.213677 0.15545 0.212389 0.179663 0.179885 0.189128 0.210408 0.181004 0.186855 0.182215 0.80795 0.136209 0.242933 0.211261 0.740199
0.803199 0.16642 0.156157 0.178489 0.179737 0.231643 0.179987 0.165708 0.78769 0.746748 0.213677 0.15545 0.212389 0.179663 0.179885 0.189128 0.210408 0.181004 0.186855 0.182215 0.80795 0.136209 0.242933 0.211261 0.740199
0.803199 0.16642 0.156157 0.178489 0.179737 0.231643 0.179987 0.165708 0.78769 0.746748 0.213677 0.15545 0.212389 0.179663 0.179885 0.189128 0.210408 0.181004 0.186855 0.182215 0.80795 0.136209 0.242933 0.211261 0.740199
0.803199 0.16642 0.156157 0.178489 0.179737 0.231643 0.179987 0.165708 0.78769 0.746748 0.213677 0.15545 0.212389 0.179663 0.179885 0.189128 0.210408 0.181004 0.186855 0.182215 0.80795 0.136209 0.242933 0.211261 0.740199
0.803199 0.16642 0.156157 0.178489 0.179737 0.231643 0.179987 0.165708 0.78769 0.746748 0.213677 0.15545 0.212389 0.179663 0.179885 0.189128 0.210408 0.181004 0.186855 0.182215 0.80795 0.136209 0.242933 0.211261 0.740199
0.803199 0.16642 0.156157 0.178489 0.179737 0.231643 0.179987 0.165708 0.78769 0.746748 0.213677 0.15545 0.212389 0.179663 0.179885 0.189128 0.210408 0.181004 0.186855 0.182215 0.80795 0.136209 0.242933 0.211261 0.740199
0.803199 0.16642 0.156157 0.178489 0.179737 0.231643 0.179987 0.165708 0.78769 0.746748 0.213677 0.15545 0.212389 0.179663 0.179885 0.189128 0.210408 0.181004 0.186855 0.182215 0.80795 0.136209 0.242933 0.211261 0.740199
0.803199 0.16642 0.156157 0.178489 0.179737 0.231643 0.179987 0.165708 0.78769 0.746748 0.213677 0.15545 0.212389 0.179663 0.179885 0.189128 0.210408 0.181004 0.186855 0.182215 0.80795 0.136209 0.242933 0.211261 0.740199
0.803199 0.16642 0.156157 0.178489 0.179737 0.231643 0.179987 0.165708 0.78769 0.746748 0.213677 0.15545 0.212389 0.179663 0.179885 0.189128 0.210408 0.181004 0.186855 0.182215 0.80795 0.136209 0.242933 0.211261 0.740199
0.803199 0.16642 0.156157 0.178489 0.179737 0.231643 0.179987 0.165708 0.78769 0.746748 0.213677 0.15545 0.212389 0.179663 0.179885 0.189128 0.210408 0.181004 0.186855 0.182215 0.80795 0.136209 0.242933 0.211261 0.740199
0.803199 0.16642 0.156157 0.178489 0.179737 0.231643 0.179987 0.165708 0.78769 0.746748 0.213677 0.15545 0.212389 0.179663 0.179885 0.189128 0.210408 0.181004 0.186855 0.182215 0.80795 0.136209 0.242933 0.211261 0.740199
0.803199 0.16642 0.156157 0.178489 0.179737 0.231643 0.179987 0.165708 0.78769 0.746748 0.213677 0.15545 0.212389 0.179663 0.179885 0.189128 0.210408 0.181004 0.186855 0.182215 0.80795 0.136209 0.242933 0.211261 0.740199
0.803199 0.16642 0.156157 0.178489 0.179737 0.231643 0.179987 0.165708 0.78769 0.746748 0.213677 0.15545 0.212389 0.179663 0.179885 0.189128 0.210408 0.181004 0.186855 0.182215 0.80795 0.136209 0.242933 0.211261 0.740199
0.803199 0.16642 0.156157 0.178489 0.179737 0.231643 0.179987 0.165708 0.78769 0.746748 0.213677 0.15545 0.212389 0.179663 0.179885 0.189128 0.210408 0.181004 0.186855 0.182215 0.80795 0.136209 0.242933 0.211261 0.740199
0.803199 0.16642 0.156157 0.178489 0.179737 0.231643 0.179987 0.165708 0.78769 0.746748 0.213677 0.15545 0.212389 0.179663 0.179885 0.189128 0.210408 0.181004 0.186855 0.182215 0.80795 0.136209 0.242933 0.211261 0.740199
0.803199 0.16642 0.156157 0.178489 0.179737 0.231643 0.179987 0.165708 0.78769 0.746748 0.213677 0.15545 0.212389 0.179663 0.179885 0.189128 0.210408 0.181004 0.186855 0.182215 0.80795 0.136209 0.242933 0.211261 0.740199
0.803199 0.16642 0.156157 0.178489 0.179737 0.231643 0.179987 0.165708 0.78769 0.746748 0.213677 0.15545 0.212389 0.179663 0.179885 0.189128 0.210408 0.181004 0.186855 0.182215 0.80795 0.136209 0.242933 0.211261 0.740199
0.803199 0.16642 0.156157 0.178489 0.179737 0.231643 0.179987 0.165708 0.78769 0.746748 0.213677 0.15545 0.212389 0.179663 0.179885 0.189128 0.210408 0.181004 0.186855 0.182215 0.80795 0.136209 0.242933 0.211261 0.740199
0.803199 0.16642 0.156157 0.178489 0.179737 0.231643 0.179987 0.165708 0.78769 0.746748 0.213677 0.15545 0.212389 0.179663 0.179885 0.189128 0.210408 0.181004 0.186855 0.182215 0.80795 0.136209 0.242933 0.211261 0.740199
0.803199 0.16642 0.156157 0.178489 0.179737 0.231643 0.179987 0.165708 0.78769 0.746748 0.213677 0.15545 0.212389 0.179663 0.179885 0.189128 0.210408 0.181004 0.186855 0.182215 0.80795 0.136209 0.242933 0.211261 0.740199
0.803199 0.16642 0.156157 0.178489 0.179737 0.231643 0.179987 0.165708 0.78769 0.746748 0.213677 0.15545 0.212389 0.179663 0.179885 0.189128 0.210408 0.181004 0.186855 0.182215 0.80795 0.136209 0.242933 0.211261 0.740199
0.803199 0.16642 0.156157 0.178489 0.179737 0.231643 0.179987 0.165708 0.78769 0.746748 0.213677 0.15545 0.212389 0.179663 0.179885 0.189128 0.210408 0.181004 0.186855 0.182215 0.80795 0.136209 0.242933 0.211261 0.740199
0.803199 0.16642 0.156157 0.178489 0.179737 0.231643 0.179987 0.165708 0.78769 0.746748 0.213677 0.15545 0.212389 0.179663 0.179885 0.189128 0.210408 0.181004 0.186855 0.182215 0.80795 0.136209 0.242933 0.211261 0.740199
0.803199 0.16642 0.156157 0.178489 0.179737 0.231643 0.179987 0.165708 0.78769 0.746748 0.213677 0.15545 0.212389 0.179663 0.179885 0.189128 0.210408 0.181004 0.186855 0.182215 0.80795 0.136209 0.242933 0.211261 0.740199
0.803199 0.16642 0.156157 0.178489 0.179737 0.231643 0.179987 0.165708 0.78769 0.746748 0.213677 0.15545 0.212389 0.179663 0.179885 0.189128 0.210408 0.181004 0.186855 0.182215 0.80795 0.136209 0.242933 0.211261 0.740199
0.803199 0.16642 0.156157 0.178489 0.179737 0.231643 0.179987 0.165708 0.78769 0.746748 0.213677 0.15545 0.212389 0.179663 0.179885 0.189128 0.210408 0.181004 0.186855 0.182215 0.80795 0.136209 0.242933 0.211261 0.740199
0.803199 0.16642 0.156157 0.178489 0.179737 0.231643 0.179987 0.165708 0.78769 0.746748 0.213677 0.15545 0.212389 0.179663 0.179885 0.189128 0.210408 0.181004 0.186855 0.182215 0.80795 0.136209 0.242933 0.211261 0.740199
0.803199 0.16642 0.156157 0.178489 0.179737 0.231643 0.179987 0.165708 0.78769 0.746748 0.213677 0.15545 0.212389 0.179663 0.179885 0.189128 0.210408 0.181004 0.186855 0.182215 0.80795 0.136209 0.242933 0.211261 0.740199
0.803199 0.16642 0.156157 0.178489 0.179737 0.231643 0.179987 0.165708 0.78769 0.746748 0.213677 0.15545 0.212389 0.179663 0.179885 0.189128 0.210408 0.181004 0.186855 0.182215 0.80795 0.136209 0.242933 0.211261 0.740199
0.803199 0.16642 0.156157 0.178489 0.179737 0.231643 0.179987 0.165708 0.78769 0.746748 0.213677 0.15545 0.212389 0.179663 0.179885 0.189128 0.210408 0.181004 0.186855 0.182215 0.80795 0.136209 0.242933 0.211261 0.740199
0.803199 0.16642 0.156157 0.178489 0.179737 0.231643 0.179987 0.165708 0.78769 0.746748 0.213677 0.15545 0.212389 0.179663 0.179885 0.189128 0.210408 0.181004 0.186855 0.182215 0.80795 0.136209 0.242933 0.211261 0.740199
0.803199 0.16642 0.156157 0.178489 0.179737 0.231643 0.179987 0.165708 0.78769 0.746748 0.213677 0.15545 0.212389 0.179663 0.179885 0.189128 0.210408 0.181004 0.186855 0.182215 0.80795 0.136209 0.242933 0.211261 0.740199
0.803199 0.16642 0.156157 0.178489 0.179737 0.231643 0.179987 0.165708 0.78769 0.746748 0.213677 0.15545 0.212389 0.179663 0.179885 0.189128 0.210408 0.181004 0.186855 0.182215 0.80795 0.136209 0.242933 0.211261 0.740199
0.803199 0.16642 0.156157 0.178489 0.179737 0.231643 0.179987 0.165708 0.78769 0.746748 0.213677 0.15545 0.212389 0.179663 0.179885 0.189128 0.210408 0.181004 0.186855 0.182215 0.80795 0.136209 0.242933 0.211261 0.740199
0.803199 0.16642 0.156157 0.178489 0.179737 0.231643 0.179987 0.165708 0.78769 0.746748 0.213677 0.15545 0.212389 0.179663 0.179885 0.189128 0.210408 0.181004 0.186855 0.182215 0.80795 0.136209 0.242933 0.211261 0.740199
0.803199 0.16642 0.156157 0.178489 0.179737 0.231643 0.179987 0.165708 0.78769 0.746748 0.213677 0.15545 0.212389 0.179663 0.179885 0.189128 0.210408 0.181004 0.186855 0.182215 0.80795 0.136209 0.242933 0.211261 0.740199
0.803199 0.16642 0.156157 0.178489 0.179737 0.231643 0.179987 0.165708 0.78769 0.746748 0.213677 0.15545 0.212389 0.179663 0.179885 0.189128 0.210408 0.181004 0.186855 0.182215 0.80795 0.136209 0.242933 0.211261 0.740199
0.803199 0.16642 0.156157 0.178489 0.179737 0.231643 0.179987 0.165708 0.78769 0.746748 0.213677 0.15545 0.212389 0.179663 0.179885 0.189128 0.210408 0.181004 0.186855 0.182215 0.80795 0.136209 0.242933 0.211261 0.740199
0.803199 0.16642 0.156157 0.178489 0.179737 0.231643 0.179987 0.165708 0.78769 0.746748 0.213677 0.15545 0.212389 0.179663 0.179885 0.189128 0.210408 0.181004 0.186855 0.182215 0.80795 0.136209 0.242933 0.211261 0.740199
0.803199 0.16642 0.156157 0.178489 0.179737 0.231643 0.179987 0.165708 0.78769 0.746748 0.213677 0.15545 0.212389 0.179663 0.179885 0.189128 0.210408 0.181004 0.186855 0.182215 0.80795 0.136209 0.242933 0.211261 0.740199
0.803199 0.16642 0.156157 0.178489 0.179737 0.231643 0.179987 0.165708 0.78769 0.746748 0.213677 0.15545 0.212389 0.179663 0.179885 0.189128 0.210408 0.181004 0.186855 0.182215 0.80795 0.136209 0.242933 0.211261 0.740199
0.803199 0.16642 0.156157 0.178489 0.179737 0.231643 0.179987 0.165708 0.78769 0.746748 0.213677 0.15545 0.212389 0.179663 0.179885 0.189128 0.210408 0.181004 0.186855 0.182215 0.80795 0.136209 0.242933 0.211261 0.740199
0.803199 0.16642 0.156157 0.178489 0.179737 0.231643 0.179987 0.165708 0.78769 0.746748 0.213677 0.15545 0.212389 0.179663 0.179885 0.189128 0.210408 0.181004 0.186855 0.182215 0.80795 0.136209 0.242933 0.211261 0.740199
0.803199 0.16642 0.156157 0.178489 0.179737 0.231643 0.179987 0.165708 0.78769 0.746748 0.213677 0.15545 0.212389 0.179663 0.179885 0.189128 0.210408 0.181004 0.186855 0.182215 0.80795 0.136209 0.242933 0.211261 0.740199
0.803199 0.16642 0.156157 0.178489 0.179737 0.231643 0.179987 0.165708 0.78769 0.746748 0.213677 0.15545 0.212389 0.179663 0.179885 0.189128 0.210408 0.181004 0.186855 0.182215 0.80795 0.136209 0.242933 0.211261 0.740199
0.803199 0.16642 0.156157 0.178489 0.179737 0.231643 0.179987 0.165708 0.78769 0.746748 0.213677 0.15545 0.212389 0.179663 0.179885 0.189128 0.210408 0.181004 0.186855 0.182215 0.80795 0.136209 0.242933 0.211261 0.740199
0.803199 0.16642 0.156157 0.178489 0.179737 0.231643 0.179987 0.165708 0.78769 0.746748 0.213677 0.15545 0.212389 0.179663 0.179885 0.189128 0.210408 0.181004 0.186855 0.182215 0.80795 0.136209 0.242933 0.211261 0.740199
0.803199 0.16642 0.156157 0.178489 0.179737 0.231643 0.179987 0.165708 0.78769 0.746748 0.213677 0.15545 0.212389 0.179663 0.179885 0.189128 0.210408 0.181004 0.186855 0.182215 0.80795 0.136209 0.242933 0.211261 0.740199
0.803199 0.16642 0.156157 0.178489 0.179737 0.231643 0.179987 0.165708 0.78769 0.746748 0.213677 0.15545 0.212389 0.179663 0.179885 0.189128 0.210408 0.181004 0.186855 0.182215 0.80795 0.136209 0.242933 0.211261 0.740199
0.803199 0.16642 0.156157 0.178489 0.179737 0.231643 0.179987 0.165708 0.78769 0.746748 0.213677 0.15545 0.212389 0.179663 0.179885 0.189128 0.210408 0.181004 0.186855 0.182215 0.80795 0.136209 0.242933 0.211261 0.740199
0.803199 0.16642 0.156157 0.178489 0.179737 0.231643 0.179987 0.165708 0.78769 0.746748 0.213677 0.15545 0.212389 0.179663 0.179885 0.189128 0.210408 0.181004 0.186855 0.182215 0.80795 0.136209 0.242933 0.211261 0.740199
0.803199 0.16642 0.156157 0.178489 0.179737 0.231643 0.179987 0.165708 0.78769 0.746748 0.213677 0.15545 0.212389 0.179663 0.179885 0.189128 0.210408 0.181004 0.186855 0.182215 0.80795 0.136209 0.242933 0.211261 0.740199
0.803199 0.16642 0.156157 0.178489 0.179737 0.231643 0.179987 0.165708 0.78769 0.746748 0.213677 0.15545 0.212389 0.179663 0.179885 0.189128 0.210408 0.181004 0.186855 0.182215 0.80795 0.136209 0.242933 0.211261 0.740199
0.803199 0.16642 0.156157 0.178489 0.179737 0.231643 0.179987 0.165708 0.78769 0.746748 0.213677 0.15545 0.212389 0.179663 0.179885 0.189128 0.210408 0.181004 0.186855 0.182215 0.80795 0.136209 0.242933 0.211261 0.740199
0.803199 0.16642 0.156157 0.178489 0.179737 0.231643 0.179987 0.165708 0.78769 0.746748 0.213677 0.15545 0.212389 0.179663 0.179885 0.189128 0.210408 0.181004 0.186855 0.182215 0.80795 0.136209 0.242933 0.211261 0.740199
0.803199 0.16642 0.156157 0.178489 0.179737 0.231643 0.179987 0.165708 0.78769 0.746748 0.213677 0.15545 0.212389 0.179663 0.179885 0.189128 0.210408 0.181004 0.186855 0.182215 0.80795 0.136209 0.242933 0.211261 0.740199
0.803199 0.16642 0.156157 0.178489 0.179737 0.231643 0.179987 0.165708 0.78769 0.746748 0.213677 0.15545 0.212389 0.179663 0.179885 0.189128 0.210408 0.181004 0.186855 0.182215 0.80795 0.136209 0.242933 0.211261 0.740199
0.803199 0.16642 0.156157 0.178489 0.179737 0.231643 0.179987 0.165708 0.78769 0.746748 0.213677 0.15545 0.212389 0.179663 0.179885 0.189128 0.210408 0.181004 0.186855 0.182215 0.80795 0.136209 0.242933 0.211261 0.740199
0.803199 0.16642 0.156157 0.178489 0.179737 0.231643 0.179987 0.165708 0.78769 0.746748 0.213677 0.15545 0.212389 0.179663 0.179885 0.189128 0.210408 0.181004 0.186855 0.182215 0.80795 0.136209 0.242933 0.211261 0.740199
0.803199 0.16642 0.156157 0.178489 0.179737 0.231643 0.179987 0.165708 0.78769 0.746748 0.213677 0.15545 0.212389 0.179663 0.179885 0.189128 0.210408 0.181004 0.186855 0.182215 0.80795 0.136209 0.242933 0.211261 0.740199
0.803199 0.16642 0.156157 0.178489 0.179737 0.231643 0.179987 0.165708 0.78769 0.746748 0.213677 0.15545 0.212389 0.179663 0.179885 0.189128 0.210408 0.181004 0.186855 0.182215 0.80795 0.136209 0.242933 0.211261 0.740199
