0.278514 0.339414 0.337111 0.145459 0.160501 0.280443 0.226492 0.282579 0.32221 0.471677 0.160405 0.167401 0.159664 0.219988 0.28926 0.221409 0.158521 0.227611 0.228476 0.388977 0.244726 0.561392 0.23014 0.159014 0.238141
0.333757 0.337762 0.313371 0.355873 0.266063 0.388779 0.371069 0.37242 0.37475 0.301003 0.231326 0.353704 0.230077 0.330662 0.389865 0.294341 0.228153 0.372602 0.332344 0.33462 0.328533 0.349817 0.28934 0.228983 0.383577
0.311815 0.372066 0.372504 0.207004 0.243592 0.303058 0.272803 0.311645 0.350789 0.502088 0.203169 0.23591 0.201956 0.262928 0.290147 0.303035 0.200088 0.274013 0.27845 0.402508 0.287304 0.543363 0.280759 0.200893 0.27334
0.3224 0.330829 0.316015 0.340507 0.242216 0.374247 0.351342 0.357241 0.368721 0.309586 0.218955 0.320857 0.217654 0.322935 0.38402 0.275763 0.215651 0.352797 0.309944 0.341921 0.329793 0.389669 0.269139 0.216514 0.373369
0.312808 0.365411 0.366269 0.22347 0.251154 0.310654 0.287486 0.323027 0.35798 0.489225 0.206387 0.256522 0.205133 0.266224 0.287079 0.311628 0.203205 0.288746 0.287108 0.397948 0.290782 0.5174 0.278056 0.204036 0.284791
0.317664 0.332338 0.322708 0.33279 0.239831 0.366002 0.342543 0.349812 0.369851 0.323856 0.216759 0.307653 0.21546 0.319404 0.372581 0.27558 0.21346 0.34397 0.300988 0.348632 0.331406 0.411392 0.264918 0.214321 0.367757
0.312672 0.358395 0.360334 0.235228 0.252373 0.315247 0.294969 0.329713 0.362706 0.474741 0.207457 0.265286 0.206197 0.269526 0.288237 0.311494 0.204258 0.296253 0.290014 0.395113 0.295334 0.504129 0.273575 0.205093 0.293412
0.314764 0.333997 0.326872 0.325744 0.240855 0.360021 0.337286 0.346643 0.372454 0.336029 0.215612 0.301053 0.214316 0.31509 0.360937 0.27783 0.212323 0.338697 0.296165 0.354125 0.331306 0.424274 0.263141 0.213182 0.363234
0.312412 0.35345 0.35557 0.244469 0.25289 0.318512 0.299619 0.333933 0.3671 0.461259 0.208135 0.269809 0.206872 0.272847 0.290134 0.3096 0.204928 0.300917 0.29088 0.392928 0.300094 0.496573 0.270085 0.205766 0.300705
0.313046 0.335279 0.329067 0.319262 0.242853 0.355106 0.33348 0.345619 0.375551 0.345642 0.214771 0.297121 0.213479 0.310844 0.350641 0.280329 0.211491 0.33488 0.293322 0.35881 0.330828 0.433436 0.262102 0.212348 0.359349
0.312168 0.350227 0.351413 0.251698 0.253541 0.320917 0.302856 0.336982 0.371486 0.449055 0.208644 0.272612 0.207378 0.275656 0.291809 0.307381 0.205431 0.304165 0.290858 0.391127 0.30453 0.491821 0.267523 0.20627 0.306958
0.312094 0.336397 0.329913 0.313363 0.245218 0.350882 0.330414 0.345673 0.378936 0.35295 0.214098 0.294442 0.212809 0.306984 0.341759 0.282588 0.210826 0.331805 0.291526 0.362824 0.330425 0.440799 0.261407 0.211681 0.355987
0.312011 0.34823 0.34751 0.257307 0.254481 0.322656 0.305239 0.339482 0.375926 0.438023 0.209048 0.274641 0.207781 0.277861 0.29304 0.305234 0.205831 0.306555 0.290458 0.389669 0.308551 0.48872 0.265652 0.206671 0.312291
0.311633 0.337533 0.329789 0.30801 0.24775 0.347177 0.327808 0.346303 0.382554 0.358282 0.213544 0.292466 0.212257 0.303543 0.334056 0.284496 0.210277 0.329192 0.290307 0.36628 0.330235 0.447145 0.260927 0.21113 0.353084
0.311965 0.347116 0.343682 0.261609 0.255715 0.323857 0.30703 0.34172 0.380445 0.42798 0.209376 0.276273 0.208108 0.279513 0.293786 0.303268 0.206156 0.308352 0.289919 0.388536 0.312197 0.486763 0.264281 0.206997 0.316798
0.311491 0.33878 0.328921 0.303152 0.250376 0.343881 0.325533 0.347275 0.386388 0.361932 0.213078 0.290962 0.211793 0.300472 0.327288 0.286053 0.209817 0.32691 0.28942 0.369289 0.330293 0.452846 0.260602 0.210669 0.350574
0.312025 0.346667 0.339838 0.264848 0.257219 0.324617 0.308374 0.343834 0.385062 0.41874 0.209643 0.277679 0.208373 0.280689 0.294055 0.301502 0.20642 0.309701 0.289347 0.387709 0.315532 0.485698 0.263274 0.207262 0.320569
0.311555 0.340178 0.327448 0.298733 0.253075 0.34091 0.323514 0.348473 0.390441 0.364137 0.212683 0.289822 0.2114 0.29771 0.321247 0.287294 0.209427 0.324887 0.288732 0.371953 0.330603 0.45811 0.260395 0.210277 0.348388
0.312175 0.34675 0.335926 0.267214 0.258966 0.325014 0.309365 0.345896 0.389797 0.410137 0.209859 0.278941 0.208588 0.281459 0.293866 0.299925 0.206633 0.310695 0.288791 0.387174 0.318622 0.485376 0.262533 0.207476 0.323683
0.311752 0.341744 0.325458 0.2947 0.255841 0.338201 0.321706 0.349841 0.394718 0.365082 0.212345 0.288986 0.211064 0.295198 0.315769 0.288259 0.209092 0.323074 0.288169 0.374357 0.331153 0.463069 0.260276 0.209942 0.346464
0.312392 0.34728 0.331913 0.268856 0.260939 0.325106 0.310066 0.347948 0.394672 0.402026 0.21003 0.28011 0.208759 0.281883 0.293246 0.298519 0.206803 0.311399 0.288269 0.386915 0.321523 0.485703 0.261989 0.207645 0.326211
0.31203 0.343487 0.323012 0.291003 0.258682 0.335706 0.320072 0.351352 0.399229 0.364916 0.212053 0.288413 0.210773 0.292888 0.310722 0.288989 0.208803 0.321436 0.287687 0.376575 0.33193 0.467821 0.260224 0.209652 0.344742
0.312653 0.348199 0.327778 0.269894 0.263125 0.32494 0.310525 0.350015 0.39971 0.394281 0.210162 0.281217 0.208891 0.282006 0.29222 0.297265 0.206934 0.31186 0.287785 0.386922 0.32428 0.486611 0.261593 0.207777 0.328214
0.312352 0.345413 0.320149 0.287596 0.261609 0.333385 0.318583 0.352993 0.403985 0.36376 0.211798 0.288072 0.210519 0.290739 0.306002 0.28952 0.208551 0.319943 0.287262 0.378668 0.332921 0.47244 0.260218 0.209399 0.34317
0.312934 0.349472 0.3235 0.270424 0.26552 0.324554 0.310779 0.352121 0.404934 0.386794 0.210261 0.282283 0.208988 0.281867 0.290818 0.296143 0.207031 0.312115 0.287338 0.387189 0.326934 0.488045 0.261308 0.207874 0.329742
0.312686 0.347528 0.316902 0.284439 0.264638 0.331207 0.317213 0.35476 0.409 0.361709 0.211573 0.287936 0.210295 0.288714 0.301527 0.289883 0.208329 0.318569 0.286878 0.380689 0.334111 0.476985 0.260243 0.209176 0.341702
0.313214 0.351074 0.319064 0.270525 0.268122 0.323979 0.310854 0.354282 0.410367 0.379473 0.210328 0.283325 0.209055 0.281495 0.289068 0.295138 0.207098 0.312191 0.286928 0.38771 0.329516 0.489962 0.261102 0.207941 0.330838
0.313006 0.349841 0.313293 0.281495 0.267785 0.329147 0.315938 0.356655 0.414287 0.358848 0.211372 0.28798 0.210095 0.286784 0.297231 0.290106 0.20813 0.317292 0.286527 0.382684 0.335487 0.481504 0.260284 0.208976 0.340298
0.31347 0.352989 0.314457 0.270262 0.270936 0.323242 0.310772 0.356516 0.416032 0.372239 0.210368 0.28435 0.209095 0.280915 0.286998 0.294234 0.207137 0.31211 0.286551 0.388482 0.332053 0.492323 0.260953 0.207981 0.331541
0.313289 0.352359 0.309343 0.278731 0.271069 0.327184 0.314737 0.358684 0.419861 0.355247 0.211189 0.288181 0.209912 0.284921 0.293062 0.290214 0.207949 0.316087 0.286204 0.384693 0.337038 0.486034 0.260327 0.208795 0.338923
0.31368 0.355206 0.30967 0.269693 0.273967 0.322364 0.310548 0.358839 0.42195 0.365028 0.210383 0.285366 0.20911 0.280151 0.284637 0.293418 0.207152 0.311886 0.286206 0.389505 0.334568 0.495089 0.260837 0.207995 0.331886
0.313511 0.355091 0.305069 0.276119 0.274508 0.325302 0.313587 0.360853 0.425736 0.350972 0.21102 0.288515 0.209744 0.283107 0.288982 0.290225 0.207782 0.314935 0.285907 0.386751 0.338753 0.490599 0.260358 0.208627 0.33755
0.313823 0.357718 0.304695 0.268866 0.277223 0.321366 0.310193 0.361267 0.428143 0.35779 0.210374 0.286371 0.209102 0.279221 0.282014 0.29268 0.207143 0.311531 0.285891 0.390776 0.33708 0.498225 0.260734 0.207987 0.331904
0.313651 0.358046 0.300489 0.273638 0.27812 0.323484 0.312469 0.363172 0.431927 0.346086 0.210861 0.288959 0.209586 0.281322 0.284959 0.290159 0.207625 0.313815 0.285635 0.388889 0.340622 0.495218 0.260363 0.20847 0.336157
0.313875 0.360521 0.29953 0.267825 0.280712 0.320264 0.309712 0.363818 0.43463 0.350488 0.210345 0.287361 0.209072 0.278143 0.279159 0.292009 0.207115 0.31105 0.285607 0.392299 0.339607 0.501689 0.260624 0.207958 0.331625
0.313684 0.361231 0.295623 0.271267 0.281923 0.32172 0.311361 0.365652 0.438446 0.340648 0.210708 0.289485 0.209434 0.279554 0.280975 0.290028 0.207474 0.312705 0.285391 0.391137 0.342639 0.499895 0.260328 0.208318 0.334728
0.313813 0.363611 0.294179 0.266607 0.284445 0.319074 0.309109 0.366508 0.441428 0.343098 0.210296 0.288327 0.209024 0.276934 0.276101 0.291396 0.207066 0.310447 0.285357 0.394074 0.342163 0.50544 0.260487 0.20791 0.331079
0.313587 0.364654 0.290491 0.268994 0.285935 0.32 0.310243 0.368306 0.445308 0.334722 0.210559 0.290066 0.209286 0.277793 0.277016 0.289847 0.207327 0.311584 0.285176 0.393518 0.344796 0.504624 0.260234 0.208171 0.333253
0.313612 0.366984 0.288648 0.265249 0.28843 0.31781 0.308383 0.369354 0.448554 0.335611 0.210229 0.289253 0.208957 0.275611 0.272871 0.290832 0.207 0.309719 0.285141 0.396104 0.344762 0.509428 0.260299 0.207843 0.330299
0.313334 0.368317 0.285117 0.266807 0.290169 0.318314 0.309093 0.371145 0.452524 0.328373 0.210411 0.29067 0.209139 0.276035 0.273076 0.289624 0.20718 0.310431 0.284994 0.396056 0.34709 0.509389 0.260063 0.208024 0.331731
0.313247 0.370636 0.282949 0.263784 0.292675 0.316482 0.307529 0.372373 0.456022 0.32803 0.210144 0.290118 0.208872 0.274193 0.269503 0.29031 0.206916 0.308864 0.284963 0.39839 0.347416 0.513599 0.260039 0.207759 0.329317
0.312901 0.372223 0.279529 0.2647 0.294641 0.316656 0.307889 0.374186 0.460103 0.321671 0.210262 0.29126 0.20899 0.274277 0.269158 0.289367 0.207033 0.309225 0.284848 0.398769 0.349518 0.51416 0.259794 0.207876 0.330164
0.312693 0.37456 0.277101 0.262241 0.297187 0.3151 0.306541 0.375585 0.463844 0.320373 0.210043 0.290896 0.208772 0.272699 0.266029 0.289822 0.206816 0.307874 0.284827 0.400936 0.350139 0.517888 0.259681 0.207659 0.328167
0.312261 0.376371 0.273759 0.262669 0.29936 0.315018 0.306609 0.377443 0.468055 0.314687 0.210109 0.291796 0.208838 0.272524 0.265266 0.289084 0.206882 0.307944 0.284744 0.401677 0.352079 0.518897 0.259405 0.207725 0.328564
0.311922 0.378749 0.271127 0.260647 0.301971 0.313673 0.305408 0.379006 0.472031 0.312668 0.209927 0.291553 0.208656 0.271148 0.262484 0.289362 0.206701 0.30674 0.284735 0.403745 0.352942 0.522224 0.259199 0.207543 0.326888
0.31139 0.380759 0.267839 0.260714 0.304335 0.313393 0.305232 0.380931 0.476387 0.307501 0.209952 0.292234 0.208681 0.270782 0.261414 0.288779 0.206726 0.306564 0.284684 0.404795 0.354776 0.523545 0.258871 0.207568 0.326945
0.31091 0.383194 0.265055 0.259029 0.30703 0.312207 0.304121 0.382656 0.480591 0.304954 0.209795 0.292049 0.208525 0.269563 0.258903 0.288923 0.206571 0.30545 0.284693 0.406822 0.35584 0.526529 0.258568 0.207413 0.325518
0.310261 0.38538 0.261809 0.258834 0.309572 0.311776 0.303735 0.384666 0.485104 0.300191 0.209788 0.292523 0.208518 0.269062 0.257616 0.288457 0.206564 0.305064 0.284672 0.408138 0.357612 0.528041 0.258168 0.207406 0.32533
0.309632 0.387883 0.258917 0.257408 0.312365 0.310704 0.302666 0.386552 0.489531 0.297277 0.20965 0.292341 0.20838 0.267967 0.255321 0.288502 0.206428 0.303992 0.284701 0.41017 0.358848 0.530714 0.25776 0.207269 0.324099
0.308854 0.390226 0.255709 0.257029 0.315074 0.31016 0.302096 0.388666 0.494211 0.292838 0.209617 0.292608 0.208348 0.267377 0.253891 0.288121 0.206395 0.303422 0.284712 0.411723 0.360595 0.532309 0.25727 0.207236 0.323743
0.308068 0.392805 0.252748 0.255801 0.317975 0.309168 0.30103 0.390712 0.498855 0.28969 0.209491 0.292376 0.208222 0.266385 0.251772 0.288095 0.206271 0.302353 0.284764 0.413798 0.361981 0.534685 0.256749 0.207111 0.322671
0.307147 0.395287 0.249579 0.255299 0.32084 0.308537 0.300296 0.392944 0.50371 0.285519 0.209437 0.292432 0.208169 0.265745 0.250259 0.287776 0.206218 0.301618 0.284806 0.415564 0.363736 0.536267 0.256154 0.207059 0.322213
0.306198 0.397947 0.246584 0.254222 0.323854 0.307598 0.299201 0.395154 0.508569 0.282245 0.209319 0.2921 0.208051 0.264841 0.248288 0.287699 0.206101 0.300521 0.284882 0.417715 0.365258 0.538343 0.255511 0.206941 0.321276
0.305126 0.400554 0.243461 0.253641 0.326865 0.306899 0.298317 0.397518 0.513606 0.278309 0.209249 0.291932 0.207982 0.264184 0.246742 0.287426 0.206032 0.299635 0.284954 0.41968 0.36705 0.539824 0.254797 0.206872 0.320767
0.304009 0.403296 0.240464 0.252679 0.329995 0.305991 0.297168 0.399893 0.518675 0.274996 0.209135 0.291455 0.207868 0.263363 0.244901 0.287316 0.205919 0.298484 0.285055 0.421932 0.368701 0.541588 0.254024 0.206758 0.319951
0.302779 0.406017 0.237395 0.25205 0.333144 0.305239 0.296142 0.402401 0.523898 0.271274 0.209052 0.291047 0.207786 0.262717 0.243359 0.287076 0.205837 0.297456 0.285156 0.42409 0.370553 0.542889 0.253181 0.206677 0.319434
0.301493 0.408841 0.234423 0.251173 0.336388 0.304344 0.29492 0.404943 0.529174 0.26799 0.208939 0.290381 0.207673 0.261977 0.241638 0.286947 0.205725 0.296231 0.285282 0.426467 0.372334 0.544315 0.252271 0.206564 0.31873
0.300103 0.411665 0.231419 0.250516 0.339663 0.303546 0.29376 0.407604 0.534588 0.264473 0.208846 0.289714 0.20758 0.261365 0.240129 0.286735 0.205633 0.295069 0.285411 0.428815 0.374269 0.545366 0.251291 0.206472 0.318239
0.298649 0.414572 0.228493 0.249701 0.343017 0.30265 0.29245 0.410317 0.540068 0.261269 0.208731 0.288822 0.207466 0.260709 0.238522 0.286596 0.20552 0.293757 0.28556 0.431339 0.376182 0.546425 0.250239 0.206359 0.317642
0.2971 0.417495 0.225566 0.249027 0.346407 0.301811 0.291161 0.413137 0.545672 0.25795 0.208629 0.287875 0.207365 0.260153 0.237069 0.286409 0.205419 0.292466 0.285715 0.43388 0.378223 0.547161 0.249118 0.206258 0.317199
0.295483 0.420486 0.222706 0.248252 0.349862 0.300904 0.289756 0.41602 0.551353 0.254864 0.208513 0.286724 0.207249 0.259587 0.235572 0.286272 0.205304 0.291058 0.285886 0.436572 0.380278 0.547821 0.247924 0.206142 0.316706
0.29378 0.423503 0.219865 0.247564 0.353353 0.300026 0.288343 0.419003 0.557146 0.251742 0.208403 0.285478 0.20714 0.259104 0.234192 0.286109 0.205196 0.289642 0.286063 0.439313 0.382444 0.548187 0.246661 0.206033 0.316326
0.292011 0.426581 0.217086 0.24681 0.356895 0.299099 0.286836 0.422056 0.563021 0.2488 0.208283 0.28404 0.207021 0.258637 0.232804 0.285983 0.205078 0.288132 0.286253 0.442191 0.384653 0.548412 0.245325 0.205915 0.315932
0.290164 0.429694 0.214341 0.246107 0.360469 0.298183 0.285305 0.425201 0.568998 0.245872 0.208167 0.282479 0.206905 0.258245 0.231508 0.285847 0.204963 0.286597 0.28645 0.445144 0.386967 0.548357 0.243922 0.2058 0.315623
0.288254 0.432864 0.211656 0.245356 0.36408 0.29723 0.283695 0.428418 0.575057 0.243091 0.208044 0.280734 0.206782 0.257888 0.230227 0.285741 0.204841 0.284985 0.286658 0.448226 0.389344 0.548115 0.242451 0.205677 0.315318
0.286278 0.436076 0.209014 0.244629 0.367713 0.296275 0.282051 0.43172 0.581208 0.240353 0.207921 0.278849 0.20666 0.257603 0.229022 0.285635 0.20472 0.283337 0.286872 0.451402 0.391827 0.547595 0.240915 0.205556 0.315078
0.284247 0.439347 0.206431 0.243865 0.371367 0.295292 0.280341 0.435091 0.587435 0.23774 0.207794 0.276787 0.206533 0.257369 0.227846 0.285557 0.204594 0.281623 0.287095 0.454708 0.394392 0.546853 0.239315 0.205429 0.31485
0.28216 0.442669 0.203899 0.243105 0.375027 0.2943 0.278591 0.438537 0.593742 0.23519 0.207666 0.274575 0.206406 0.257209 0.226737 0.285488 0.204467 0.279869 0.287325 0.458121 0.397067 0.54583 0.237656 0.205302 0.314668
0.280028 0.446053 0.201427 0.242312 0.378688 0.293284 0.276783 0.442047 0.600116 0.232749 0.207534 0.272195 0.206274 0.257112 0.225665 0.285445 0.204337 0.278058 0.287563 0.461665 0.39984 0.544559 0.235939 0.205171 0.314497
0.277854 0.449497 0.19901 0.241507 0.382335 0.292258 0.274935 0.445619 0.606555 0.23038 0.2074 0.269665 0.206142 0.257095 0.224651 0.285419 0.204205 0.276206 0.287808 0.46533 0.40273 0.543001 0.23417 0.205039 0.314354
0.275648 0.453011 0.196654 0.240668 0.385958 0.291211 0.273038 0.449243 0.613044 0.22811 0.207264 0.266977 0.206006 0.257154 0.223679 0.28542 0.20407 0.274304 0.288061 0.469129 0.405734 0.541174 0.232352 0.204904 0.314213
0.273414 0.456598 0.194356 0.239808 0.389538 0.290152 0.271101 0.452912 0.619578 0.225916 0.207126 0.264148 0.205868 0.257301 0.222761 0.285443 0.203934 0.272364 0.288324 0.473057 0.408865 0.539053 0.230488 0.204767 0.314079
0.271162 0.460266 0.192122 0.238911 0.393061 0.289078 0.269122 0.456616 0.626143 0.223815 0.206985 0.261177 0.205728 0.257536 0.221886 0.285495 0.203795 0.27038 0.288599 0.477124 0.412125 0.536646 0.228584 0.204628 0.313933
0.268899 0.46402 0.189949 0.237984 0.396507 0.287994 0.267108 0.460345 0.632727 0.221792 0.206843 0.25808 0.205587 0.25787 0.221059 0.285573 0.203654 0.268361 0.288885 0.481329 0.415525 0.533938 0.226645 0.204487 0.31377
0.266634 0.46787 0.18784 0.237018 0.399857 0.286898 0.265057 0.464085 0.639315 0.219856 0.206698 0.254864 0.205443 0.258305 0.220275 0.285682 0.203511 0.266306 0.289188 0.485678 0.41907 0.530931 0.224675 0.204343 0.313572
0.264375 0.471824 0.185796 0.236015 0.403086 0.285796 0.262977 0.467823 0.645893 0.217999 0.206552 0.251544 0.205297 0.258852 0.219536 0.285822 0.203367 0.264221 0.28951 0.490171 0.42277 0.527614 0.222679 0.204199 0.31333
0.262132 0.475894 0.183817 0.234972 0.406171 0.284688 0.260867 0.471543 0.652445 0.216225 0.206404 0.248131 0.20515 0.259515 0.218837 0.285995 0.203221 0.262106 0.289854 0.494813 0.426632 0.523987 0.220662 0.204052 0.313024
0.259913 0.480088 0.181905 0.233888 0.409084 0.283577 0.258733 0.475228 0.658953 0.214532 0.206256 0.244642 0.205002 0.260303 0.218178 0.286202 0.203074 0.259967 0.290226 0.499606 0.430668 0.520042 0.218629 0.203905 0.312643
0.257729 0.484421 0.18006 0.232762 0.411796 0.282466 0.256577 0.47886 0.665401 0.212921 0.206105 0.241091 0.204853 0.261225 0.217556 0.286443 0.202925 0.257806 0.290631 0.504554 0.434886 0.515776 0.216586 0.203756 0.312165
0.255587 0.488904 0.178283 0.231595 0.414278 0.281357 0.254405 0.482419 0.67177 0.211391 0.205954 0.237495 0.204702 0.262288 0.216971 0.28672 0.202776 0.255628 0.291076 0.50966 0.439299 0.511182 0.214538 0.203606 0.311573
0.253498 0.493553 0.176574 0.230385 0.416496 0.280253 0.252217 0.485884 0.678042 0.209943 0.205803 0.233872 0.204551 0.263502 0.216419 0.287033 0.202626 0.253436 0.291568 0.514928 0.443918 0.506255 0.212489 0.203456 0.310848
0.251472 0.498383 0.174935 0.229134 0.418416 0.279155 0.250021 0.489231 0.684201 0.208579 0.205651 0.230237 0.2044 0.264876 0.215897 0.287383 0.202476 0.251234 0.292116 0.520362 0.448758 0.500988 0.210443 0.203305 0.309968
0.249517 0.50341 0.173365 0.227841 0.420004 0.278067 0.247818 0.492438 0.690228 0.2073 0.205498 0.226608 0.204249 0.266418 0.215403 0.287771 0.202326 0.249025 0.292728 0.525969 0.453834 0.495376 0.208405 0.203154 0.308912
0.247643 0.508652 0.171863 0.226509 0.421222 0.276988 0.245613 0.495481 0.696109 0.206106 0.205346 0.223001 0.204097 0.26814 0.214935 0.288195 0.202175 0.246815 0.293415 0.531753 0.459162 0.489409 0.20638 0.203003 0.307658
0.245859 0.514126 0.170431 0.225138 0.422035 0.275921 0.24341 0.498333 0.701828 0.205001 0.205194 0.219432 0.203946 0.27005 0.214488 0.288656 0.202025 0.244607 0.294188 0.537721 0.464761 0.48308 0.204369 0.202853 0.306186
0.244175 0.519852 0.169067 0.22373 0.422405 0.274865 0.241214 0.50097 0.707372 0.203987 0.205043 0.215915 0.203795 0.272157 0.21406 0.289154 0.201876 0.242405 0.295058 0.543879 0.47065 0.47638 0.202378 0.202703 0.304473
0.2426 0.525849 0.16777 0.222286 0.422295 0.27382 0.239028 0.503364 0.71273 0.203066 0.204892 0.212464 0.203645 0.274473 0.213646 0.289687 0.201726 0.240213 0.296041 0.550236 0.476849 0.469298 0.200407 0.202553 0.302498
0.241142 0.532136 0.16654 0.220808 0.421668 0.272784 0.236855 0.505491 0.717893 0.202241 0.204741 0.209092 0.203495 0.277006 0.213242 0.290255 0.201578 0.238034 0.297148 0.556798 0.483381 0.461824 0.198459 0.202404 0.300243
0.23981 0.538731 0.165375 0.219296 0.420489 0.271755 0.2347 0.507324 0.722851 0.201517 0.204591 0.20581 0.203346 0.279766 0.212845 0.290854 0.20143 0.235873 0.298395 0.563574 0.490268 0.45395 0.196536 0.202255 0.29769
0.238612 0.545651 0.164274 0.217753 0.418724 0.270729 0.232565 0.508838 0.7276 0.200895 0.204442 0.202627 0.203197 0.28276 0.212448 0.291484 0.201282 0.233733 0.299797 0.570569 0.497533 0.445665 0.19464 0.202107 0.294824
0.237556 0.552913 0.163236 0.216178 0.416343 0.269701 0.230455 0.510008 0.732137 0.200381 0.204293 0.199554 0.203049 0.285997 0.212048 0.29214 0.201135 0.231617 0.301372 0.577789 0.505198 0.436963 0.192769 0.201959 0.291633
0.236651 0.560528 0.16226 0.214574 0.413318 0.268666 0.228372 0.510812 0.736458 0.199978 0.204144 0.196598 0.202901 0.289482 0.211637 0.292818 0.200988 0.229529 0.303134 0.585236 0.513284 0.42784 0.190926 0.201812 0.28811
0.235904 0.568506 0.161345 0.212941 0.409628 0.267616 0.226319 0.511227 0.740564 0.19969 0.203996 0.193767 0.202753 0.293219 0.211211 0.293514 0.200841 0.22747 0.305102 0.59291 0.521808 0.418295 0.189111 0.201665 0.284253
0.235322 0.576849 0.160491 0.21128 0.405256 0.266543 0.224299 0.511234 0.744457 0.199521 0.203847 0.191068 0.202605 0.297211 0.210764 0.294221 0.200694 0.225444 0.307292 0.600807 0.530783 0.408333 0.187323 0.201517 0.280065
0.234912 0.585553 0.159696 0.209592 0.400193 0.265437 0.222315 0.510817 0.748139 0.199475 0.203698 0.188507 0.202456 0.301455 0.21029 0.29493 0.200547 0.223455 0.309721 0.608916 0.540216 0.397968 0.185562 0.201369 0.275557
0.234678 0.594609 0.158961 0.207878 0.394441 0.264287 0.220371 0.509962 0.751612 0.199555 0.203548 0.186091 0.202307 0.305945 0.209781 0.295633 0.200398 0.221505 0.312404 0.617219 0.550106 0.387223 0.183831 0.201221 0.270747
0.234625 0.603995 0.158286 0.206142 0.388011 0.263083 0.218469 0.50866 0.754882 0.199764 0.203397 0.183827 0.202157 0.31067 0.209234 0.296318 0.200249 0.219598 0.315356 0.625692 0.56044 0.37613 0.18213 0.201071 0.265662
0.234755 0.613679 0.157672 0.204385 0.38093 0.261812 0.216615 0.506907 0.757953 0.200103 0.203245 0.181721 0.202005 0.315611 0.208642 0.296971 0.200099 0.217738 0.31859 0.634301 0.571195 0.364735 0.180461 0.20092 0.260336
0.235069 0.623618 0.157119 0.202612 0.373237 0.260465 0.214813 0.504703 0.760828 0.200571 0.203092 0.179782 0.201853 0.320743 0.208003 0.297578 0.199948 0.215931 0.322115 0.643003 0.582332 0.3531 0.178828 0.200769 0.254813
0.235564 0.633758 0.156629 0.200828 0.364988 0.25903 0.213069 0.502056 0.763513 0.201166 0.202937 0.178017 0.2017 0.326032 0.207313 0.298122 0.199796 0.214182 0.325939 0.651745 0.593795 0.341298 0.177234 0.200616 0.249145
0.236234 0.644032 0.156203 0.19904 0.356256 0.257498 0.211389 0.49898 0.76601 0.201884 0.202783 0.176433 0.201546 0.331434 0.206573 0.298585 0.199643 0.212497 0.330064 0.660466 0.605515 0.329417 0.175687 0.200463 0.243392
0.237069 0.654362 0.155842 0.197259 0.347127 0.255863 0.209782 0.495493 0.768325 0.202716 0.202628 0.175037 0.201391 0.336896 0.205783 0.298947 0.19949 0.210886 0.334491 0.669099 0.617406 0.317558 0.174192 0.200309 0.237618
0.238056 0.664663 0.155546 0.195493 0.337706 0.254121 0.208255 0.491624 0.770459 0.203651 0.202473 0.173835 0.201238 0.342354 0.20495 0.299191 0.199337 0.209354 0.339214 0.677569 0.629366 0.305828 0.172758 0.200156 0.231892
0.239176 0.674843 0.155315 0.193756 0.328105 0.252272 0.206817 0.487402 0.772417 0.204675 0.202321 0.172832 0.201086 0.347739 0.204082 0.299296 0.199187 0.207911 0.344224 0.685803 0.641287 0.294342 0.171393 0.200005 0.226282
0.240406 0.684809 0.15515 0.192062 0.318444 0.250319 0.205475 0.482866 0.774202 0.205771 0.202171 0.172029 0.200937 0.352972 0.203189 0.299247 0.199039 0.206566 0.349508 0.693726 0.653052 0.283213 0.170108 0.199857 0.220855
0.24172 0.694471 0.155048 0.190425 0.308848 0.248271 0.204238 0.478051 0.775819 0.206919 0.202026 0.171425 0.200793 0.357971 0.202287 0.29903 0.198896 0.205325 0.355052 0.701272 0.664544 0.272548 0.168911 0.199713 0.215671
0.243089 0.703745 0.155007 0.18886 0.299435 0.246139 0.203111 0.472998 0.777274 0.208098 0.201888 0.171016 0.200655 0.362655 0.201391 0.298634 0.198758 0.204195 0.360837 0.708382 0.675654 0.262442 0.167811 0.199576 0.210785
0.244483 0.712557 0.155025 0.187381 0.290314 0.243939 0.2021 0.467741 0.778575 0.209284 0.201757 0.170793 0.200525 0.366942 0.200523 0.298055 0.198629 0.203181 0.366846 0.71501 0.686283 0.252975 0.166814 0.199446 0.20624
0.24587 0.720847 0.155099 0.186002 0.281582 0.241687 0.201208 0.462314 0.77973 0.210457 0.201635 0.170745 0.200404 0.370757 0.1997 0.29729 0.198509 0.202285 0.373064 0.721123 0.696347 0.244207 0.165926 0.199326 0.202067
0.24722 0.728574 0.155224 0.184734 0.273316 0.239403 0.200434 0.456742 0.780752 0.211595 0.201525 0.170858 0.200294 0.374033 0.198945 0.296344 0.198401 0.201509 0.379475 0.726706 0.705787 0.236177 0.165148 0.199216 0.198287
0.248507 0.735708 0.155398 0.183587 0.265575 0.237107 0.199777 0.451043 0.781654 0.212678 0.201427 0.171115 0.200197 0.376712 0.198277 0.295225 0.198304 0.20085 0.38607 0.731756 0.71456 0.228902 0.164481 0.19912 0.194909
0.249707 0.742239 0.155617 0.182566 0.258396 0.234817 0.199234 0.445227 0.782451 0.213691 0.201343 0.171498 0.200113 0.37875 0.197715 0.293945 0.198221 0.200305 0.392843 0.736288 0.72265 0.222379 0.163922 0.199036 0.19193
0.250801 0.74817 0.155877 0.181676 0.251798 0.232551 0.198798 0.439296 0.783159 0.214621 0.201273 0.171989 0.200043 0.380112 0.197276 0.292518 0.198151 0.199869 0.399795 0.740324 0.730057 0.216589 0.163467 0.198966 0.18934
0.251774 0.753519 0.156177 0.180919 0.24578 0.230322 0.198464 0.433244 0.783794 0.215457 0.201217 0.17257 0.199988 0.380776 0.196973 0.290959 0.198096 0.199534 0.40693 0.7439 0.736801 0.211499 0.16311 0.198911 0.18712
0.252617 0.758309 0.156513 0.180295 0.24033 0.228143 0.198224 0.427059 0.784374 0.216192 0.201176 0.173225 0.199947 0.380728 0.196818 0.289285 0.198056 0.199292 0.414258 0.747057 0.742915 0.207066 0.162842 0.198871 0.185248
0.253323 0.762577 0.156885 0.179802 0.23542 0.226022 0.198069 0.420722 0.784915 0.216822 0.201149 0.173939 0.19992 0.379966 0.196821 0.287512 0.198029 0.199137 0.421795 0.749838 0.748443 0.203238 0.162656 0.198844 0.183698
0.25389 0.766359 0.157292 0.179435 0.231019 0.223965 0.197991 0.414214 0.785432 0.217345 0.201136 0.174699 0.199907 0.378494 0.196988 0.285653 0.198017 0.199059 0.429558 0.752292 0.753436 0.199962 0.162542 0.198831 0.182441
0.254318 0.769697 0.157734 0.179189 0.227086 0.221974 0.197983 0.407512 0.78594 0.21776 0.201137 0.175494 0.199908 0.376321 0.197325 0.28372 0.198017 0.19905 0.437569 0.754464 0.757947 0.197185 0.162493 0.198832 0.18145
0.25461 0.772635 0.15821 0.179059 0.22358 0.220049 0.198035 0.400592 0.786449 0.21807 0.201149 0.176317 0.19992 0.373464 0.197833 0.281725 0.198029 0.199104 0.44585 0.756398 0.762031 0.194852 0.162499 0.198844 0.180697
0.254768 0.775214 0.158723 0.179039 0.220457 0.218187 0.198142 0.393436 0.786972 0.218277 0.201174 0.177161 0.199944 0.369943 0.198515 0.279674 0.198053 0.199211 0.454426 0.758137 0.765741 0.192913 0.162555 0.198868 0.180158
0.254796 0.777477 0.159273 0.17912 0.217678 0.216384 0.198297 0.386027 0.787515 0.218384 0.201208 0.178022 0.199979 0.365784 0.199371 0.277573 0.198087 0.199366 0.463317 0.759717 0.769127 0.191321 0.162652 0.198902 0.179808
0.254699 0.779464 0.159863 0.179296 0.215201 0.214632 0.198493 0.378353 0.788086 0.218394 0.201252 0.178896 0.200022 0.361014 0.200399 0.275426 0.198131 0.199563 0.472545 0.761172 0.772236 0.190032 0.162785 0.198946 0.179627
0.254479 0.781211 0.160496 0.17956 0.21299 0.212925 0.198725 0.370412 0.788689 0.218314 0.201304 0.179782 0.200075 0.355669 0.201598 0.273235 0.198183 0.199795 0.482123 0.762531 0.775108 0.189007 0.162948 0.198998 0.179595
0.254139 0.782756 0.161172 0.179902 0.21101 0.211254 0.198987 0.362207 0.789326 0.218148 0.201364 0.180679 0.200134 0.349789 0.202963 0.271 0.198242 0.200058 0.49206 0.763818 0.777779 0.18821 0.163136 0.199057 0.179696
0.253681 0.784132 0.161896 0.180315 0.209233 0.209609 0.199274 0.353752 0.789997 0.2179 0.20143 0.181585 0.200199 0.34342 0.20449 0.268724 0.198307 0.200346 0.502358 0.765053 0.780279 0.18761 0.163345 0.199122 0.179915
0.253107 0.785369 0.162669 0.18079 0.207631 0.207983 0.19958 0.345072 0.7907 0.217579 0.201501 0.182499 0.20027 0.336615 0.206173 0.266405 0.198376 0.200654 0.513009 0.766254 0.782633 0.187179 0.16357 0.199192 0.18024
0.252418 0.786498 0.163493 0.181318 0.206182 0.206366 0.199902 0.336203 0.791432 0.217189 0.201575 0.183421 0.200344 0.329434 0.208001 0.264046 0.19845 0.200976 0.523991 0.76743 0.784859 0.186892 0.163806 0.199266 0.180657
0.251614 0.787544 0.164369 0.181889 0.204865 0.204751 0.200233 0.327192 0.792188 0.216737 0.201652 0.184349 0.200421 0.321947 0.209966 0.261649 0.198526 0.201308 0.535272 0.768591 0.786971 0.186726 0.164051 0.199343 0.181157
0.250698 0.788532 0.165299 0.182493 0.203664 0.203133 0.200568 0.318097 0.792959 0.216232 0.201731 0.185281 0.200499 0.314229 0.212053 0.259218 0.198604 0.201645 0.546805 0.769742 0.788979 0.186661 0.164298 0.19942 0.181729
0.24967 0.789482 0.16628 0.18312 0.202567 0.201506 0.200903 0.308984 0.79374 0.215681 0.201809 0.186213 0.200577 0.306362 0.214246 0.25676 0.198681 0.20198 0.558529 0.770885 0.790888 0.186678 0.164545 0.199498 0.182365
0.248535 0.790413 0.167311 0.183758 0.201562 0.19987 0.201231 0.299927 0.79452 0.215092 0.201887 0.187141 0.200654 0.298433 0.216526 0.254284 0.198758 0.20231 0.57037 0.772018 0.792699 0.18676 0.164785 0.199575 0.183053
0.247299 0.79134 0.168387 0.184398 0.20064 0.198223 0.201549 0.291006 0.795289 0.214475 0.201962 0.18806 0.200729 0.290531 0.218873 0.251802 0.198832 0.202628 0.582242 0.77314 0.794411 0.186893 0.165015 0.199649 0.183786
0.245969 0.792272 0.169505 0.185029 0.199795 0.19657 0.20185 0.2823 0.796039 0.213838 0.202034 0.188966 0.200801 0.282744 0.221262 0.249328 0.198903 0.202931 0.594052 0.774245 0.796022 0.187062 0.16523 0.199721 0.184553
0.244556 0.793217 0.170656 0.185642 0.199023 0.194915 0.202131 0.273887 0.79676 0.21319 0.202102 0.189851 0.200868 0.275156 0.223669 0.246878 0.19897 0.203212 0.605699 0.775327 0.797527 0.187255 0.165426 0.199788 0.185344
0.243074 0.794178 0.171831 0.186228 0.198318 0.193268 0.202388 0.265837 0.797443 0.212541 0.202165 0.190709 0.200931 0.267846 0.226069 0.244469 0.199033 0.20347 0.617082 0.77638 0.798923 0.18746 0.1656 0.199851 0.186149
0.241539 0.795153 0.173021 0.186779 0.197677 0.191637 0.202618 0.258213 0.798082 0.211897 0.202223 0.191535 0.200989 0.260881 0.228436 0.242121 0.19909 0.203701 0.628105 0.777396 0.800206 0.18767 0.165748 0.199908 0.186958
0.239967 0.796139 0.174215 0.187291 0.197099 0.190035 0.202819 0.251064 0.79867 0.211267 0.202276 0.192322 0.201041 0.254316 0.230746 0.239851 0.199142 0.203902 0.638677 0.77837 0.801373 0.187874 0.165868 0.19996 0.187762
0.238377 0.797128 0.175402 0.187758 0.196579 0.188474 0.20299 0.244426 0.799203 0.210657 0.202323 0.193065 0.201088 0.248193 0.232978 0.237676 0.199189 0.204074 0.648724 0.779295 0.802425 0.188069 0.16596 0.200007 0.188551
0.23679 0.798113 0.17657 0.188179 0.196115 0.186965 0.203131 0.238322 0.799681 0.210074 0.202365 0.193761 0.20113 0.242539 0.235112 0.235612 0.19923 0.204216 0.658182 0.780168 0.803363 0.188247 0.166024 0.200049 0.189317
0.235222 0.799083 0.177709 0.188554 0.195704 0.18552 0.203244 0.232758 0.800101 0.209521 0.202402 0.194406 0.201166 0.237368 0.237134 0.23367 0.199266 0.204328 0.667006 0.780983 0.80419 0.188407 0.166061 0.200085 0.190053
0.233692 0.800028 0.178809 0.188883 0.195343 0.184149 0.203329 0.227731 0.800466 0.209002 0.202433 0.194999 0.201198 0.23268 0.239031 0.23186 0.199298 0.204414 0.675168 0.781739 0.804911 0.188547 0.166073 0.200117 0.190753
0.232215 0.80094 0.179861 0.189168 0.195027 0.182859 0.20339 0.223223 0.800778 0.208519 0.202461 0.19554 0.201226 0.228464 0.240797 0.230187 0.199325 0.204475 0.682657 0.782436 0.805533 0.188666 0.166062 0.200144 0.191413
0.230803 0.801809 0.18086 0.189412 0.194753 0.181657 0.203428 0.219211 0.801041 0.208073 0.202485 0.196029 0.20125 0.224701 0.242427 0.228654 0.199349 0.204514 0.689477 0.783073 0.806063 0.188764 0.166032 0.200168 0.192029
0.229467 0.80263 0.1818 0.189619 0.194517 0.180546 0.203448 0.215663 0.801258 0.207664 0.202506 0.196469 0.20127 0.221365 0.243922 0.22726 0.199369 0.204533 0.695644 0.783652 0.806511 0.188842 0.165987 0.200188 0.1926
0.228215 0.803398 0.182677 0.189792 0.194316 0.179526 0.203452 0.212544 0.801435 0.207292 0.202523 0.19686 0.201287 0.218425 0.245282 0.226002 0.199387 0.204537 0.701186 0.784176 0.806885 0.188903 0.165929 0.200206 0.193124
0.22705 0.80411 0.183491 0.189936 0.194144 0.178599 0.203443 0.209816 0.801577 0.206956 0.202538 0.197207 0.201302 0.215849 0.246513 0.224873 0.199401 0.204528 0.706137 0.784646 0.807194 0.188948 0.165862 0.20022 0.193602
0.225975 0.804763 0.18424 0.190055 0.193999 0.17776 0.203423 0.207441 0.801689 0.206654 0.202551 0.197513 0.201315 0.213601 0.247621 0.223868 0.199414 0.204508 0.710537 0.785067 0.807446 0.188979 0.165788 0.200233 0.194036
0.22499 0.80536 0.184926 0.190151 0.193878 0.177007 0.203396 0.205381 0.801775 0.206384 0.202562 0.197781 0.201326 0.211647 0.248614 0.222977 0.199425 0.204481 0.714429 0.785442 0.80765 0.188999 0.165712 0.200244 0.194427
0.224093 0.805899 0.18555 0.190229 0.193776 0.176334 0.203364 0.203601 0.801839 0.206143 0.202572 0.198014 0.201336 0.209956 0.249499 0.222192 0.199434 0.204449 0.717859 0.785775 0.807813 0.18901 0.165634 0.200254 0.194777
0.223281 0.806385 0.186116 0.190291 0.193691 0.175736 0.203328 0.202067 0.801885 0.20593 0.20258 0.198217 0.201344 0.208496 0.250286 0.221502 0.199442 0.204413 0.72087 0.78607 0.807942 0.189012 0.165558 0.200262 0.19509
0.222549 0.80682 0.186625 0.190341 0.193621 0.175207 0.20329 0.200749 0.801917 0.205742 0.202587 0.198393 0.201351 0.207239 0.250983 0.220899 0.199449 0.204375 0.723505 0.78633 0.808042 0.189009 0.165483 0.200268 0.195368
0.221894 0.807207 0.187083 0.19038 0.193563 0.174741 0.203251 0.199618 0.801937 0.205576 0.202593 0.198545 0.201356 0.206158 0.251598 0.220374 0.199455 0.204336 0.725805 0.786558 0.808119 0.189002 0.165412 0.200274 0.195614
0.221308 0.80755 0.187492 0.19041 0.193515 0.174332 0.203213 0.198649 0.801948 0.205431 0.202598 0.198676 0.201361 0.205231 0.252139 0.219918 0.19946 0.204298 0.727807 0.786759 0.808176 0.188991 0.165345 0.200279 0.195831
0.220788 0.807853 0.187856 0.190433 0.193475 0.173975 0.203176 0.197821 0.801953 0.205303 0.202602 0.198789 0.201366 0.204437 0.252615 0.219522 0.199464 0.204261 0.729546 0.786935 0.808219 0.188978 0.165282 0.200284 0.196021
0.220327 0.808119 0.18818 0.190451 0.193443 0.173663 0.203141 0.197113 0.801952 0.205192 0.202606 0.198885 0.20137 0.203757 0.253032 0.219181 0.199468 0.204225 0.731055 0.787088 0.808249 0.188964 0.165224 0.200287 0.196188
0.219919 0.808353 0.188466 0.190465 0.193417 0.173391 0.203107 0.196509 0.801947 0.205095 0.202609 0.198968 0.201373 0.203176 0.253397 0.218886 0.199471 0.204192 0.732361 0.787223 0.80827 0.188949 0.165171 0.200291 0.196335
0.21956 0.808557 0.18872 0.190474 0.193396 0.173156 0.203076 0.195993 0.80194 0.20501 0.202612 0.199038 0.201376 0.20268 0.253716 0.218632 0.199474 0.20416 0.733491 0.78734 0.808284 0.188934 0.165122 0.200293 0.196462
0.219244 0.808736 0.188943 0.190482 0.193378 0.172952 0.203047 0.195554 0.801931 0.204937 0.202614 0.199099 0.201378 0.202256 0.253994 0.218413 0.199476 0.204131 0.734467 0.787441 0.808292 0.188919 0.165079 0.200296 0.196574
0.218967 0.808891 0.189139 0.190487 0.193364 0.172775 0.203021 0.195179 0.801921 0.204873 0.202616 0.19915 0.20138 0.201894 0.254237 0.218226 0.199478 0.204105 0.735309 0.78753 0.808296 0.188905 0.165039 0.200298 0.19667
0.218725 0.809026 0.189312 0.19049 0.193352 0.172622 0.202997 0.19486 0.80191 0.204817 0.202618 0.199194 0.201382 0.201585 0.254448 0.218064 0.19948 0.204081 0.736035 0.787607 0.808296 0.188891 0.165004 0.200299 0.196754
0.218513 0.809144 0.189463 0.190493 0.193343 0.172491 0.202975 0.194588 0.801899 0.20477 0.202619 0.199231 0.201383 0.201322 0.254632 0.217926 0.199482 0.204059 0.73666 0.787674 0.808295 0.188879 0.164973 0.200301 0.196827
0.218328 0.809246 0.189595 0.190494 0.193336 0.172377 0.202956 0.194356 0.801889 0.204728 0.202621 0.199263 0.201385 0.201097 0.254791 0.217808 0.199483 0.204039 0.737199 0.787732 0.808291 0.188867 0.164945 0.200302 0.19689
0.218167 0.809334 0.18971 0.190495 0.19333 0.17228 0.202938 0.194158 0.801878 0.204692 0.202622 0.19929 0.201386 0.200905 0.25493 0.217707 0.199484 0.204022 0.737663 0.787782 0.808287 0.188856 0.16492 0.200303 0.196944
0.218026 0.80941 0.189811 0.190495 0.193325 0.172196 0.202922 0.19399 0.801869 0.204661 0.202623 0.199313 0.201387 0.200741 0.25505 0.21762 0.199485 0.204006 0.738061 0.787826 0.808282 0.188846 0.164898 0.200304 0.196992
0.217904 0.809476 0.189898 0.190495 0.193321 0.172123 0.202908 0.193846 0.80186 0.204634 0.202624 0.199333 0.201387 0.200601 0.255154 0.217546 0.199486 0.203992 0.738404 0.787864 0.808277 0.188837 0.164879 0.200305 0.197032
0.217798 0.809533 0.189975 0.190494 0.193318 0.172061 0.202896 0.193723 0.801851 0.204611 0.202624 0.199349 0.201388 0.200482 0.255244 0.217482 0.199486 0.20398 0.738699 0.787896 0.808272 0.188829 0.164863 0.200306 0.197067
0.217707 0.809582 0.190041 0.190494 0.193315 0.172008 0.202885 0.193619 0.801843 0.204591 0.202625 0.199364 0.201389 0.20038 0.255322 0.217428 0.199487 0.203969 0.738953 0.787924 0.808267 0.188821 0.164848 0.200306 0.197098
0.217627 0.809624 0.190099 0.190493 0.193313 0.171962 0.202876 0.19353 0.801836 0.204574 0.202626 0.199376 0.201389 0.200293 0.255389 0.217382 0.199488 0.203959 0.73917 0.787949 0.808262 0.188815 0.164835 0.200307 0.197124
0.217558 0.80966 0.190149 0.190493 0.193312 0.171923 0.202867 0.193454 0.80183 0.204559 0.202626 0.199386 0.20139 0.200218 0.255448 0.217342 0.199488 0.203951 0.739358 0.78797 0.808257 0.188809 0.164824 0.200307 0.197146
0.217498 0.809692 0.190192 0.190492 0.19331 0.171889 0.20286 0.193389 0.801824 0.204547 0.202626 0.199395 0.20139 0.200155 0.255498 0.217308 0.199488 0.203943 0.739518 0.787988 0.808252 0.188804 0.164814 0.200308 0.197165
0.217446 0.809719 0.19023 0.190491 0.193309 0.17186 0.202853 0.193333 0.801819 0.204536 0.202627 0.199402 0.20139 0.200101 0.255542 0.217279 0.199489 0.203937 0.739656 0.788004 0.808248 0.188799 0.164805 0.200308 0.197182
0.217402 0.809742 0.190262 0.190491 0.193309 0.171836 0.202848 0.193286 0.801814 0.204526 0.202627 0.199408 0.201391 0.200054 0.25558 0.217254 0.199489 0.203931 0.739775 0.788017 0.808244 0.188795 0.164798 0.200308 0.197196
0.217363 0.809762 0.190291 0.19049 0.193308 0.171814 0.202843 0.193245 0.80181 0.204518 0.202627 0.199414 0.201391 0.200014 0.255612 0.217233 0.199489 0.203926 0.739877 0.788029 0.808241 0.188791 0.164791 0.200309 0.197208
0.21733 0.809779 0.190315 0.190489 0.193307 0.171796 0.202838 0.193211 0.801807 0.204511 0.202628 0.199418 0.201391 0.19998 0.25564 0.217215 0.19949 0.203922 0.739964 0.788039 0.808238 0.188788 0.164786 0.200309 0.197219
0.217301 0.809794 0.190336 0.190489 0.193307 0.17178 0.202835 0.193181 0.801803 0.204505 0.202628 0.199422 0.201391 0.199951 0.255665 0.2172 0.19949 0.203918 0.740039 0.788048 0.808235 0.188786 0.164781 0.200309 0.197228
0.217276 0.809807 0.190354 0.190488 0.193307 0.171767 0.202831 0.193156 0.8018 0.2045 0.202628 0.199425 0.201392 0.199927 0.255686 0.217186 0.19949 0.203915 0.740103 0.788056 0.808232 0.188783 0.164777 0.200309 0.197236
0.217255 0.809818 0.19037 0.190488 0.193307 0.171756 0.202829 0.193134 0.801798 0.204495 0.202628 0.199428 0.201392 0.199905 0.255704 0.217175 0.19949 0.203912 0.740159 0.788062 0.80823 0.188781 0.164773 0.200309 0.197243
0.217236 0.809827 0.190383 0.190488 0.193306 0.171746 0.202826 0.193116 0.801796 0.204491 0.202628 0.19943 0.201392 0.199887 0.255719 0.217165 0.19949 0.203909 0.740206 0.788068 0.808228 0.188779 0.16477 0.20031 0.197248
0.21722 0.809835 0.190395 0.190487 0.193306 0.171737 0.202824 0.1931 0.801794 0.204488 0.202628 0.199432 0.201392 0.199871 0.255733 0.217157 0.19949 0.203907 0.740247 0.788073 0.808226 0.188777 0.164767 0.20031 0.197253
0.217207 0.809842 0.190405 0.190487 0.193306 0.17173 0.202822 0.193087 0.801792 0.204485 0.202628 0.199434 0.201392 0.199858 0.255744 0.21715 0.19949 0.203905 0.740282 0.788077 0.808225 0.188776 0.164765 0.20031 0.197257
0.217195 0.809848 0.190414 0.190487 0.193306 0.171724 0.202821 0.193075 0.80179 0.204482 0.202628 0.199436 0.201392 0.199847 0.255754 0.217144 0.19949 0.203904 0.740312 0.78808 0.808223 0.188775 0.164763 0.20031 0.197261
0.217185 0.809854 0.190421 0.190486 0.193306 0.171718 0.202819 0.193065 0.801789 0.20448 0.202628 0.199437 0.201392 0.199837 0.255763 0.217139 0.19949 0.203902 0.740338 0.788083 0.808222 0.188774 0.164761 0.20031 0.197264
0.217176 0.809858 0.190428 0.190486 0.193306 0.171714 0.202818 0.193057 0.801788 0.204479 0.202629 0.199438 0.201392 0.199828 0.25577 0.217134 0.199491 0.203901 0.74036 0.788086 0.808221 0.188773 0.164759 0.20031 0.197267
0.217168 0.809862 0.190434 0.190486 0.193306 0.17171 0.202817 0.193049 0.801787 0.204477 0.202629 0.199439 0.201392 0.199821 0.255776 0.217131 0.199491 0.2039 0.740379 0.788088 0.80822 0.188772 0.164758 0.20031 0.197269
0.217162 0.809865 0.190438 0.190486 0.193306 0.171707 0.202816 0.193043 0.801786 0.204476 0.202629 0.19944 0.201392 0.199815 0.255782 0.217127 0.199491 0.203899 0.740395 0.78809 0.808219 0.188771 0.164757 0.20031 0.197271
0.217156 0.809868 0.190443 0.190486 0.193306 0.171704 0.202815 0.193038 0.801785 0.204474 0.202629 0.19944 0.201392 0.19981 0.255787 0.217125 0.199491 0.203899 0.740409 0.788092 0.808218 0.188771 0.164756 0.20031 0.197273
0.217151 0.80987 0.190446 0.190486 0.193306 0.171701 0.202815 0.193033 0.801785 0.204473 0.202629 0.199441 0.201392 0.199805 0.255791 0.217122 0.199491 0.203898 0.740421 0.788094 0.808218 0.18877 0.164755 0.20031 0.197274
0.217147 0.809872 0.190449 0.190485 0.193306 0.171699 0.202814 0.193029 0.801784 0.204473 0.202629 0.199441 0.201392 0.199801 0.255794 0.21712 0.199491 0.203897 0.740432 0.788095 0.808217 0.18877 0.164755 0.20031 0.197275
0.217144 0.809874 0.190452 0.190485 0.193306 0.171697 0.202814 0.193026 0.801784 0.204472 0.202629 0.199442 0.201392 0.199798 0.255797 0.217118 0.199491 0.203897 0.740441 0.788096 0.808217 0.188769 0.164754 0.20031 0.197276
0.217141 0.809876 0.190454 0.190485 0.193306 0.171696 0.202813 0.193023 0.801783 0.204471 0.202629 0.199442 0.201392 0.199795 0.2558 0.217117 0.199491 0.203896 0.740448 0.788097 0.808216 0.188769 0.164753 0.20031 0.197277
0.217138 0.809877 0.190456 0.190485 0.193306 0.171695 0.202813 0.193021 0.801783 0.204471 0.202629 0.199442 0.201392 0.199793 0.255802 0.217116 0.199491 0.203896 0.740455 0.788098 0.808216 0.188769 0.164753 0.20031 0.197278
0.217136 0.809878 0.190458 0.190485 0.193306 0.171693 0.202812 0.193019 0.801783 0.20447 0.202629 0.199443 0.201392 0.199791 0.255804 0.217114 0.199491 0.203896 0.74046 0.788098 0.808216 0.188768 0.164753 0.20031 0.197279
0.217134 0.809879 0.190459 0.190485 0.193306 0.171692 0.202812 0.193017 0.801782 0.20447 0.202629 0.199443 0.201393 0.199789 0.255806 0.217114 0.199491 0.203895 0.740465 0.788099 0.808215 0.188768 0.164752 0.20031 0.197279
0.217132 0.80988 0.19046 0.190485 0.193306 0.171692 0.202812 0.193015 0.801782 0.204469 0.202629 0.199443 0.201393 0.199787 0.255807 0.217113 0.199491 0.203895 0.740469 0.788099 0.808215 0.188768 0.164752 0.20031 0.19728
0.217131 0.809881 0.190461 0.190485 0.193306 0.171691 0.202812 0.193014 0.801782 0.204469 0.202629 0.199443 0.201393 0.199786 0.255808 0.217112 0.199491 0.203895 0.740473 0.7881 0.808215 0.188768 0.164752 0.20031 0.19728
0.217129 0.809881 0.190462 0.190485 0.193306 0.17169 0.202812 0.193013 0.801782 0.204469 0.202629 0.199443 0.201393 0.199785 0.255809 0.217111 0.199491 0.203895 0.740476 0.7881 0.808215 0.188768 0.164751 0.20031 0.197281
0.217128 0.809882 0.190463 0.190485 0.193306 0.17169 0.202811 0.193012 0.801781 0.204469 0.202629 0.199443 0.201393 0.199784 0.25581 0.217111 0.199491 0.203895 0.740479 0.788101 0.808215 0.188768 0.164751 0.20031 0.197281
0.217127 0.809882 0.190464 0.190485 0.193306 0.171689 0.202811 0.193011 0.801781 0.204469 0.202629 0.199444 0.201393 0.199783 0.255811 0.21711 0.199491 0.203895 0.740481 0.788101 0.808215 0.188767 0.164751 0.20031 0.197281
0.217127 0.809883 0.190464 0.190485 0.193306 0.171689 0.202811 0.19301 0.801781 0.204468 0.202629 0.199444 0.201393 0.199782 0.255812 0.21711 0.199491 0.203894 0.740483 0.788101 0.808214 0.188767 0.164751 0.20031 0.197282
0.217126 0.809883 0.190465 0.190485 0.193306 0.171688 0.202811 0.193009 0.801781 0.204468 0.202629 0.199444 0.201393 0.199782 0.255812 0.21711 0.199491 0.203894 0.740484 0.788101 0.808214 0.188767 0.164751 0.20031 0.197282
0.217125 0.809883 0.190465 0.190485 0.193306 0.171688 0.202811 0.193009 0.801781 0.204468 0.202629 0.199444 0.201393 0.199781 0.255813 0.21711 0.199491 0.203894 0.740486 0.788101 0.808214 0.188767 0.164751 0.20031 0.197282
0.217125 0.809883 0.190466 0.190485 0.193306 0.171688 0.202811 0.193008 0.801781 0.204468 0.202629 0.199444 0.201393 0.199781 0.255813 0.217109 0.199491 0.203894 0.740487 0.788102 0.808214 0.188767 0.164751 0.20031 0.197282
0.217124 0.809884 0.190466 0.190485 0.193306 0.171688 0.202811 0.193008 0.801781 0.204468 0.202629 0.199444 0.201393 0.19978 0.255813 0.217109 0.199491 0.203894 0.740488 0.788102 0.808214 0.188767 0.164751 0.20031 0.197282
0.217124 0.809884 0.190466 0.190485 0.193306 0.171688 0.202811 0.193008 0.801781 0.204468 0.202629 0.199444 0.201393 0.19978 0.255814 0.217109 0.199491 0.203894 0.740489 0.788102 0.808214 0.188767 0.16475 0.20031 0.197282
0.217124 0.809884 0.190467 0.190485 0.193306 0.171687 0.202811 0.193007 0.801781 0.204468 0.202629 0.199444 0.201393 0.19978 0.255814 0.217109 0.199491 0.203894 0.74049 0.788102 0.808214 0.188767 0.16475 0.20031 0.197282
0.217123 0.809884 0.190467 0.190485 0.193306 0.171687 0.202811 0.193007 0.801781 0.204468 0.202629 0.199444 0.201393 0.199779 0.255814 0.217109 0.199491 0.203894 0.74049 0.788102 0.808214 0.188767 0.16475 0.20031 0.197282
0.217123 0.809884 0.190467 0.190485 0.193306 0.171687 0.202811 0.193007 0.801781 0.204468 0.202629 0.199444 0.201393 0.199779 0.255814 0.217109 0.199491 0.203894 0.740491 0.788102 0.808214 0.188767 0.16475 0.20031 0.197282
0.217123 0.809884 0.190467 0.190485 0.193306 0.171687 0.202811 0.193007 0.801781 0.204468 0.202629 0.199444 0.201393 0.199779 0.255815 0.217108 0.199491 0.203894 0.740491 0.788102 0.808214 0.188767 0.16475 0.20031 0.197283
0.217123 0.809884 0.190467 0.190485 0.193306 0.171687 0.202811 0.193007 0.801781 0.204468 0.202629 0.199444 0.201393 0.199779 0.255815 0.217108 0.199491 0.203894 0.740492 0.788102 0.808214 0.188767 0.16475 0.20031 0.197283
0.217123 0.809884 0.190467 0.190485 0.193306 0.171687 0.202811 0.193007 0.801781 0.204468 0.202629 0.199444 0.201393 0.199779 0.255815 0.217108 0.199491 0.203894 0.740492 0.788102 0.808214 0.188767 0.16475 0.20031 0.197283
0.217122 0.809884 0.190467 0.190485 0.193306 0.171687 0.202811 0.193006 0.801781 0.204468 0.202629 0.199444 0.201393 0.199779 0.255815 0.217108 0.199491 0.203894 0.740493 0.788102 0.808214 0.188767 0.16475 0.20031 0.197283
0.217122 0.809885 0.190468 0.190485 0.193306 0.171687 0.202811 0.193006 0.801781 0.204467 0.202629 0.199444 0.201393 0.199779 0.255815 0.217108 0.199491 0.203894 0.740493 0.788102 0.808214 0.188767 0.16475 0.20031 0.197283
0.217122 0.809885 0.190468 0.190485 0.193306 0.171687 0.202811 0.193006 0.801781 0.204467 0.202629 0.199444 0.201393 0.199778 0.255815 0.217108 0.199491 0.203894 0.740493 0.788102 0.808214 0.188767 0.16475 0.20031 0.197283
0.217122 0.809885 0.190468 0.190485 0.193306 0.171687 0.202811 0.193006 0.801781 0.204467 0.202629 0.199444 0.201393 0.199778 0.255815 0.217108 0.199491 0.203894 0.740493 0.788102 0.808214 0.188767 0.16475 0.20031 0.197283
0.217122 0.809885 0.190468 0.190485 0.193306 0.171687 0.202811 0.193006 0.801781 0.204467 0.202629 0.199444 0.201393 0.199778 0.255815 0.217108 0.199491 0.203894 0.740493 0.788102 0.808214 0.188767 0.16475 0.20031 0.197283
0.217122 0.809885 0.190468 0.190485 0.193306 0.171687 0.202811 0.193006 0.801781 0.204467 0.202629 0.199444 0.201393 0.199778 0.255815 0.217108 0.199491 0.203894 0.740494 0.788102 0.808214 0.188767 0.16475 0.20031 0.197283
0.217122 0.809885 0.190468 0.190485 0.193306 0.171687 0.202811 0.193006 0.801781 0.204467 0.202629 0.199444 0.201393 0.199778 0.255815 0.217108 0.199491 0.203894 0.740494 0.788102 0.808214 0.188767 0.16475 0.20031 0.197283
0.217122 0.809885 0.190468 0.190485 0.193306 0.171687 0.202811 0.193006 0.801781 0.204467 0.202629 0.199444 0.201393 0.199778 0.255815 0.217108 0.199491 0.203894 0.740494 0.788102 0.808214 0.188767 0.16475 0.20031 0.197283
0.217122 0.809885 0.190468 0.190485 0.193306 0.171687 0.202811 0.193006 0.801781 0.204467 0.202629 0.199444 0.201393 0.199778 0.255816 0.217108 0.199491 0.203894 0.740494 0.788102 0.808214 0.188767 0.16475 0.20031 0.197283
0.217122 0.809885 0.190468 0.190485 0.193306 0.171687 0.202811 0.193006 0.801781 0.204467 0.202629 0.199444 0.201393 0.199778 0.255816 0.217108 0.199491 0.203894 0.740494 0.788102 0.808214 0.188767 0.16475 0.20031 0.197283
0.217122 0.809885 0.190468 0.190485 0.193306 0.171687 0.202811 0.193006 0.801781 0.204467 0.202629 0.199444 0.201393 0.199778 0.255816 0.217108 0.199491 0.203894 0.740494 0.788103 0.808214 0.188767 0.16475 0.20031 0.197283
0.217122 0.809885 0.190468 0.190485 0.193306 0.171687 0.202811 0.193006 0.801781 0.204467 0.202629 0.199444 0.201393 0.199778 0.255816 0.217108 0.199491 0.203894 0.740494 0.788103 0.808214 0.188767 0.16475 0.20031 0.197283
0.217122 0.809885 0.190468 0.190485 0.193306 0.171687 0.202811 0.193006 0.801781 0.204467 0.202629 0.199444 0.201393 0.199778 0.255816 0.217108 0.199491 0.203894 0.740494 0.788103 0.808214 0.188767 0.16475 0.20031 0.197283
0.217122 0.809885 0.190468 0.190485 0.193306 0.171687 0.202811 0.193006 0.801781 0.204467 0.202629 0.199444 0.201393 0.199778 0.255816 0.217108 0.199491 0.203894 0.740494 0.788103 0.808214 0.188767 0.16475 0.20031 0.197283
0.217122 0.809885 0.190468 0.190485 0.193306 0.171687 0.202811 0.193006 0.801781 0.204467 0.202629 0.199444 0.201393 0.199778 0.255816 0.217108 0.199491 0.203894 0.740494 0.788103 0.808214 0.188767 0.16475 0.20031 0.197283
0.217122 0.809885 0.190468 0.190485 0.193306 0.171687 0.202811 0.193006 0.801781 0.204467 0.202629 0.199444 0.201393 0.199778 0.255816 0.217108 0.199491 0.203894 0.740494 0.788103 0.808214 0.188767 0.16475 0.20031 0.197283
0.217122 0.809885 0.190468 0.190485 0.193306 0.171687 0.202811 0.193006 0.801781 0.204467 0.202629 0.199444 0.201393 0.199778 0.255816 0.217108 0.199491 0.203894 0.740494 0.788103 0.808214 0.188767 0.16475 0.20031 0.197283
0.217122 0.809885 0.190468 0.190485 0.193306 0.171686 0.202811 0.193006 0.801781 0.204467 0.202629 0.199444 0.201393 0.199778 0.255816 0.217108 0.199491 0.203894 0.740494 0.788103 0.808214 0.188767 0.16475 0.20031 0.197283
0.217122 0.809885 0.190468 0.190485 0.193306 0.171686 0.202811 0.193006 0.801781 0.204467 0.202629 0.199444 0.201393 0.199778 0.255816 0.217108 0.199491 0.203894 0.740494 0.788103 0.808214 0.188767 0.16475 0.20031 0.197283
0.217122 0.809885 0.190468 0.190485 0.193306 0.171686 0.202811 0.193006 0.801781 0.204467 0.202629 0.199444 0.201393 0.199778 0.255816 0.217108 0.199491 0.203894 0.740494 0.788103 0.808214 0.188767 0.16475 0.20031 0.197283
0.217122 0.809885 0.190468 0.190485 0.193306 0.171686 0.202811 0.193006 0.801781 0.204467 0.202629 0.199444 0.201393 0.199778 0.255816 0.217108 0.199491 0.203894 0.740494 0.788103 0.808214 0.188767 0.16475 0.20031 0.197283
0.217122 0.809885 0.190468 0.190485 0.193306 0.171686 0.202811 0.193006 0.801781 0.204467 0.202629 0.199444 0.201393 0.199778 0.255816 0.217108 0.199491 0.203894 0.740494 0.788103 0.808214 0.188767 0.16475 0.20031 0.197283
0.217122 0.809885 0.190468 0.190485 0.193306 0.171686 0.202811 0.193006 0.801781 0.204467 0.202629 0.199444 0.201393 0.199778 0.255816 0.217108 0.199491 0.203894 0.740494 0.788103 0.808214 0.188767 0.16475 0.20031 0.197283
0.217122 0.809885 0.190468 0.190485 0.193306 0.171686 0.202811 0.193006 0.801781 0.204467 0.202629 0.199444 0.201393 0.199778 0.255816 0.217108 0.199491 0.203894 0.740494 0.788103 0.808214 0.188767 0.16475 0.20031 0.197283
0.217122 0.809885 0.190468 0.190485 0.193306 0.171686 0.202811 0.193006 0.801781 0.204467 0.202629 0.199444 0.201393 0.199778 0.255816 0.217108 0.199491 0.203894 0.740494 0.788103 0.808214 0.188767 0.16475 0.20031 0.197283
0.217122 0.809885 0.190468 0.190485 0.193306 0.171686 0.202811 0.193006 0.801781 0.204467 0.202629 0.199444 0.201393 0.199778 0.255816 0.217108 0.199491 0.203894 0.740494 0.788103 0.808214 0.188767 0.16475 0.20031 0.197283
0.217122 0.809885 0.190468 0.190485 0.193306 0.171686 0.202811 0.193006 0.801781 0.204467 0.202629 0.199444 0.201393 0.199778 0.255816 0.217108 0.199491 0.203894 0.740494 0.788103 0.808214 0.188767 0.16475 0.20031 0.197283
0.217122 0.809885 0.190468 0.190485 0.193306 0.171686 0.202811 0.193006 0.801781 0.204467 0.202629 0.199444 0.201393 0.199778 0.255816 0.217108 0.199491 0.203894 0.740494 0.788103 0.808214 0.188767 0.16475 0.20031 0.197283
0.217122 0.809885 0.190468 0.190485 0.193306 0.171686 0.202811 0.193006 0.801781 0.204467 0.202629 0.199444 0.201393 0.199778 0.255816 0.217108 0.199491 0.203894 0.740494 0.788103 0.808214 0.188767 0.16475 0.20031 0.197283
0.217122 0.809885 0.190468 0.190485 0.193306 0.171686 0.202811 0.193006 0.80178 0.204467 0.202629 0.199444 0.201393 0.199778 0.255816 0.217108 0.199491 0.203894 0.740494 0.788103 0.808214 0.188767 0.16475 0.20031 0.197283
0.217122 0.809885 0.190468 0.190485 0.193306 0.171686 0.202811 0.193006 0.80178 0.204467 0.202629 0.199444 0.201393 0.199778 0.255816 0.217108 0.199491 0.203894 0.740494 0.788103 0.808214 0.188767 0.16475 0.20031 0.197283
0.217122 0.809885 0.190468 0.190485 0.193306 0.171686 0.202811 0.193006 0.80178 0.204467 0.202629 0.199444 0.201393 0.199778 0.255816 0.217108 0.199491 0.203894 0.740494 0.788103 0.808214 0.188767 0.16475 0.20031 0.197283
0.217122 0.809885 0.190468 0.190485 0.193306 0.171686 0.202811 0.193006 0.80178 0.204467 0.202629 0.199444 0.201393 0.199778 0.255816 0.217108 0.199491 0.203894 0.740494 0.788103 0.808214 0.188767 0.16475 0.20031 0.197283
0.217122 0.809885 0.190468 0.190485 0.193306 0.171686 0.202811 0.193006 0.80178 0.204467 0.202629 0.199444 0.201393 0.199778 0.255816 0.217108 0.199491 0.203894 0.740494 0.788103 0.808214 0.188767 0.16475 0.20031 0.197283
0.217122 0.809885 0.190468 0.190485 0.193306 0.171686 0.202811 0.193006 0.80178 0.204467 0.202629 0.199444 0.201393 0.199778 0.255816 0.217108 0.199491 0.203894 0.740494 0.788103 0.808214 0.188767 0.16475 0.20031 0.197283
0.217122 0.809885 0.190468 0.190485 0.193306 0.171686 0.202811 0.193006 0.80178 0.204467 0.202629 0.199444 0.201393 0.199778 0.255816 0.217108 0.199491 0.203894 0.740494 0.788103 0.808214 0.188767 0.16475 0.20031 0.197283
0.217122 0.809885 0.190468 0.190485 0.193306 0.171686 0.202811 0.193006 0.80178 0.204467 0.202629 0.199444 0.201393 0.199778 0.255816 0.217108 0.199491 0.203894 0.740494 0.788103 0.808214 0.188767 0.16475 0.20031 0.197283
0.217122 0.809885 0.190468 0.190485 0.193306 0.171686 0.202811 0.193006 0.80178 0.204467 0.202629 0.199444 0.201393 0.199778 0.255816 0.217108 0.199491 0.203894 0.740494 0.788103 0.808214 0.188767 0.16475 0.20031 0.197283
0.217122 0.809885 0.190468 0.190485 0.193306 0.171686 0.202811 0.193006 0.80178 0.204467 0.202629 0.199444 0.201393 0.199778 0.255816 0.217108 0.199491 0.203894 0.740494 0.788103 0.808214 0.188767 0.16475 0.20031 0.197283
0.217122 0.809885 0.190468 0.190485 0.193306 0.171686 0.202811 0.193006 0.80178 0.204467 0.202629 0.199444 0.201393 0.199778 0.255816 0.217108 0.199491 0.203894 0.740494 0.788103 0.808214 0.188767 0.16475 0.20031 0.197283
0.217122 0.809885 0.190468 0.190485 0.193306 0.171686 0.202811 0.193006 0.80178 0.204467 0.202629 0.199444 0.201393 0.199778 0.255816 0.217108 0.199491 0.203894 0.740494 0.788103 0.808214 0.188767 0.16475 0.20031 0.197283
0.217122 0.809885 0.190468 0.190485 0.193306 0.171686 0.202811 0.193006 0.80178 0.204467 0.202629 0.199444 0.201393 0.199778 0.255816 0.217108 0.199491 0.203894 0.740494 0.788103 0.808214 0.188767 0.16475 0.20031 0.197283
0.217122 0.809885 0.190468 0.190485 0.193306 0.171686 0.202811 0.193006 0.80178 0.204467 0.202629 0.199444 0.201393 0.199778 0.255816 0.217108 0.199491 0.203894 0.740494 0.788103 0.808214 0.188767 0.16475 0.20031 0.197283
0.217122 0.809885 0.190468 0.190485 0.193306 0.171686 0.202811 0.193006 0.80178 0.204467 0.202629 0.199444 0.201393 0.199778 0.255816 0.217108 0.199491 0.203894 0.740494 0.788103 0.808214 0.188767 0.16475 0.20031 0.197283
0.217122 0.809885 0.190468 0.190485 0.193306 0.171686 0.202811 0.193006 0.80178 0.204467 0.202629 0.199444 0.201393 0.199778 0.255816 0.217108 0.199491 0.203894 0.740494 0.788103 0.808214 0.188767 0.16475 0.20031 0.197283
0.217122 0.809885 0.190468 0.190485 0.193306 0.171686 0.202811 0.193006 0.80178 0.204467 0.202629 0.199444 0.201393 0.199778 0.255816 0.217108 0.199491 0.203894 0.740494 0.788103 0.808214 0.188767 0.16475 0.20031 0.197283
0.217122 0.809885 0.190468 0.190485 0.193306 0.171686 0.202811 0.193006 0.80178 0.204467 0.202629 0.199444 0.201393 0.199778 0.255816 0.217108 0.199491 0.203894 0.740494 0.788103 0.808214 0.188767 0.16475 0.20031 0.197283
0.217122 0.809885 0.190468 0.190485 0.193306 0.171686 0.202811 0.193006 0.80178 0.204467 0.202629 0.199444 0.201393 0.199778 0.255816 0.217108 0.199491 0.203894 0.740494 0.788103 0.808214 0.188767 0.16475 0.20031 0.197283
0.217122 0.809885 0.190468 0.190485 0.193306 0.171686 0.202811 0.193006 0.80178 0.204467 0.202629 0.199444 0.201393 0.199778 0.255816 0.217108 0.199491 0.203894 0.740494 0.788103 0.808214 0.188767 0.16475 0.20031 0.197283
0.217122 0.809885 0.190468 0.190485 0.193306 0.171686 0.202811 0.193006 0.80178 0.204467 0.202629 0.199444 0.201393 0.199778 0.255816 0.217108 0.199491 0.203894 0.740494 0.788103 0.808214 0.188767 0.16475 0.20031 0.197283
0.217122 0.809885 0.190468 0.190485 0.193306 0.171686 0.202811 0.193006 0.80178 0.204467 0.202629 0.199444 0.201393 0.199778 0.255816 0.217108 0.199491 0.203894 0.740494 0.788103 0.808214 0.188767 0.16475 0.20031 0.197283
0.217122 0.809885 0.190468 0.190485 0.193306 0.171686 0.202811 0.193006 0.80178 0.204467 0.202629 0.199444 0.201393 0.199778 0.255816 0.217108 0.199491 0.203894 0.740494 0.788103 0.808214 0.188767 0.16475 0.20031 0.197283
0.217122 0.809885 0.190468 0.190485 0.193306 0.171686 0.202811 0.193006 0.80178 0.204467 0.202629 0.199444 0.201393 0.199778 0.255816 0.217108 0.199491 0.203894 0.740494 0.788103 0.808214 0.188767 0.16475 0.20031 0.197283
0.217122 0.809885 0.190468 0.190485 0.193306 0.171686 0.202811 0.193006 0.80178 0.204467 0.202629 0.199444 0.201393 0.199778 0.255816 0.217108 0.199491 0.203894 0.740494 0.788103 0.808214 0.188767 0.16475 0.20031 0.197283
0.217122 0.809885 0.190468 0.190485 0.193306 0.171686 0.202811 0.193006 0.80178 0.204467 0.202629 0.199444 0.201393 0.199778 0.255816 0.217108 0.199491 0.203894 0.740494 0.788103 0.808214 0.188767 0.16475 0.20031 0.197283
0.217122 0.809885 0.190468 0.190485 0.193306 0.171686 0.202811 0.193006 0.80178 0.204467 0.202629 0.199444 0.201393 0.199778 0.255816 0.217108 0.199491 0.203894 0.740494 0.788103 0.808214 0.188767 0.16475 0.20031 0.197283
0.217122 0.809885 0.190468 0.190485 0.193306 0.171686 0.202811 0.193006 0.80178 0.204467 0.202629 0.199444 0.201393 0.199778 0.255816 0.217108 0.199491 0.203894 0.740494 0.788103 0.808214 0.188767 0.16475 0.20031 0.197283
0.217122 0.809885 0.190468 0.190485 0.193306 0.171686 0.202811 0.193006 0.80178 0.204467 0.202629 0.199444 0.201393 0.199778 0.255816 0.217108 0.199491 0.203894 0.740494 0.788103 0.808214 0.188767 0.16475 0.20031 0.197283
0.217122 0.809885 0.190468 0.190485 0.193306 0.171686 0.202811 0.193006 0.80178 0.204467 0.202629 0.199444 0.201393 0.199778 0.255816 0.217108 0.199491 0.203894 0.740494 0.788103 0.808214 0.188767 0.16475 0.20031 0.197283
0.217122 0.809885 0.190468 0.190485 0.193306 0.171686 0.202811 0.193006 0.80178 0.204467 0.202629 0.199444 0.201393 0.199778 0.255816 0.217108 0.199491 0.203894 0.740494 0.788103 0.808214 0.188767 0.16475 0.20031 0.197283
0.217122 0.809885 0.190468 0.190485 0.193306 0.171686 0.202811 0.193006 0.80178 0.204467 0.202629 0.199444 0.201393 0.199778 0.255816 0.217108 0.199491 0.203894 0.740494 0.788103 0.808214 0.188767 0.16475 0.20031 0.197283
0.217122 0.809885 0.190468 0.190485 0.193306 0.171686 0.202811 0.193006 0.80178 0.204467 0.202629 0.199444 0.201393 0.199778 0.255816 0.217108 0.199491 0.203894 0.740494 0.788103 0.808214 0.188767 0.16475 0.20031 0.197283
0.217122 0.809885 0.190468 0.190485 0.193306 0.171686 0.202811 0.193006 0.80178 0.204467 0.202629 0.199444 0.201393 0.199778 0.255816 0.217108 0.199491 0.203894 0.740494 0.788103 0.808214 0.188767 0.16475 0.20031 0.197283
0.217122 0.809885 0.190468 0.190485 0.193306 0.171686 0.202811 0.193006 0.80178 0.204467 0.202629 0.199444 0.201393 0.199778 0.255816 0.217108 0.199491 0.203894 0.740494 0.788103 0.808214 0.188767 0.16475 0.20031 0.197283
0.217122 0.809885 0.190468 0.190485 0.193306 0.171686 0.202811 0.193006 0.80178 0.204467 0.202629 0.199444 0.201393 0.199778 0.255816 0.217108 0.199491 0.203894 0.740494 0.788103 0.808214 0.188767 0.16475 0.20031 0.197283
0.217122 0.809885 0.190468 0.190485 0.193306 0.171686 0.202811 0.193006 0.80178 0.204467 0.202629 0.199444 0.201393 0.199778 0.255816 0.217108 0.199491 0.203894 0.740494 0.788103 0.808214 0.188767 0.16475 0.20031 0.197283
0.217122 0.809885 0.190468 0.190485 0.193306 0.171686 0.202811 0.193006 0.80178 0.204467 0.202629 0.199444 0.201393 0.199778 0.255816 0.217108 0.199491 0.203894 0.740494 0.788103 0.808214 0.188767 0.16475 0.20031 0.197283
0.217122 0.809885 0.190468 0.190485 0.193306 0.171686 0.202811 0.193006 0.80178 0.204467 0.202629 0.199444 0.201393 0.199778 0.255816 0.217108 0.199491 0.203894 0.740494 0.788103 0.808214 0.188767 0.16475 0.20031 0.197283
0.217122 0.809885 0.190468 0.190485 0.193306 0.171686 0.202811 0.193006 0.80178 0.204467 0.202629 0.199444 0.201393 0.199778 0.255816 0.217108 0.199491 0.203894 0.740494 0.788103 0.808214 0.188767 0.16475 0.20031 0.197283
0.217122 0.809885 0.190468 0.190485 0.193306 0.171686 0.202811 0.193006 0.80178 0.204467 0.202629 0.199444 0.201393 0.199778 0.255816 0.217108 0.199491 0.203894 0.740494 0.788103 0.808214 0.188767 0.16475 0.20031 0.197283
0.217122 0.809885 0.190468 0.190485 0.193306 0.171686 0.202811 0.193006 0.80178 0.204467 0.202629 0.199444 0.201393 0.199778 0.255816 0.217108 0.199491 0.203894 0.740494 0.788103 0.808214 0.188767 0.16475 0.20031 0.197283
0.217122 0.809885 0.190468 0.190485 0.193306 0.171686 0.202811 0.193006 0.80178 0.204467 0.202629 0.199444 0.201393 0.199778 0.255816 0.217108 0.199491 0.203894 0.740494 0.788103 0.808214 0.188767 0.16475 0.20031 0.197283
0.217122 0.809885 0.190468 0.190485 0.193306 0.171686 0.202811 0.193006 0.80178 0.204467 0.202629 0.199444 0.201393 0.199778 0.255816 0.217108 0.199491 0.203894 0.740494 0.788103 0.808214 0.188767 0.16475 0.20031 0.197283
0.217122 0.809885 0.190468 0.190485 0.193306 0.171686 0.202811 0.193006 0.80178 0.204467 0.202629 0.199444 0.201393 0.199778 0.255816 0.217108 0.199491 0.203894 0.740494 0.788103 0.808214 0.188767 0.16475 0.20031 0.197283
0.217122 0.809885 0.190468 0.190485 0.193306 0.171686 0.202811 0.193006 0.80178 0.204467 0.202629 0.199444 0.201393 0.199778 0.255816 0.217108 0.199491 0.203894 0.740494 0.788103 0.808214 0.188767 0.16475 0.20031 0.197283
0.217122 0.809885 0.190468 0.190485 0.193306 0.171686 0.202811 0.193006 0.80178 0.204467 0.202629 0.199444 0.201393 0.199778 0.255816 0.217108 0.199491 0.203894 0.740494 0.788103 0.808214 0.188767 0.16475 0.20031 0.197283
0.217122 0.809885 0.190468 0.190485 0.193306 0.171686 0.202811 0.193006 0.80178 0.204467 0.202629 0.199444 0.201393 0.199778 0.255816 0.217108 0.199491 0.203894 0.740494 0.788103 0.808214 0.188767 0.16475 0.20031 0.197283
0.217122 0.809885 0.190468 0.190485 0.193306 0.171686 0.202811 0.193006 0.80178 0.204467 0.202629 0.199444 0.201393 0.199778 0.255816 0.217108 0.199491 0.203894 0.740494 0.788103 0.808214 0.188767 0.16475 0.20031 0.197283
0.217122 0.809885 0.190468 0.190485 0.193306 0.171686 0.202811 0.193006 0.80178 0.204467 0.202629 0.199444 0.201393 0.199778 0.255816 0.217108 0.199491 0.203894 0.740494 0.788103 0.808214 0.188767 0.16475 0.20031 0.197283
0.217122 0.809885 0.190468 0.190485 0.193306 0.171686 0.202811 0.193006 0.80178 0.204467 0.202629 0.199444 0.201393 0.199778 0.255816 0.217108 0.199491 0.203894 0.740494 0.788103 0.808214 0.188767 0.16475 0.20031 0.197283
0.217122 0.809885 0.190468 0.190485 0.193306 0.171686 0.202811 0.193006 0.80178 0.204467 0.202629 0.199444 0.201393 0.199778 0.255816 0.217108 0.199491 0.203894 0.740494 0.788103 0.808214 0.188767 0.16475 0.20031 0.197283
0.217122 0.809885 0.190468 0.190485 0.193306 0.171686 0.202811 0.193006 0.80178 0.204467 0.202629 0.199444 0.201393 0.199778 0.255816 0.217108 0.199491 0.203894 0.740494 0.788103 0.808214 0.188767 0.16475 0.20031 0.197283
0.217122 0.809885 0.190468 0.190485 0.193306 0.171686 0.202811 0.193006 0.80178 0.204467 0.202629 0.199444 0.201393 0.199778 0.255816 0.217108 0.199491 0.203894 0.740494 0.788103 0.808214 0.188767 0.16475 0.20031 0.197283
0.217122 0.809885 0.190468 0.190485 0.193306 0.171686 0.202811 0.193006 0.80178 0.204467 0.202629 0.199444 0.201393 0.199778 0.255816 0.217108 0.199491 0.203894 0.740494 0.788103 0.808214 0.188767 0.16475 0.20031 0.197283
0.217122 0.809885 0.190468 0.190485 0.193306 0.171686 0.202811 0.193006 0.80178 0.204467 0.202629 0.199444 0.201393 0.199778 0.255816 0.217108 0.199491 0.203894 0.740494 0.788103 0.808214 0.188767 0.16475 0.20031 0.197283
0.217122 0.809885 0.190468 0.190485 0.193306 0.171686 0.202811 0.193006 0.80178 0.204467 0.202629 0.199444 0.201393 0.199778 0.255816 0.217108 0.199491 0.203894 0.740494 0.788103 0.808214 0.188767 0.16475 0.20031 0.197283
0.217122 0.809885 0.190468 0.190485 0.193306 0.171686 0.202811 0.193006 0.80178 0.204467 0.202629 0.199444 0.201393 0.199778 0.255816 0.217108 0.199491 0.203894 0.740494 0.788103 0.808214 0.188767 0.16475 0.20031 0.197283
0.217122 0.809885 0.190468 0.190485 0.193306 0.171686 0.202811 0.193006 0.80178 0.204467 0.202629 0.199444 0.201393 0.199778 0.255816 0.217108 0.199491 0.203894 0.740494 0.788103 0.808214 0.188767 0.16475 0.20031 0.197283
0.217122 0.809885 0.190468 0.190485 0.193306 0.171686 0.202811 0.193006 0.80178 0.204467 0.202629 0.199444 0.201393 0.199778 0.255816 0.217108 0.199491 0.203894 0.740494 0.788103 0.808214 0.188767 0.16475 0.20031 0.197283
0.217122 0.809885 0.190468 0.190485 0.193306 0.171686 0.202811 0.193006 0.80178 0.204467 0.202629 0.199444 0.201393 0.199778 0.255816 0.217108 0.199491 0.203894 0.740494 0.788103 0.808214 0.188767 0.16475 0.20031 0.197283
0.217122 0.809885 0.190468 0.190485 0.193306 0.171686 0.202811 0.193006 0.80178 0.204467 0.202629 0.199444 0.201393 0.199778 0.255816 0.217108 0.199491 0.203894 0.740494 0.788103 0.808214 0.188767 0.16475 0.20031 0.197283
0.217122 0.809885 0.190468 0.190485 0.193306 0.171686 0.202811 0.193006 0.80178 0.204467 0.202629 0.199444 0.201393 0.199778 0.255816 0.217108 0.199491 0.203894 0.740494 0.788103 0.808214 0.188767 0.16475 0.20031 0.197283
0.217122 0.809885 0.190468 0.190485 0.193306 0.171686 0.202811 0.193006 0.80178 0.204467 0.202629 0.199444 0.201393 0.199778 0.255816 0.217108 0.199491 0.203894 0.740494 0.788103 0.808214 0.188767 0.16475 0.20031 0.197283
0.217122 0.809885 0.190468 0.190485 0.193306 0.171686 0.202811 0.193006 0.80178 0.204467 0.202629 0.199444 0.201393 0.199778 0.255816 0.217108 0.199491 0.203894 0.740494 0.788103 0.808214 0.188767 0.16475 0.20031 0.197283
0.217122 0.809885 0.190468 0.190485 0.193306 0.171686 0.202811 0.193006 0.80178 0.204467 0.202629 0.199444 0.201393 0.199778 0.255816 0.217108 0.199491 0.203894 0.740494 0.788103 0.808214 0.188767 0.16475 0.20031 0.197283
0.217122 0.809885 0.190468 0.190485 0.193306 0.171686 0.202811 0.193006 0.80178 0.204467 0.202629 0.199444 0.201393 0.199778 0.255816 0.217108 0.199491 0.203894 0.740494 0.788103 0.808214 0.188767 0.16475 0.20031 0.197283
0.217122 0.809885 0.190468 0.190485 0.193306 0.171686 0.202811 0.193006 0.80178 0.204467 0.202629 0.199444 0.201393 0.199778 0.255816 0.217108 0.199491 0.203894 0.740494 0.788103 0.808214 0.188767 0.16475 0.20031 0.197283
0.217122 0.809885 0.190468 0.190485 0.193306 0.171686 0.202811 0.193006 0.80178 0.204467 0.202629 0.199444 0.201393 0.199778 0.255816 0.217108 0.199491 0.203894 0.740494 0.788103 0.808214 0.188767 0.16475 0.20031 0.197283
0.217122 0.809885 0.190468 0.190485 0.193306 0.171686 0.202811 0.193006 0.80178 0.204467 0.202629 0.199444 0.201393 0.199778 0.255816 0.217108 0.199491 0.203894 0.740494 0.788103 0.808214 0.188767 0.16475 0.20031 0.197283
0.217122 0.809885 0.190468 0.190485 0.193306 0.171686 0.202811 0.193006 0.80178 0.204467 0.202629 0.199444 0.201393 0.199778 0.255816 0.217108 0.199491 0.203894 0.740494 0.788103 0.808214 0.188767 0.16475 0.20031 0.197283
0.217122 0.809885 0.190468 0.190485 0.193306 0.171686 0.202811 0.193006 0.80178 0.204467 0.202629 0.199444 0.201393 0.199778 0.255816 0.217108 0.199491 0.203894 0.740494 0.788103 0.808214 0.188767 0.16475 0.20031 0.197283
0.217122 0.809885 0.190468 0.190485 0.193306 0.171686 0.202811 0.193006 0.80178 0.204467 0.202629 0.199444 0.201393 0.199778 0.255816 0.217108 0.199491 0.203894 0.740494 0.788103 0.808214 0.188767 0.16475 0.20031 0.197283
0.217122 0.809885 0.190468 0.190485 0.193306 0.171686 0.202811 0.193006 0.80178 0.204467 0.202629 0.199444 0.201393 0.199778 0.255816 0.217108 0.199491 0.203894 0.740494 0.788103 0.808214 0.188767 0.16475 0.20031 0.197283
0.217122 0.809885 0.190468 0.190485 0.193306 0.171686 0.202811 0.193006 0.80178 0.204467 0.202629 0.199444 0.201393 0.199778 0.255816 0.217108 0.199491 0.203894 0.740494 0.788103 0.808214 0.188767 0.16475 0.20031 0.197283
0.217122 0.809885 0.190468 0.190485 0.193306 0.171686 0.202811 0.193006 0.80178 0.204467 0.202629 0.199444 0.201393 0.199778 0.255816 0.217108 0.199491 0.203894 0.740494 0.788103 0.808214 0.188767 0.16475 0.20031 0.197283
0.217122 0.809885 0.190468 0.190485 0.193306 0.171686 0.202811 0.193006 0.80178 0.204467 0.202629 0.199444 0.201393 0.199778 0.255816 0.217108 0.199491 0.203894 0.740494 0.788103 0.808214 0.188767 0.16475 0.20031 0.197283
0.217122 0.809885 0.190468 0.190485 0.193306 0.171686 0.202811 0.193006 0.80178 0.204467 0.202629 0.199444 0.201393 0.199778 0.255816 0.217108 0.199491 0.203894 0.740494 0.788103 0.808214 0.188767 0.16475 0.20031 0.197283
0.217122 0.809885 0.190468 0.190485 0.193306 0.171686 0.202811 0.193006 0.80178 0.204467 0.202629 0.199444 0.201393 0.199778 0.255816 0.217108 0.199491 0.203894 0.740494 0.788103 0.808214 0.188767 0.16475 0.20031 0.197283
0.217122 0.809885 0.190468 0.190485 0.193306 0.171686 0.202811 0.193006 0.80178 0.204467 0.202629 0.199444 0.201393 0.199778 0.255816 0.217108 0.199491 0.203894 0.740494 0.788103 0.808214 0.188767 0.16475 0.20031 0.197283
0.217122 0.809885 0.190468 0.190485 0.193306 0.171686 0.202811 0.193006 0.80178 0.204467 0.202629 0.199444 0.201393 0.199778 0.255816 0.217108 0.199491 0.203894 0.740494 0.788103 0.808214 0.188767 0.16475 0.20031 0.197283
0.217122 0.809885 0.190468 0.190485 0.193306 0.171686 0.202811 0.193006 0.80178 0.204467 0.202629 0.199444 0.201393 0.199778 0.255816 0.217108 0.199491 0.203894 0.740494 0.788103 0.808214 0.188767 0.16475 0.20031 0.197283
0.217122 0.809885 0.190468 0.190485 0.193306 0.171686 0.202811 0.193006 0.80178 0.204467 0.202629 0.199444 0.201393 0.199778 0.255816 0.217108 0.199491 0.203894 0.740494 0.788103 0.808214 0.188767 0.16475 0.20031 0.197283
0.217122 0.809885 0.190468 0.190485 0.193306 0.171686 0.202811 0.193006 0.80178 0.204467 0.202629 0.199444 0.201393 0.199778 0.255816 0.217108 0.199491 0.203894 0.740494 0.788103 0.808214 0.188767 0.16475 0.20031 0.197283
0.217122 0.809885 0.190468 0.190485 0.193306 0.171686 0.202811 0.193006 0.80178 0.204467 0.202629 0.199444 0.201393 0.199778 0.255816 0.217108 0.199491 0.203894 0.740494 0.788103 0.808214 0.188767 0.16475 0.20031 0.197283
0.217122 0.809885 0.190468 0.190485 0.193306 0.171686 0.202811 0.193006 0.80178 0.204467 0.202629 0.199444 0.201393 0.199778 0.255816 0.217108 0.199491 0.203894 0.740494 0.788103 0.808214 0.188767 0.16475 0.20031 0.197283
0.217122 0.809885 0.190468 0.190485 0.193306 0.171686 0.202811 0.193006 0.80178 0.204467 0.202629 0.199444 0.201393 0.199778 0.255816 0.217108 0.199491 0.203894 0.740494 0.788103 0.808214 0.188767 0.16475 0.20031 0.197283
0.217122 0.809885 0.190468 0.190485 0.193306 0.171686 0.202811 0.193006 0.80178 0.204467 0.202629 0.199444 0.201393 0.199778 0.255816 0.217108 0.199491 0.203894 0.740494 0.788103 0.808214 0.188767 0.16475 0.20031 0.197283
0.217122 0.809885 0.190468 0.190485 0.193306 0.171686 0.202811 0.193006 0.80178 0.204467 0.202629 0.199444 0.201393 0.199778 0.255816 0.217108 0.199491 0.203894 0.740494 0.788103 0.808214 0.188767 0.16475 0.20031 0.197283
0.217122 0.809885 0.190468 0.190485 0.193306 0.171686 0.202811 0.193006 0.80178 0.204467 0.202629 0.199444 0.201393 0.199778 0.255816 0.217108 0.199491 0.203894 0.740494 0.788103 0.808214 0.188767 0.16475 0.20031 0.197283
0.217122 0.809885 0.190468 0.190485 0.193306 0.171686 0.202811 0.193006 0.80178 0.204467 0.202629 0.199444 0.201393 0.199778 0.255816 0.217108 0.199491 0.203894 0.740494 0.788103 0.808214 0.188767 0.16475 0.20031 0.197283
0.217122 0.809885 0.190468 0.190485 0.193306 0.171686 0.202811 0.193006 0.80178 0.204467 0.202629 0.199444 0.201393 0.199778 0.255816 0.217108 0.199491 0.203894 0.740494 0.788103 0.808214 0.188767 0.16475 0.20031 0.197283
0.217122 0.809885 0.190468 0.190485 0.193306 0.171686 0.202811 0.193006 0.80178 0.204467 0.202629 0.199444 0.201393 0.199778 0.255816 0.217108 0.199491 0.203894 0.740494 0.788103 0.808214 0.188767 0.16475 0.20031 0.197283
0.217122 0.809885 0.190468 0.190485 0.193306 0.171686 0.202811 0.193006 0.80178 0.204467 0.202629 0.199444 0.201393 0.199778 0.255816 0.217108 0.199491 0.203894 0.740494 0.788103 0.808214 0.188767 0.16475 0.20031 0.197283
0.217122 0.809885 0.190468 0.190485 0.193306 0.171686 0.202811 0.193006 0.80178 0.204467 0.202629 0.199444 0.201393 0.199778 0.255816 0.217108 0.199491 0.203894 0.740494 0.788103 0.808214 0.188767 0.16475 0.20031 0.197283
0.217122 0.809885 0.190468 0.190485 0.193306 0.171686 0.202811 0.193006 0.80178 0.204467 0.202629 0.199444 0.201393 0.199778 0.255816 0.217108 0.199491 0.203894 0.740494 0.788103 0.808214 0.188767 0.16475 0.20031 0.197283
0.217122 0.809885 0.190468 0.190485 0.193306 0.171686 0.202811 0.193006 0.80178 0.204467 0.202629 0.199444 0.201393 0.199778 0.255816 0.217108 0.199491 0.203894 0.740494 0.788103 0.808214 0.188767 0.16475 0.20031 0.197283
0.217122 0.809885 0.190468 0.190485 0.193306 0.171686 0.202811 0.193006 0.80178 0.204467 0.202629 0.199444 0.201393 0.199778 0.255816 0.217108 0.199491 0.203894 0.740494 0.788103 0.808214 0.188767 0.16475 0.20031 0.197283
0.217122 0.809885 0.190468 0.190485 0.193306 0.171686 0.202811 0.193006 0.80178 0.204467 0.202629 0.199444 0.201393 0.199778 0.255816 0.217108 0.199491 0.203894 0.740494 0.788103 0.808214 0.188767 0.16475 0.20031 0.197283
0.217122 0.809885 0.190468 0.190485 0.193306 0.171686 0.202811 0.193006 0.80178 0.204467 0.202629 0.199444 0.201393 0.199778 0.255816 0.217108 0.199491 0.203894 0.740494 0.788103 0.808214 0.188767 0.16475 0.20031 0.197283
0.217122 0.809885 0.190468 0.190485 0.193306 0.171686 0.202811 0.193006 0.80178 0.204467 0.202629 0.199444 0.201393 0.199778 0.255816 0.217108 0.199491 0.203894 0.740494 0.788103 0.808214 0.188767 0.16475 0.20031 0.197283
0.217122 0.809885 0.190468 0.190485 0.193306 0.171686 0.202811 0.193006 0.80178 0.204467 0.202629 0.199444 0.201393 0.199778 0.255816 0.217108 0.199491 0.203894 0.740494 0.788103 0.808214 0.188767 0.16475 0.20031 0.197283
0.217122 0.809885 0.190468 0.190485 0.193306 0.171686 0.202811 0.193006 0.80178 0.204467 0.202629 0.199444 0.201393 0.199778 0.255816 0.217108 0.199491 0.203894 0.740494 0.788103 0.808214 0.188767 0.16475 0.20031 0.197283
0.217122 0.809885 0.190468 0.190485 0.193306 0.171686 0.202811 0.193006 0.80178 0.204467 0.202629 0.199444 0.201393 0.199778 0.255816 0.217108 0.199491 0.203894 0.740494 0.788103 0.808214 0.188767 0.16475 0.20031 0.197283
0.217122 0.809885 0.190468 0.190485 0.193306 0.171686 0.202811 0.193006 0.80178 0.204467 0.202629 0.199444 0.201393 0.199778 0.255816 0.217108 0.199491 0.203894 0.740494 0.788103 0.808214 0.188767 0.16475 0.20031 0.197283
0.217122 0.809885 0.190468 0.190485 0.193306 0.171686 0.202811 0.193006 0.80178 0.204467 0.202629 0.199444 0.201393 0.199778 0.255816 0.217108 0.199491 0.203894 0.740494 0.788103 0.808214 0.188767 0.16475 0.20031 0.197283
0.217122 0.809885 0.190468 0.190485 0.193306 0.171686 0.202811 0.193006 0.80178 0.204467 0.202629 0.199444 0.201393 0.199778 0.255816 0.217108 0.199491 0.203894 0.740494 0.788103 0.808214 0.188767 0.16475 0.20031 0.197283
0.217122 0.809885 0.190468 0.190485 0.193306 0.171686 0.202811 0.193006 0.80178 0.204467 0.202629 0.199444 0.201393 0.199778 0.255816 0.217108 0.199491 0.203894 0.740494 0.788103 0.808214 0.188767 0.16475 0.20031 0.197283
0.217122 0.809885 0.190468 0.190485 0.193306 0.171686 0.202811 0.193006 0.80178 0.204467 0.202629 0.199444 0.201393 0.199778 0.255816 0.217108 0.199491 0.203894 0.740494 0.788103 0.808214 0.188767 0.16475 0.20031 0.197283
0.217122 0.809885 0.190468 0.190485 0.193306 0.171686 0.202811 0.193006 0.80178 0.204467 0.202629 0.199444 0.201393 0.199778 0.255816 0.217108 0.199491 0.203894 0.740494 0.788103 0.808214 0.188767 0.16475 0.20031 0.197283
0.217122 0.809885 0.190468 0.190485 0.193306 0.171686 0.202811 0.193006 0.80178 0.204467 0.202629 0.199444 0.201393 0.199778 0.255816 0.217108 0.199491 0.203894 0.740494 0.788103 0.808214 0.188767 0.16475 0.20031 0.197283
0.217122 0.809885 0.190468 0.190485 0.193306 0.171686 0.202811 0.193006 0.80178 0.204467 0.202629 0.199444 0.201393 0.199778 0.255816 0.217108 0.199491 0.203894 0.740494 0.788103 0.808214 0.188767 0.16475 0.20031 0.197283
0.217122 0.809885 0.190468 0.190485 0.193306 0.171686 0.202811 0.193006 0.80178 0.204467 0.202629 0.199444 0.201393 0.199778 0.255816 0.217108 0.199491 0.203894 0.740494 0.788103 0.808214 0.188767 0.16475 0.20031 0.197283
0.217122 0.809885 0.190468 0.190485 0.193306 0.171686 0.202811 0.193006 0.80178 0.204467 0.202629 0.199444 0.201393 0.199778 0.255816 0.217108 0.199491 0.203894 0.740494 0.788103 0.808214 0.188767 0.16475 0.20031 0.197283
0.217122 0.809885 0.190468 0.190485 0.193306 0.171686 0.202811 0.193006 0.80178 0.204467 0.202629 0.199444 0.201393 0.199778 0.255816 0.217108 0.199491 0.203894 0.740494 0.788103 0.808214 0.188767 0.16475 0.20031 0.197283
0.217122 0.809885 0.190468 0.190485 0.193306 0.171686 0.202811 0.193006 0.80178 0.204467 0.202629 0.199444 0.201393 0.199778 0.255816 0.217108 0.199491 0.203894 0.740494 0.788103 0.808214 0.188767 0.16475 0.20031 0.197283
0.217122 0.809885 0.190468 0.190485 0.193306 0.171686 0.202811 0.193006 0.80178 0.204467 0.202629 0.199444 0.201393 0.199778 0.255816 0.217108 0.199491 0.203894 0.740494 0.788103 0.808214 0.188767 0.16475 0.20031 0.197283
0.217122 0.809885 0.190468 0.190485 0.193306 0.171686 0.202811 0.193006 0.80178 0.204467 0.202629 0.199444 0.201393 0.199778 0.255816 0.217108 0.199491 0.203894 0.740494 0.788103 0.808214 0.188767 0.16475 0.20031 0.197283
0.217122 0.809885 0.190468 0.190485 0.193306 0.171686 0.202811 0.193006 0.80178 0.204467 0.202629 0.199444 0.201393 0.199778 0.255816 0.217108 0.199491 0.203894 0.740494 0.788103 0.808214 0.188767 0.16475 0.20031 0.197283
0.217122 0.809885 0.190468 0.190485 0.193306 0.171686 0.202811 0.193006 0.80178 0.204467 0.202629 0.199444 0.201393 0.199778 0.255816 0.217108 0.199491 0.203894 0.740494 0.788103 0.808214 0.188767 0.16475 0.20031 0.197283
0.217122 0.809885 0.190468 0.190485 0.193306 0.171686 0.202811 0.193006 0.80178 0.204467 0.202629 0.199444 0.201393 0.199778 0.255816 0.217108 0.199491 0.203894 0.740494 0.788103 0.808214 0.188767 0.16475 0.20031 0.197283
0.217122 0.809885 0.190468 0.190485 0.193306 0.171686 0.202811 0.193006 0.80178 0.204467 0.202629 0.199444 0.201393 0.199778 0.255816 0.217108 0.199491 0.203894 0.740494 0.788103 0.808214 0.188767 0.16475 0.20031 0.197283
0.217122 0.809885 0.190468 0.190485 0.193306 0.171686 0.202811 0.193006 0.80178 0.204467 0.202629 0.199444 0.201393 0.199778 0.255816 0.217108 0.199491 0.203894 0.740494 0.788103 0.808214 0.188767 0.16475 0.20031 0.197283
0.217122 0.809885 0.190468 0.190485 0.193306 0.171686 0.202811 0.193006 0.80178 0.204467 0.202629 0.199444 0.201393 0.199778 0.255816 0.217108 0.199491 0.203894 0.740494 0.788103 0.808214 0.188767 0.16475 0.20031 0.197283
0.217122 0.809885 0.190468 0.190485 0.193306 0.171686 0.202811 0.193006 0.80178 0.204467 0.202629 0.199444 0.201393 0.199778 0.255816 0.217108 0.199491 0.203894 0.740494 0.788103 0.808214 0.188767 0.16475 0.20031 0.197283
0.217122 0.809885 0.190468 0.190485 0.193306 0.171686 0.202811 0.193006 0.80178 0.204467 0.202629 0.199444 0.201393 0.199778 0.255816 0.217108 0.199491 0.203894 0.740494 0.788103 0.808214 0.188767 0.16475 0.20031 0.197283
0.217122 0.809885 0.190468 0.190485 0.193306 0.171686 0.202811 0.193006 0.80178 0.204467 0.202629 0.199444 0.201393 0.199778 0.255816 0.217108 0.199491 0.203894 0.740494 0.788103 0.808214 0.188767 0.16475 0.20031 0.197283
0.217122 0.809885 0.190468 0.190485 0.193306 0.171686 0.202811 0.193006 0.80178 0.204467 0.202629 0.199444 0.201393 0.199778 0.255816 0.217108 0.199491 0.203894 0.740494 0.788103 0.808214 0.188767 0.16475 0.20031 0.197283
0.217122 0.809885 0.190468 0.190485 0.193306 0.171686 0.202811 0.193006 0.80178 0.204467 0.202629 0.199444 0.201393 0.199778 0.255816 0.217108 0.199491 0.203894 0.740494 0.788103 0.808214 0.188767 0.16475 0.20031 0.197283
0.217122 0.809885 0.190468 0.190485 0.193306 0.171686 0.202811 0.193006 0.80178 0.204467 0.202629 0.199444 0.201393 0.199778 0.255816 0.217108 0.199491 0.203894 0.740494 0.788103 0.808214 0.188767 0.16475 0.20031 0.197283
0.217122 0.809885 0.190468 0.190485 0.193306 0.171686 0.202811 0.193006 0.80178 0.204467 0.202629 0.199444 0.201393 0.199778 0.255816 0.217108 0.199491 0.203894 0.740494 0.788103 0.808214 0.188767 0.16475 0.20031 0.197283
0.217122 0.809885 0.190468 0.190485 0.193306 0.171686 0.202811 0.193006 0.80178 0.204467 0.202629 0.199444 0.201393 0.199778 0.255816 0.217108 0.199491 0.203894 0.740494 0.788103 0.808214 0.188767 0.16475 0.20031 0.197283
0.217122 0.809885 0.190468 0.190485 0.193306 0.171686 0.202811 0.193006 0.80178 0.204467 0.202629 0.199444 0.201393 0.199778 0.255816 0.217108 0.199491 0.203894 0.740494 0.788103 0.808214 0.188767 0.16475 0.20031 0.197283
0.217122 0.809885 0.190468 0.190485 0.193306 0.171686 0.202811 0.193006 0.80178 0.204467 0.202629 0.199444 0.201393 0.199778 0.255816 0.217108 0.199491 0.203894 0.740494 0.788103 0.808214 0.188767 0.16475 0.20031 0.197283
0.217122 0.809885 0.190468 0.190485 0.193306 0.171686 0.202811 0.193006 0.80178 0.204467 0.202629 0.199444 0.201393 0.199778 0.255816 0.217108 0.199491 0.203894 0.740494 0.788103 0.808214 0.188767 0.16475 0.20031 0.197283
0.217122 0.809885 0.190468 0.190485 0.193306 0.171686 0.202811 0.193006 0.80178 0.204467 0.202629 0.199444 0.201393 0.199778 0.255816 0.217108 0.199491 0.203894 0.740494 0.788103 0.808214 0.188767 0.16475 0.20031 0.197283
0.217122 0.809885 0.190468 0.190485 0.193306 0.171686 0.202811 0.193006 0.80178 0.204467 0.202629 0.199444 0.201393 0.199778 0.255816 0.217108 0.199491 0.203894 0.740494 0.788103 0.808214 0.188767 0.16475 0.20031 0.197283
0.217122 0.809885 0.190468 0.190485 0.193306 0.171686 0.202811 0.193006 0.80178 0.204467 0.202629 0.199444 0.201393 0.199778 0.255816 0.217108 0.199491 0.203894 0.740494 0.788103 0.808214 0.188767 0.16475 0.20031 0.197283
0.217122 0.809885 0.190468 0.190485 0.193306 0.171686 0.202811 0.193006 0.80178 0.204467 0.202629 0.199444 0.201393 0.199778 0.255816 0.217108 0.199491 0.203894 0.740494 0.788103 0.808214 0.188767 0.16475 0.20031 0.197283
0.217122 0.809885 0.190468 0.190485 0.193306 0.171686 0.202811 0.193006 0.80178 0.204467 0.202629 0.199444 0.201393 0.199778 0.255816 0.217108 0.199491 0.203894 0.740494 0.788103 0.808214 0.188767 0.16475 0.20031 0.197283
0.217122 0.809885 0.190468 0.190485 0.193306 0.171686 0.202811 0.193006 0.80178 0.204467 0.202629 0.199444 0.201393 0.199778 0.255816 0.217108 0.199491 0.203894 0.740494 0.788103 0.808214 0.188767 0.16475 0.20031 0.197283
0.217122 0.809885 0.190468 0.190485 0.193306 0.171686 0.202811 0.193006 0.80178 0.204467 0.202629 0.199444 0.201393 0.199778 0.255816 0.217108 0.199491 0.203894 0.740494 0.788103 0.808214 0.188767 0.16475 0.20031 0.197283
0.217122 0.809885 0.190468 0.190485 0.193306 0.171686 0.202811 0.193006 0.80178 0.204467 0.202629 0.199444 0.201393 0.199778 0.255816 0.217108 0.199491 0.203894 0.740494 0.788103 0.808214 0.188767 0.16475 0.20031 0.197283
0.217122 0.809885 0.190468 0.190485 0.193306 0.171686 0.202811 0.193006 0.80178 0.204467 0.202629 0.199444 0.201393 0.199778 0.255816 0.217108 0.199491 0.203894 0.740494 0.788103 0.808214 0.188767 0.16475 0.20031 0.197283
0.217122 0.809885 0.190468 0.190485 0.193306 0.171686 0.202811 0.193006 0.80178 0.204467 0.202629 0.199444 0.201393 0.199778 0.255816 0.217108 0.199491 0.203894 0.740494 0.788103 0.808214 0.188767 0.16475 0.20031 0.197283
0.217122 0.809885 0.190468 0.190485 0.193306 0.171686 0.202811 0.193006 0.80178 0.204467 0.202629 0.199444 0.201393 0.199778 0.255816 0.217108 0.199491 0.203894 0.740494 0.788103 0.808214 0.188767 0.16475 0.20031 0.197283
0.217122 0.809885 0.190468 0.190485 0.193306 0.171686 0.202811 0.193006 0.80178 0.204467 0.202629 0.199444 0.201393 0.199778 0.255816 0.217108 0.199491 0.203894 0.740494 0.788103 0.808214 0.188767 0.16475 0.20031 0.197283
0.217122 0.809885 0.190468 0.190485 0.193306 0.171686 0.202811 0.193006 0.80178 0.204467 0.202629 0.199444 0.201393 0.199778 0.255816 0.217108 0.199491 0.203894 0.740494 0.788103 0.808214 0.188767 0.16475 0.20031 0.197283
0.217122 0.809885 0.190468 0.190485 0.193306 0.171686 0.202811 0.193006 0.80178 0.204467 0.202629 0.199444 0.201393 0.199778 0.255816 0.217108 0.199491 0.203894 0.740494 0.788103 0.808214 0.188767 0.16475 0.20031 0.197283
0.217122 0.809885 0.190468 0.190485 0.193306 0.171686 0.202811 0.193006 0.80178 0.204467 0.202629 0.199444 0.201393 0.199778 0.255816 0.217108 0.199491 0.203894 0.740494 0.788103 0.808214 0.188767 0.16475 0.20031 0.197283
0.217122 0.809885 0.190468 0.190485 0.193306 0.171686 0.202811 0.193006 0.80178 0.204467 0.202629 0.199444 0.201393 0.199778 0.255816 0.217108 0.199491 0.203894 0.740494 0.788103 0.808214 0.188767 0.16475 0.20031 0.197283
0.217122 0.809885 0.190468 0.190485 0.193306 0.171686 0.202811 0.193006 0.80178 0.204467 0.202629 0.199444 0.201393 0.199778 0.255816 0.217108 0.199491 0.203894 0.740494 0.788103 0.808214 0.188767 0.16475 0.20031 0.197283
0.217122 0.809885 0.190468 0.190485 0.193306 0.171686 0.202811 0.193006 0.80178 0.204467 0.202629 0.199444 0.201393 0.199778 0.255816 0.217108 0.199491 0.203894 0.740494 0.788103 0.808214 0.188767 0.16475 0.20031 0.197283
0.217122 0.809885 0.190468 0.190485 0.193306 0.171686 0.202811 0.193006 0.80178 0.204467 0.202629 0.199444 0.201393 0.199778 0.255816 0.217108 0.199491 0.203894 0.740494 0.788103 0.808214 0.188767 0.16475 0.20031 0.197283
0.217122 0.809885 0.190468 0.190485 0.193306 0.171686 0.202811 0.193006 0.80178 0.204467 0.202629 0.199444 0.201393 0.199778 0.255816 0.217108 0.199491 0.203894 0.740494 0.788103 0.808214 0.188767 0.16475 0.20031 0.197283
0.217122 0.809885 0.190468 0.190485 0.193306 0.171686 0.202811 0.193006 0.80178 0.204467 0.202629 0.199444 0.201393 0.199778 0.255816 0.217108 0.199491 0.203894 0.740494 0.788103 0.808214 0.188767 0.16475 0.20031 0.197283
0.217122 0.809885 0.190468 0.190485 0.193306 0.171686 0.202811 0.193006 0.80178 0.204467 0.202629 0.199444 0.201393 0.199778 0.255816 0.217108 0.199491 0.203894 0.740494 0.788103 0.808214 0.188767 0.16475 0.20031 0.197283
0.217122 0.809885 0.190468 0.190485 0.193306 0.171686 0.202811 0.193006 0.80178 0.204467 0.202629 0.199444 0.201393 0.199778 0.255816 0.217108 0.199491 0.203894 0.740494 0.788103 0.808214 0.188767 0.16475 0.20031 0.197283
0.217122 0.809885 0.190468 0.190485 0.193306 0.171686 0.202811 0.193006 0.80178 0.204467 0.202629 0.199444 0.201393 0.199778 0.255816 0.217108 0.199491 0.203894 0.740494 0.788103 0.808214 0.188767 0.16475 0.20031 0.197283
0.217122 0.809885 0.190468 0.190485 0.193306 0.171686 0.202811 0.193006 0.80178 0.204467 0.202629 0.199444 0.201393 0.199778 0.255816 0.217108 0.199491 0.203894 0.740494 0.788103 0.808214 0.188767 0.16475 0.20031 0.197283
0.217122 0.809885 0.190468 0.190485 0.193306 0.171686 0.202811 0.193006 0.80178 0.204467 0.202629 0.199444 0.201393 0.199778 0.255816 0.217108 0.199491 0.203894 0.740494 0.788103 0.808214 0.188767 0.16475 0.20031 0.197283
