0.281484 0.322633 0.323607 0.138033 0.162497 0.26829 0.231697 0.270368 0.305886 0.437761 0.160405 0.159064 0.159664 0.207259 0.273931 0.22396 0.158521 0.232834 0.215392 0.371123 0.24746 0.557241 0.232762 0.159014 0.227242
0.348629 0.32181 0.302276 0.333518 0.271406 0.371765 0.387993 0.357474 0.365423 0.276964 0.234472 0.341994 0.233211 0.311954 0.369558 0.302992 0.231269 0.389544 0.313489 0.327705 0.327822 0.362027 0.301894 0.232106 0.367107
0.337787 0.3469 0.352131 0.194481 0.2471 0.289486 0.299252 0.296268 0.34112 0.444155 0.205954 0.223046 0.204728 0.246001 0.275318 0.311585 0.202841 0.300519 0.258598 0.388301 0.289153 0.557392 0.299075 0.203654 0.26236
0.355512 0.307419 0.298892 0.302462 0.250602 0.349981 0.386436 0.3358 0.360251 0.270222 0.220972 0.302394 0.219662 0.290948 0.352276 0.29089 0.217645 0.387925 0.281693 0.335618 0.325392 0.421491 0.297841 0.218514 0.348286
0.358917 0.331186 0.337604 0.204873 0.257404 0.292809 0.335349 0.301984 0.350115 0.403941 0.209342 0.238945 0.208075 0.24248 0.269228 0.323978 0.206126 0.3367 0.259502 0.382776 0.29183 0.548626 0.313267 0.206966 0.271246
0.370028 0.301812 0.299365 0.280813 0.251975 0.334283 0.397101 0.32249 0.362136 0.269006 0.217979 0.283976 0.216674 0.275314 0.330791 0.296624 0.214665 0.398579 0.265856 0.343438 0.322223 0.466378 0.311563 0.21553 0.334294
0.378449 0.316203 0.323447 0.210125 0.261458 0.292407 0.365852 0.302538 0.355378 0.362925 0.210237 0.24407 0.208964 0.237806 0.266371 0.326158 0.207005 0.367254 0.255438 0.377524 0.294066 0.554886 0.326758 0.207849 0.276601
0.386802 0.296326 0.296606 0.261785 0.256739 0.320052 0.413119 0.313119 0.364065 0.264595 0.216049 0.273023 0.214751 0.259691 0.310022 0.303557 0.212754 0.4146 0.255432 0.348618 0.316338 0.504862 0.329166 0.213615 0.321424
0.397977 0.303904 0.310427 0.212557 0.26481 0.289441 0.395633 0.300271 0.358614 0.325368 0.210586 0.245796 0.209311 0.232318 0.263286 0.325482 0.207351 0.397073 0.250203 0.37155 0.294677 0.569592 0.342733 0.208195 0.279517
0.405431 0.290367 0.29121 0.245674 0.261986 0.306145 0.433294 0.305351 0.364517 0.256868 0.214442 0.265258 0.213151 0.245085 0.291613 0.308909 0.211165 0.43478 0.247689 0.350696 0.309039 0.541472 0.349066 0.21202 0.309432
0.41812 0.293501 0.297947 0.212866 0.267981 0.28395 0.426642 0.296366 0.359555 0.292717 0.210618 0.246111 0.209343 0.225837 0.259004 0.323369 0.207383 0.42811 0.244728 0.364314 0.292913 0.589813 0.36159 0.208227 0.279995
0.425922 0.283938 0.283862 0.23264 0.266661 0.292126 0.457794 0.298029 0.362721 0.246817 0.213032 0.258884 0.211747 0.23199 0.275655 0.311775 0.209771 0.459287 0.241298 0.349197 0.30071 0.577418 0.371196 0.210623 0.298255
0.439535 0.284163 0.285741 0.21167 0.270672 0.275832 0.46001 0.291248 0.35766 0.265482 0.210403 0.245309 0.20913 0.2187 0.253429 0.320041 0.207171 0.461497 0.239211 0.355425 0.288619 0.614039 0.383603 0.208015 0.278049
0.448542 0.276986 0.275098 0.222437 0.270092 0.27765 0.487097 0.290561 0.358068 0.23567 0.211774 0.252896 0.210495 0.220573 0.261854 0.311852 0.208527 0.488592 0.235495 0.343911 0.291416 0.612731 0.39593 0.209375 0.287697
0.462954 0.275281 0.27379 0.209453 0.272329 0.265095 0.496537 0.284974 0.352406 0.243539 0.209988 0.24311 0.208717 0.211417 0.246806 0.315416 0.206762 0.49803 0.233581 0.34459 0.281945 0.641047 0.409143 0.207604 0.273797
0.473764 0.269433 0.265416 0.214491 0.271725 0.262439 0.521528 0.282551 0.350092 0.224561 0.210633 0.246564 0.209359 0.210854 0.249859 0.309197 0.2074 0.523018 0.229803 0.334974 0.281183 0.647011 0.423845 0.208244 0.277415
0.489147 0.266441 0.262196 0.20649 0.272328 0.251975 0.536649 0.277437 0.343438 0.226355 0.209414 0.239127 0.208146 0.204486 0.239543 0.309413 0.206194 0.538134 0.227694 0.331717 0.273259 0.669538 0.43863 0.207035 0.267428
0.502156 0.261241 0.255308 0.208034 0.27108 0.246423 0.560895 0.273663 0.338567 0.214358 0.209583 0.239343 0.208314 0.202785 0.239397 0.304122 0.206362 0.562368 0.223904 0.322852 0.270156 0.679646 0.45553 0.207203 0.26702
0.518802 0.257405 0.251112 0.202816 0.270108 0.237041 0.580089 0.268495 0.330723 0.213216 0.208725 0.233149 0.207459 0.198295 0.232125 0.302091 0.205513 0.581549 0.221417 0.316987 0.26313 0.698065 0.472369 0.206352 0.259203
0.53418 0.252465 0.245223 0.202224 0.26782 0.229916 0.604101 0.263644 0.323666 0.205593 0.208609 0.230991 0.207345 0.196273 0.23033 0.297125 0.205399 0.60554 0.217598 0.308282 0.258689 0.709854 0.491296 0.206237 0.256244
0.552269 0.248125 0.240695 0.198272 0.265341 0.221243 0.625528 0.258104 0.314731 0.203388 0.207976 0.225368 0.206714 0.193083 0.225056 0.293705 0.204773 0.626945 0.214671 0.30087 0.252315 0.725108 0.510231 0.205609 0.249519
0.569836 0.243303 0.235532 0.196276 0.26189 0.213683 0.648865 0.252439 0.30612 0.198476 0.20772 0.221743 0.20646 0.191199 0.222664 0.288838 0.204521 0.650251 0.210805 0.292176 0.247377 0.736755 0.53077 0.205356 0.24512
0.589179 0.238767 0.231076 0.192625 0.258107 0.205847 0.670432 0.246478 0.296544 0.196189 0.20724 0.216521 0.205982 0.188951 0.218799 0.284705 0.204046 0.671787 0.207491 0.284059 0.241707 0.749248 0.551243 0.20488 0.239022
0.608242 0.234119 0.226508 0.189618 0.253672 0.198802 0.691923 0.240348 0.287258 0.192973 0.206954 0.212367 0.205697 0.187419 0.216473 0.279975 0.203764 0.693241 0.20361 0.275526 0.23697 0.759542 0.572505 0.204597 0.234085
0.62808 0.229699 0.222367 0.185788 0.248998 0.192157 0.711589 0.234197 0.277766 0.191028 0.206601 0.207761 0.205346 0.185879 0.213698 0.275676 0.203415 0.712869 0.200076 0.267383 0.232203 0.769424 0.593317 0.204247 0.228613
0.647384 0.225409 0.21836 0.182092 0.24402 0.186286 0.729939 0.22806 0.268767 0.188901 0.20636 0.203915 0.205106 0.184761 0.21179 0.271274 0.203177 0.731181 0.1963 0.259327 0.228174 0.777734 0.613932 0.204008 0.223881
0.666439 0.221403 0.214691 0.178042 0.239027 0.1811 0.746245 0.222145 0.260131 0.18742 0.206128 0.200248 0.204875 0.183761 0.209887 0.267243 0.202947 0.74745 0.1928 0.251713 0.224473 0.785168 0.633496 0.203778 0.219243
0.684429 0.217681 0.211274 0.174066 0.23407 0.176675 0.760695 0.216488 0.252212 0.186022 0.20597 0.197247 0.204718 0.183028 0.208501 0.263394 0.202791 0.761865 0.189322 0.244497 0.221404 0.791381 0.651964 0.203621 0.215226
0.701318 0.214309 0.208184 0.170077 0.229334 0.172955 0.773117 0.211245 0.244983 0.184986 0.205844 0.194674 0.204592 0.182431 0.20726 0.259933 0.202667 0.774255 0.186132 0.237842 0.218775 0.796684 0.668843 0.203497 0.211586
0.716672 0.211295 0.205401 0.166291 0.224885 0.169891 0.783698 0.206445 0.238573 0.184099 0.205768 0.192668 0.204517 0.182008 0.206331 0.256791 0.202593 0.784807 0.183142 0.231765 0.21666 0.80105 0.684072 0.203422 0.208498
0.730448 0.208652 0.202946 0.162736 0.220817 0.167406 0.792533 0.202159 0.232945 0.183435 0.205722 0.191093 0.204471 0.181697 0.205546 0.25404 0.202547 0.793617 0.180471 0.226325 0.214942 0.804664 0.697479 0.203376 0.205845
0.742521 0.206367 0.200805 0.159513 0.217158 0.165415 0.799843 0.198384 0.228098 0.182908 0.205706 0.189942 0.204455 0.181497 0.204942 0.251638 0.202531 0.800906 0.178083 0.22152 0.213601 0.8076 0.709113 0.20336 0.203648
0.752953 0.204423 0.198967 0.156641 0.213932 0.163838 0.805815 0.195119 0.223964 0.182525 0.205706 0.189116 0.204456 0.181373 0.204441 0.249587 0.202531 0.806859 0.176013 0.217343 0.212552 0.809984 0.719028 0.20336 0.201827
0.761816 0.202788 0.197411 0.154144 0.211126 0.162598 0.810657 0.192332 0.220483 0.182243 0.205721 0.188564 0.20447 0.181316 0.204042 0.247847 0.202545 0.811686 0.17423 0.213757 0.211752 0.811902 0.727373 0.203374 0.200348
0.76926 0.201431 0.196109 0.152006 0.208718 0.161629 0.81455 0.189985 0.217575 0.18205 0.205741 0.188214 0.20449 0.181303 0.203709 0.246391 0.202566 0.815568 0.172725 0.210716 0.211144 0.813444 0.734308 0.203395 0.19915
0.775438 0.200315 0.195032 0.150207 0.206674 0.160875 0.817666 0.188027 0.215167 0.181922 0.205766 0.18802 0.204514 0.181326 0.203434 0.245179 0.20259 0.818673 0.171466 0.208163 0.210687 0.814678 0.740016 0.203419 0.198191
0.780523 0.199405 0.194149 0.148712 0.204956 0.160289 0.820145 0.18641 0.213183 0.181844 0.20579 0.187935 0.204539 0.181371 0.203201 0.24418 0.202614 0.821144 0.170425 0.206038 0.210346 0.815664 0.744673 0.203443 0.197425
0.784674 0.198669 0.193431 0.147482 0.203522 0.159834 0.822112 0.185085 0.21156 0.181802 0.205813 0.187925 0.204562 0.18143 0.203005 0.243359 0.202637 0.823104 0.169572 0.204284 0.210094 0.816451 0.748449 0.203467 0.196818
0.788043 0.198077 0.192852 0.146479 0.202332 0.159481 0.823667 0.184005 0.210235 0.181786 0.205835 0.187964 0.204583 0.181498 0.202837 0.242688 0.202658 0.824654 0.168878 0.202844 0.209908 0.817079 0.751492 0.203488 0.196337
0.790764 0.197605 0.192387 0.145667 0.201351 0.159207 0.824893 0.18313 0.209159 0.181788 0.205853 0.188034 0.204602 0.181568 0.202694 0.24214 0.202677 0.825877 0.168316 0.201667 0.209772 0.817579 0.753934 0.203506 0.195958
0.792953 0.197229 0.192015 0.145014 0.200545 0.158994 0.825859 0.182424 0.208287 0.1818 0.205869 0.188119 0.204618 0.181638 0.202571 0.241696 0.202692 0.826839 0.167865 0.200711 0.209673 0.817978 0.755887 0.203522 0.19566
0.794709 0.196931 0.19172 0.14449 0.199885 0.158828 0.826619 0.181856 0.207583 0.181819 0.205883 0.18821 0.204631 0.181705 0.202466 0.241335 0.202706 0.827596 0.167504 0.199935 0.209601 0.818295 0.757444 0.203535 0.195425
0.796113 0.196696 0.191485 0.144072 0.199347 0.158698 0.827215 0.181401 0.207014 0.181842 0.205894 0.188301 0.204642 0.181767 0.202377 0.241042 0.202717 0.828191 0.167215 0.199309 0.20955 0.818547 0.758683 0.203546 0.195241
0.797233 0.196511 0.191298 0.143739 0.198908 0.158596 0.827684 0.181038 0.206556 0.181865 0.205903 0.188388 0.204651 0.181824 0.202301 0.240805 0.202726 0.828658 0.166986 0.198803 0.209513 0.818748 0.759667 0.203555 0.195097
0.798126 0.196366 0.191151 0.143474 0.198552 0.158516 0.828051 0.180747 0.206187 0.181889 0.205911 0.188469 0.204659 0.181876 0.202236 0.240614 0.202733 0.829024 0.166804 0.198396 0.209488 0.818908 0.760448 0.203563 0.194984
0.798837 0.196252 0.191035 0.143265 0.198263 0.158454 0.82834 0.180516 0.205891 0.181911 0.205917 0.188542 0.204665 0.181922 0.202181 0.240459 0.202739 0.829312 0.166659 0.198069 0.20947 0.819035 0.761066 0.203569 0.194895
0.799403 0.196164 0.190943 0.143098 0.198028 0.158404 0.828566 0.180332 0.205653 0.181931 0.205922 0.188606 0.20467 0.181962 0.202135 0.240334 0.202744 0.829537 0.166545 0.197806 0.209458 0.819136 0.761556 0.203574 0.194826
0.799852 0.196095 0.190871 0.142966 0.197839 0.158365 0.828743 0.180186 0.205462 0.181949 0.205926 0.188663 0.204674 0.181998 0.202096 0.240233 0.202748 0.829714 0.166455 0.197595 0.20945 0.819216 0.761944 0.203578 0.194772
0.800209 0.196041 0.190814 0.142862 0.197685 0.158333 0.828882 0.18007 0.205309 0.181965 0.205929 0.188712 0.204677 0.182028 0.202064 0.240151 0.202751 0.829852 0.166384 0.197426 0.209445 0.81928 0.76225 0.203581 0.194729
0.800492 0.195999 0.190769 0.14278 0.197561 0.158308 0.828991 0.179978 0.205186 0.181979 0.205932 0.188755 0.20468 0.182055 0.202036 0.240085 0.202754 0.829961 0.166328 0.197291 0.209442 0.819331 0.762493 0.203584 0.194696
0.800717 0.195967 0.190734 0.142715 0.197461 0.158289 0.829076 0.179904 0.205088 0.181992 0.205934 0.188791 0.204682 0.182077 0.202014 0.240032 0.202756 0.830046 0.166284 0.197182 0.20944 0.819371 0.762684 0.203586 0.19467
0.800896 0.195942 0.190706 0.142663 0.197381 0.158273 0.829143 0.179847 0.205009 0.182002 0.205935 0.188821 0.204683 0.182096 0.201995 0.239989 0.202757 0.830112 0.166249 0.197095 0.209439 0.819403 0.762836 0.203587 0.194649
0.801037 0.195923 0.190684 0.142623 0.197315 0.15826 0.829196 0.179801 0.204946 0.182011 0.205937 0.188847 0.204685 0.182113 0.201979 0.239954 0.202759 0.830165 0.166221 0.197026 0.209439 0.819428 0.762956 0.203589 0.194633
0.80115 0.195908 0.190666 0.14259 0.197263 0.15825 0.829237 0.179764 0.204895 0.182019 0.205938 0.188869 0.204686 0.182126 0.201966 0.239926 0.20276 0.830206 0.1662 0.19697 0.209439 0.819449 0.76305 0.20359 0.194621
0.801239 0.195896 0.190653 0.142565 0.197221 0.158242 0.829269 0.179735 0.204855 0.182025 0.205938 0.188887 0.204686 0.182138 0.201955 0.239903 0.202761 0.830238 0.166183 0.196925 0.20944 0.819465 0.763125 0.20359 0.194611
0.801309 0.195888 0.190642 0.142545 0.197187 0.158235 0.829295 0.179713 0.204823 0.182031 0.205939 0.188902 0.204687 0.182148 0.201946 0.239885 0.202761 0.830263 0.16617 0.19689 0.20944 0.819477 0.763184 0.203591 0.194603
0.801365 0.195881 0.190633 0.142529 0.197159 0.15823 0.829315 0.179695 0.204797 0.182035 0.20594 0.188915 0.204688 0.182156 0.201938 0.23987 0.202762 0.830283 0.166159 0.196861 0.209441 0.819488 0.763231 0.203592 0.194597
0.80141 0.195876 0.190626 0.142516 0.197137 0.158225 0.82933 0.17968 0.204776 0.182039 0.20594 0.188925 0.204688 0.182163 0.201932 0.239858 0.202762 0.830299 0.166151 0.196838 0.209442 0.819496 0.763268 0.203592 0.194592
0.801445 0.195872 0.190621 0.142506 0.197119 0.158222 0.829343 0.179669 0.204759 0.182042 0.20594 0.188934 0.204688 0.182168 0.201927 0.239849 0.202763 0.830311 0.166145 0.19682 0.209443 0.819502 0.763297 0.203592 0.194589
0.801473 0.195869 0.190617 0.142499 0.197105 0.158219 0.829352 0.17966 0.204746 0.182045 0.205941 0.188941 0.204689 0.182173 0.201923 0.239841 0.202763 0.830321 0.16614 0.196805 0.209443 0.819507 0.763321 0.203593 0.194586
0.801495 0.195866 0.190613 0.142492 0.197094 0.158217 0.82936 0.179653 0.204735 0.182047 0.205941 0.188947 0.204689 0.182177 0.20192 0.239835 0.202763 0.830328 0.166136 0.196794 0.209444 0.819511 0.763339 0.203593 0.194583
0.801513 0.195865 0.190611 0.142487 0.197084 0.158215 0.829366 0.179647 0.204727 0.182049 0.205941 0.188951 0.204689 0.18218 0.201917 0.239829 0.202763 0.830334 0.166133 0.196784 0.209444 0.819514 0.763353 0.203593 0.194581
0.801527 0.195863 0.190609 0.142484 0.197077 0.158214 0.829371 0.179643 0.20472 0.18205 0.205941 0.188955 0.204689 0.182183 0.201915 0.239825 0.202763 0.830339 0.16613 0.196777 0.209445 0.819517 0.763365 0.203593 0.19458
0.801538 0.195862 0.190607 0.14248 0.197071 0.158212 0.829374 0.179639 0.204715 0.182051 0.205941 0.188959 0.204689 0.182185 0.201913 0.239822 0.202763 0.830343 0.166128 0.196771 0.209445 0.819519 0.763374 0.203593 0.194579
0.801547 0.195862 0.190606 0.142478 0.197066 0.158211 0.829377 0.179637 0.20471 0.182052 0.205941 0.188961 0.204689 0.182187 0.201911 0.239819 0.202763 0.830346 0.166127 0.196766 0.209445 0.819521 0.763381 0.203593 0.194578
0.801554 0.195861 0.190605 0.142476 0.197062 0.158211 0.829379 0.179635 0.204707 0.182053 0.205941 0.188963 0.204689 0.182188 0.20191 0.239817 0.202764 0.830348 0.166126 0.196762 0.209446 0.819522 0.763387 0.203593 0.194577
0.801559 0.195861 0.190604 0.142475 0.197059 0.15821 0.829381 0.179633 0.204704 0.182054 0.205941 0.188965 0.20469 0.182189 0.201909 0.239815 0.202764 0.83035 0.166125 0.196759 0.209446 0.819523 0.763391 0.203593 0.194577
0.801564 0.19586 0.190603 0.142473 0.197057 0.158209 0.829383 0.179631 0.204702 0.182054 0.205942 0.188967 0.20469 0.18219 0.201908 0.239814 0.202764 0.830351 0.166124 0.196757 0.209446 0.819524 0.763395 0.203593 0.194576
0.801567 0.19586 0.190603 0.142472 0.197055 0.158209 0.829384 0.17963 0.2047 0.182055 0.205942 0.188968 0.20469 0.182191 0.201908 0.239813 0.202764 0.830352 0.166124 0.196755 0.209446 0.819524 0.763398 0.203594 0.194576
0.80157 0.19586 0.190602 0.142472 0.197053 0.158209 0.829385 0.179629 0.204699 0.182055 0.205942 0.188969 0.20469 0.182192 0.201907 0.239812 0.202764 0.830353 0.166123 0.196753 0.209447 0.819525 0.7634 0.203594 0.194576
0.801572 0.19586 0.190602 0.142471 0.197052 0.158208 0.829385 0.179629 0.204698 0.182055 0.205942 0.18897 0.20469 0.182192 0.201907 0.239811 0.202764 0.830354 0.166123 0.196752 0.209447 0.819525 0.763402 0.203594 0.194575
0.801574 0.19586 0.190602 0.142471 0.197051 0.158208 0.829386 0.179628 0.204697 0.182056 0.205942 0.18897 0.20469 0.182193 0.201906 0.239811 0.202764 0.830354 0.166123 0.196751 0.209447 0.819526 0.763403 0.203594 0.194575
0.801576 0.19586 0.190601 0.14247 0.19705 0.158208 0.829386 0.179628 0.204696 0.182056 0.205942 0.188971 0.20469 0.182193 0.201906 0.23981 0.202764 0.830355 0.166122 0.19675 0.209447 0.819526 0.763404 0.203594 0.194575
0.801577 0.19586 0.190601 0.14247 0.197049 0.158208 0.829387 0.179627 0.204696 0.182056 0.205942 0.188971 0.20469 0.182193 0.201906 0.23981 0.202764 0.830355 0.166122 0.19675 0.209447 0.819526 0.763405 0.203594 0.194575
0.801578 0.19586 0.190601 0.14247 0.197049 0.158208 0.829387 0.179627 0.204695 0.182056 0.205942 0.188971 0.20469 0.182194 0.201905 0.239809 0.202764 0.830355 0.166122 0.196749 0.209447 0.819526 0.763406 0.203594 0.194575
0.801578 0.19586 0.190601 0.14247 0.197048 0.158208 0.829387 0.179627 0.204695 0.182056 0.205942 0.188972 0.20469 0.182194 0.201905 0.239809 0.202764 0.830356 0.166122 0.196749 0.209447 0.819526 0.763407 0.203594 0.194575
0.801579 0.19586 0.190601 0.142469 0.197048 0.158207 0.829387 0.179627 0.204694 0.182056 0.205942 0.188972 0.20469 0.182194 0.201905 0.239809 0.202764 0.830356 0.166122 0.196748 0.209447 0.819526 0.763407 0.203594 0.194575
0.801579 0.19586 0.190601 0.142469 0.197048 0.158207 0.829387 0.179627 0.204694 0.182056 0.205942 0.188972 0.20469 0.182194 0.201905 0.239809 0.202764 0.830356 0.166122 0.196748 0.209447 0.819526 0.763407 0.203594 0.194575
0.80158 0.19586 0.190601 0.142469 0.197047 0.158207 0.829387 0.179627 0.204694 0.182056 0.205942 0.188972 0.20469 0.182194 0.201905 0.239809 0.202764 0.830356 0.166122 0.196748 0.209447 0.819527 0.763408 0.203594 0.194575
0.80158 0.19586 0.190601 0.142469 0.197047 0.158207 0.829388 0.179626 0.204694 0.182056 0.205942 0.188972 0.20469 0.182194 0.201905 0.239809 0.202764 0.830356 0.166122 0.196748 0.209447 0.819527 0.763408 0.203594 0.194575
0.80158 0.19586 0.190601 0.142469 0.197047 0.158207 0.829388 0.179626 0.204694 0.182056 0.205942 0.188972 0.20469 0.182194 0.201905 0.239808 0.202764 0.830356 0.166122 0.196748 0.209447 0.819527 0.763408 0.203594 0.194575
0.80158 0.19586 0.190601 0.142469 0.197047 0.158207 0.829388 0.179626 0.204694 0.182057 0.205942 0.188973 0.20469 0.182194 0.201905 0.239808 0.202764 0.830356 0.166122 0.196747 0.209447 0.819527 0.763408 0.203594 0.194575
0.80158 0.19586 0.190601 0.142469 0.197047 0.158207 0.829388 0.179626 0.204694 0.182057 0.205942 0.188973 0.20469 0.182194 0.201905 0.239808 0.202764 0.830356 0.166122 0.196747 0.209447 0.819527 0.763408 0.203594 0.194575
0.80158 0.19586 0.190601 0.142469 0.197047 0.158207 0.829388 0.179626 0.204693 0.182057 0.205942 0.188973 0.20469 0.182194 0.201905 0.239808 0.202764 0.830356 0.166122 0.196747 0.209447 0.819527 0.763408 0.203594 0.194575
0.801581 0.19586 0.190601 0.142469 0.197047 0.158207 0.829388 0.179626 0.204693 0.182057 0.205942 0.188973 0.20469 0.182194 0.201905 0.239808 0.202764 0.830356 0.166122 0.196747 0.209447 0.819527 0.763408 0.203594 0.194575
0.801581 0.19586 0.190601 0.142469 0.197047 0.158207 0.829388 0.179626 0.204693 0.182057 0.205942 0.188973 0.20469 0.182194 0.201905 0.239808 0.202764 0.830356 0.166122 0.196747 0.209447 0.819527 0.763408 0.203594 0.194575
0.801581 0.19586 0.190601 0.142469 0.197047 0.158207 0.829388 0.179626 0.204693 0.182057 0.205942 0.188973 0.20469 0.182195 0.201905 0.239808 0.202764 0.830356 0.166122 0.196747 0.209447 0.819527 0.763408 0.203594 0.194575
0.801581 0.19586 0.190601 0.142469 0.197047 0.158207 0.829388 0.179626 0.204693 0.182057 0.205942 0.188973 0.20469 0.182195 0.201905 0.239808 0.202764 0.830356 0.166122 0.196747 0.209447 0.819527 0.763409 0.203594 0.194575
0.801581 0.19586 0.190601 0.142469 0.197047 0.158207 0.829388 0.179626 0.204693 0.182057 0.205942 0.188973 0.20469 0.182195 0.201905 0.239808 0.202764 0.830356 0.166122 0.196747 0.209447 0.819527 0.763409 0.203594 0.194575
0.801581 0.19586 0.190601 0.142469 0.197047 0.158207 0.829388 0.179626 0.204693 0.182057 0.205942 0.188973 0.20469 0.182195 0.201905 0.239808 0.202764 0.830356 0.166122 0.196747 0.209447 0.819527 0.763409 0.203594 0.194575
0.801581 0.19586 0.190601 0.142469 0.197047 0.158207 0.829388 0.179626 0.204693 0.182057 0.205942 0.188973 0.20469 0.182195 0.201905 0.239808 0.202764 0.830356 0.166122 0.196747 0.209447 0.819527 0.763409 0.203594 0.194575
0.801581 0.19586 0.190601 0.142469 0.197047 0.158207 0.829388 0.179626 0.204693 0.182057 0.205942 0.188973 0.20469 0.182195 0.201905 0.239808 0.202764 0.830356 0.166122 0.196747 0.209447 0.819527 0.763409 0.203594 0.194575
0.801581 0.19586 0.190601 0.142469 0.197047 0.158207 0.829388 0.179626 0.204693 0.182057 0.205942 0.188973 0.20469 0.182195 0.201905 0.239808 0.202764 0.830356 0.166122 0.196747 0.209447 0.819527 0.763409 0.203594 0.194575
0.801581 0.19586 0.190601 0.142469 0.197047 0.158207 0.829388 0.179626 0.204693 0.182057 0.205942 0.188973 0.20469 0.182195 0.201905 0.239808 0.202764 0.830356 0.166122 0.196747 0.209447 0.819527 0.763409 0.203594 0.194575
0.801581 0.19586 0.190601 0.142469 0.197047 0.158207 0.829388 0.179626 0.204693 0.182057 0.205942 0.188973 0.20469 0.182195 0.201905 0.239808 0.202764 0.830356 0.166122 0.196747 0.209447 0.819527 0.763409 0.203594 0.194575
0.801581 0.19586 0.190601 0.142469 0.197047 0.158207 0.829388 0.179626 0.204693 0.182057 0.205942 0.188973 0.20469 0.182195 0.201905 0.239808 0.202764 0.830356 0.166122 0.196747 0.209447 0.819527 0.763409 0.203594 0.194575
0.801581 0.19586 0.190601 0.142469 0.197047 0.158207 0.829388 0.179626 0.204693 0.182057 0.205942 0.188973 0.20469 0.182195 0.201905 0.239808 0.202764 0.830356 0.166122 0.196747 0.209447 0.819527 0.763409 0.203594 0.194575
0.801581 0.19586 0.190601 0.142469 0.197047 0.158207 0.829388 0.179626 0.204693 0.182057 0.205942 0.188973 0.20469 0.182195 0.201905 0.239808 0.202764 0.830356 0.166122 0.196747 0.209447 0.819527 0.763409 0.203594 0.194575
0.801581 0.19586 0.190601 0.142469 0.197047 0.158207 0.829388 0.179626 0.204693 0.182057 0.205942 0.188973 0.20469 0.182195 0.201905 0.239808 0.202764 0.830356 0.166122 0.196747 0.209447 0.819527 0.763409 0.203594 0.194575
0.801581 0.19586 0.190601 0.142469 0.197047 0.158207 0.829388 0.179626 0.204693 0.182057 0.205942 0.188973 0.20469 0.182195 0.201905 0.239808 0.202764 0.830356 0.166122 0.196747 0.209447 0.819527 0.763409 0.203594 0.194575
0.801581 0.19586 0.190601 0.142469 0.197047 0.158207 0.829388 0.179626 0.204693 0.182057 0.205942 0.188973 0.20469 0.182195 0.201905 0.239808 0.202764 0.830356 0.166122 0.196747 0.209447 0.819527 0.763409 0.203594 0.194575
0.801581 0.19586 0.190601 0.142469 0.197047 0.158207 0.829388 0.179626 0.204693 0.182057 0.205942 0.188973 0.20469 0.182195 0.201905 0.239808 0.202764 0.830356 0.166122 0.196747 0.209447 0.819527 0.763409 0.203594 0.194575
0.801581 0.19586 0.190601 0.142469 0.197047 0.158207 0.829388 0.179626 0.204693 0.182057 0.205942 0.188973 0.20469 0.182195 0.201905 0.239808 0.202764 0.830356 0.166122 0.196747 0.209447 0.819527 0.763409 0.203594 0.194575
0.801581 0.19586 0.190601 0.142469 0.197047 0.158207 0.829388 0.179626 0.204693 0.182057 0.205942 0.188973 0.20469 0.182195 0.201905 0.239808 0.202764 0.830356 0.166122 0.196747 0.209447 0.819527 0.763409 0.203594 0.194575
0.801581 0.19586 0.190601 0.142469 0.197047 0.158207 0.829388 0.179626 0.204693 0.182057 0.205942 0.188973 0.20469 0.182195 0.201905 0.239808 0.202764 0.830356 0.166122 0.196747 0.209447 0.819527 0.763409 0.203594 0.194575
0.801581 0.19586 0.190601 0.142469 0.197047 0.158207 0.829388 0.179626 0.204693 0.182057 0.205942 0.188973 0.20469 0.182195 0.201905 0.239808 0.202764 0.830356 0.166122 0.196747 0.209447 0.819527 0.763409 0.203594 0.194575
0.801581 0.19586 0.190601 0.142469 0.197047 0.158207 0.829388 0.179626 0.204693 0.182057 0.205942 0.188973 0.20469 0.182195 0.201905 0.239808 0.202764 0.830356 0.166122 0.196747 0.209447 0.819527 0.763409 0.203594 0.194575
0.801581 0.19586 0.190601 0.142469 0.197047 0.158207 0.829388 0.179626 0.204693 0.182057 0.205942 0.188973 0.20469 0.182195 0.201905 0.239808 0.202764 0.830356 0.166122 0.196747 0.209447 0.819527 0.763409 0.203594 0.194575
0.801581 0.19586 0.190601 0.142469 0.197047 0.158207 0.829388 0.179626 0.204693 0.182057 0.205942 0.188973 0.20469 0.182195 0.201905 0.239808 0.202764 0.830356 0.166122 0.196747 0.209447 0.819527 0.763409 0.203594 0.194575
0.801581 0.19586 0.190601 0.142469 0.197047 0.158207 0.829388 0.179626 0.204693 0.182057 0.205942 0.188973 0.20469 0.182195 0.201905 0.239808 0.202764 0.830356 0.166122 0.196747 0.209447 0.819527 0.763409 0.203594 0.194575
0.801581 0.19586 0.190601 0.142469 0.197047 0.158207 0.829388 0.179626 0.204693 0.182057 0.205942 0.188973 0.20469 0.182195 0.201905 0.239808 0.202764 0.830356 0.166122 0.196747 0.209447 0.819527 0.763409 0.203594 0.194575
0.801581 0.19586 0.190601 0.142469 0.197047 0.158207 0.829388 0.179626 0.204693 0.182057 0.205942 0.188973 0.20469 0.182195 0.201905 0.239808 0.202764 0.830356 0.166122 0.196747 0.209447 0.819527 0.763409 0.203594 0.194575
0.801581 0.19586 0.190601 0.142469 0.197047 0.158207 0.829388 0.179626 0.204693 0.182057 0.205942 0.188973 0.20469 0.182195 0.201905 0.239808 0.202764 0.830356 0.166122 0.196747 0.209447 0.819527 0.763409 0.203594 0.194575
0.801581 0.19586 0.190601 0.142469 0.197047 0.158207 0.829388 0.179626 0.204693 0.182057 0.205942 0.188973 0.20469 0.182195 0.201905 0.239808 0.202764 0.830356 0.166122 0.196747 0.209447 0.819527 0.763409 0.203594 0.194575
0.801581 0.19586 0.190601 0.142469 0.197047 0.158207 0.829388 0.179626 0.204693 0.182057 0.205942 0.188973 0.20469 0.182195 0.201905 0.239808 0.202764 0.830356 0.166122 0.196747 0.209447 0.819527 0.763409 0.203594 0.194575
0.801581 0.19586 0.190601 0.142469 0.197047 0.158207 0.829388 0.179626 0.204693 0.182057 0.205942 0.188973 0.20469 0.182195 0.201905 0.239808 0.202764 0.830356 0.166122 0.196747 0.209447 0.819527 0.763409 0.203594 0.194575
0.801581 0.19586 0.190601 0.142469 0.197047 0.158207 0.829388 0.179626 0.204693 0.182057 0.205942 0.188973 0.20469 0.182195 0.201905 0.239808 0.202764 0.830356 0.166122 0.196747 0.209447 0.819527 0.763409 0.203594 0.194575
0.801581 0.19586 0.190601 0.142469 0.197047 0.158207 0.829388 0.179626 0.204693 0.182057 0.205942 0.188973 0.20469 0.182195 0.201905 0.239808 0.202764 0.830356 0.166122 0.196747 0.209447 0.819527 0.763409 0.203594 0.194575
0.801581 0.19586 0.190601 0.142469 0.197047 0.158207 0.829388 0.179626 0.204693 0.182057 0.205942 0.188973 0.20469 0.182195 0.201905 0.239808 0.202764 0.830356 0.166122 0.196747 0.209447 0.819527 0.763409 0.203594 0.194575
0.801581 0.19586 0.190601 0.142469 0.197047 0.158207 0.829388 0.179626 0.204693 0.182057 0.205942 0.188973 0.20469 0.182195 0.201905 0.239808 0.202764 0.830356 0.166122 0.196747 0.209447 0.819527 0.763409 0.203594 0.194575
0.801581 0.19586 0.190601 0.142469 0.197047 0.158207 0.829388 0.179626 0.204693 0.182057 0.205942 0.188973 0.20469 0.182195 0.201905 0.239808 0.202764 0.830356 0.166122 0.196747 0.209447 0.819527 0.763409 0.203594 0.194575
0.801581 0.19586 0.190601 0.142469 0.197047 0.158207 0.829388 0.179626 0.204693 0.182057 0.205942 0.188973 0.20469 0.182195 0.201905 0.239808 0.202764 0.830356 0.166122 0.196747 0.209447 0.819527 0.763409 0.203594 0.194575
0.801581 0.19586 0.190601 0.142469 0.197047 0.158207 0.829388 0.179626 0.204693 0.182057 0.205942 0.188973 0.20469 0.182195 0.201905 0.239808 0.202764 0.830356 0.166122 0.196747 0.209447 0.819527 0.763409 0.203594 0.194575
0.801581 0.19586 0.190601 0.142469 0.197047 0.158207 0.829388 0.179626 0.204693 0.182057 0.205942 0.188973 0.20469 0.182195 0.201905 0.239808 0.202764 0.830356 0.166122 0.196747 0.209447 0.819527 0.763409 0.203594 0.194575
0.801581 0.19586 0.190601 0.142469 0.197047 0.158207 0.829388 0.179626 0.204693 0.182057 0.205942 0.188973 0.20469 0.182195 0.201905 0.239808 0.202764 0.830356 0.166122 0.196747 0.209447 0.819527 0.763409 0.203594 0.194575
0.801581 0.19586 0.190601 0.142469 0.197047 0.158207 0.829388 0.179626 0.204693 0.182057 0.205942 0.188973 0.20469 0.182195 0.201905 0.239808 0.202764 0.830356 0.166122 0.196747 0.209447 0.819527 0.763409 0.203594 0.194575
0.801581 0.19586 0.190601 0.142469 0.197047 0.158207 0.829388 0.179626 0.204693 0.182057 0.205942 0.188973 0.20469 0.182195 0.201905 0.239808 0.202764 0.830356 0.166122 0.196747 0.209447 0.819527 0.763409 0.203594 0.194575
0.801581 0.19586 0.190601 0.142469 0.197047 0.158207 0.829388 0.179626 0.204693 0.182057 0.205942 0.188973 0.20469 0.182195 0.201905 0.239808 0.202764 0.830356 0.166122 0.196747 0.209447 0.819527 0.763409 0.203594 0.194575
0.801581 0.19586 0.190601 0.142469 0.197047 0.158207 0.829388 0.179626 0.204693 0.182057 0.205942 0.188973 0.20469 0.182195 0.201905 0.239808 0.202764 0.830356 0.166122 0.196747 0.209447 0.819527 0.763409 0.203594 0.194575
0.801581 0.19586 0.190601 0.142469 0.197047 0.158207 0.829388 0.179626 0.204693 0.182057 0.205942 0.188973 0.20469 0.182195 0.201905 0.239808 0.202764 0.830356 0.166122 0.196747 0.209447 0.819527 0.763409 0.203594 0.194575
0.801581 0.19586 0.190601 0.142469 0.197047 0.158207 0.829388 0.179626 0.204693 0.182057 0.205942 0.188973 0.20469 0.182195 0.201905 0.239808 0.202764 0.830356 0.166122 0.196747 0.209447 0.819527 0.763409 0.203594 0.194575
0.801581 0.19586 0.190601 0.142469 0.197047 0.158207 0.829388 0.179626 0.204693 0.182057 0.205942 0.188973 0.20469 0.182195 0.201905 0.239808 0.202764 0.830356 0.166122 0.196747 0.209447 0.819527 0.763409 0.203594 0.194575
0.801581 0.19586 0.190601 0.142469 0.197047 0.158207 0.829388 0.179626 0.204693 0.182057 0.205942 0.188973 0.20469 0.182195 0.201905 0.239808 0.202764 0.830356 0.166122 0.196747 0.209447 0.819527 0.763409 0.203594 0.194575
0.801581 0.19586 0.190601 0.142469 0.197047 0.158207 0.829388 0.179626 0.204693 0.182057 0.205942 0.188973 0.20469 0.182195 0.201905 0.239808 0.202764 0.830356 0.166122 0.196747 0.209447 0.819527 0.763409 0.203594 0.194575
0.801581 0.19586 0.190601 0.142469 0.197047 0.158207 0.829388 0.179626 0.204693 0.182057 0.205942 0.188973 0.20469 0.182195 0.201905 0.239808 0.202764 0.830356 0.166122 0.196747 0.209447 0.819527 0.763409 0.203594 0.194575
0.801581 0.19586 0.190601 0.142469 0.197047 0.158207 0.829388 0.179626 0.204693 0.182057 0.205942 0.188973 0.20469 0.182195 0.201905 0.239808 0.202764 0.830356 0.166122 0.196747 0.209447 0.819527 0.763409 0.203594 0.194575
0.801581 0.19586 0.190601 0.142469 0.197047 0.158207 0.829388 0.179626 0.204693 0.182057 0.205942 0.188973 0.20469 0.182195 0.201905 0.239808 0.202764 0.830356 0.166122 0.196747 0.209447 0.819527 0.763409 0.203594 0.194575
0.801581 0.19586 0.190601 0.142469 0.197047 0.158207 0.829388 0.179626 0.204693 0.182057 0.205942 0.188973 0.20469 0.182195 0.201905 0.239808 0.202764 0.830356 0.166122 0.196747 0.209447 0.819527 0.763409 0.203594 0.194575
0.801581 0.19586 0.190601 0.142469 0.197047 0.158207 0.829388 0.179626 0.204693 0.182057 0.205942 0.188973 0.20469 0.182195 0.201905 0.239808 0.202764 0.830356 0.166122 0.196747 0.209447 0.819527 0.763409 0.203594 0.194575
0.801581 0.19586 0.190601 0.142469 0.197047 0.158207 0.829388 0.179626 0.204693 0.182057 0.205942 0.188973 0.20469 0.182195 0.201905 0.239808 0.202764 0.830356 0.166122 0.196747 0.209447 0.819527 0.763409 0.203594 0.194575
0.801581 0.19586 0.190601 0.142469 0.197047 0.158207 0.829388 0.179626 0.204693 0.182057 0.205942 0.188973 0.20469 0.182195 0.201905 0.239808 0.202764 0.830356 0.166122 0.196747 0.209447 0.819527 0.763409 0.203594 0.194575
0.801581 0.19586 0.190601 0.142469 0.197047 0.158207 0.829388 0.179626 0.204693 0.182057 0.205942 0.188973 0.20469 0.182195 0.201905 0.239808 0.202764 0.830356 0.166122 0.196747 0.209447 0.819527 0.763409 0.203594 0.194575
0.801581 0.19586 0.190601 0.142469 0.197047 0.158207 0.829388 0.179626 0.204693 0.182057 0.205942 0.188973 0.20469 0.182195 0.201905 0.239808 0.202764 0.830356 0.166122 0.196747 0.209447 0.819527 0.763409 0.203594 0.194575
0.801581 0.19586 0.190601 0.142469 0.197047 0.158207 0.829388 0.179626 0.204693 0.182057 0.205942 0.188973 0.20469 0.182195 0.201905 0.239808 0.202764 0.830356 0.166122 0.196747 0.209447 0.819527 0.763409 0.203594 0.194575
0.801581 0.19586 0.190601 0.142469 0.197047 0.158207 0.829388 0.179626 0.204693 0.182057 0.205942 0.188973 0.20469 0.182195 0.201905 0.239808 0.202764 0.830356 0.166122 0.196747 0.209447 0.819527 0.763409 0.203594 0.194575
0.801581 0.19586 0.190601 0.142469 0.197047 0.158207 0.829388 0.179626 0.204693 0.182057 0.205942 0.188973 0.20469 0.182195 0.201905 0.239808 0.202764 0.830356 0.166122 0.196747 0.209447 0.819527 0.763409 0.203594 0.194575
0.801581 0.19586 0.190601 0.142469 0.197047 0.158207 0.829388 0.179626 0.204693 0.182057 0.205942 0.188973 0.20469 0.182195 0.201905 0.239808 0.202764 0.830356 0.166122 0.196747 0.209447 0.819527 0.763409 0.203594 0.194575
0.801581 0.19586 0.190601 0.142469 0.197047 0.158207 0.829388 0.179626 0.204693 0.182057 0.205942 0.188973 0.20469 0.182195 0.201905 0.239808 0.202764 0.830356 0.166122 0.196747 0.209447 0.819527 0.763409 0.203594 0.194575
0.801581 0.19586 0.190601 0.142469 0.197047 0.158207 0.829388 0.179626 0.204693 0.182057 0.205942 0.188973 0.20469 0.182195 0.201905 0.239808 0.202764 0.830356 0.166122 0.196747 0.209447 0.819527 0.763409 0.203594 0.194575
0.801581 0.19586 0.190601 0.142469 0.197047 0.158207 0.829388 0.179626 0.204693 0.182057 0.205942 0.188973 0.20469 0.182195 0.201905 0.239808 0.202764 0.830356 0.166122 0.196747 0.209447 0.819527 0.763409 0.203594 0.194575
0.801581 0.19586 0.190601 0.142469 0.197047 0.158207 0.829388 0.179626 0.204693 0.182057 0.205942 0.188973 0.20469 0.182195 0.201905 0.239808 0.202764 0.830356 0.166122 0.196747 0.209447 0.819527 0.763409 0.203594 0.194575
0.801581 0.19586 0.190601 0.142469 0.197047 0.158207 0.829388 0.179626 0.204693 0.182057 0.205942 0.188973 0.20469 0.182195 0.201905 0.239808 0.202764 0.830356 0.166122 0.196747 0.209447 0.819527 0.763409 0.203594 0.194575
0.801581 0.19586 0.190601 0.142469 0.197047 0.158207 0.829388 0.179626 0.204693 0.182057 0.205942 0.188973 0.20469 0.182195 0.201905 0.239808 0.202764 0.830356 0.166122 0.196747 0.209447 0.819527 0.763409 0.203594 0.194575
0.801581 0.19586 0.190601 0.142469 0.197047 0.158207 0.829388 0.179626 0.204693 0.182057 0.205942 0.188973 0.20469 0.182195 0.201905 0.239808 0.202764 0.830356 0.166122 0.196747 0.209447 0.819527 0.763409 0.203594 0.194575
0.801581 0.19586 0.190601 0.142469 0.197047 0.158207 0.829388 0.179626 0.204693 0.182057 0.205942 0.188973 0.20469 0.182195 0.201905 0.239808 0.202764 0.830356 0.166122 0.196747 0.209447 0.819527 0.763409 0.203594 0.194575
0.801581 0.19586 0.190601 0.142469 0.197047 0.158207 0.829388 0.179626 0.204693 0.182057 0.205942 0.188973 0.20469 0.182195 0.201905 0.239808 0.202764 0.830356 0.166122 0.196747 0.209447 0.819527 0.763409 0.203594 0.194575
0.801581 0.19586 0.190601 0.142469 0.197047 0.158207 0.829388 0.179626 0.204693 0.182057 0.205942 0.188973 0.20469 0.182195 0.201905 0.239808 0.202764 0.830356 0.166122 0.196747 0.209447 0.819527 0.763409 0.203594 0.194575
0.801581 0.19586 0.190601 0.142469 0.197047 0.158207 0.829388 0.179626 0.204693 0.182057 0.205942 0.188973 0.20469 0.182195 0.201905 0.239808 0.202764 0.830356 0.166122 0.196747 0.209447 0.819527 0.763409 0.203594 0.194575
0.801581 0.19586 0.190601 0.142469 0.197047 0.158207 0.829388 0.179626 0.204693 0.182057 0.205942 0.188973 0.20469 0.182195 0.201905 0.239808 0.202764 0.830356 0.166122 0.196747 0.209447 0.819527 0.763409 0.203594 0.194575
0.801581 0.19586 0.190601 0.142469 0.197047 0.158207 0.829388 0.179626 0.204693 0.182057 0.205942 0.188973 0.20469 0.182195 0.201905 0.239808 0.202764 0.830356 0.166122 0.196747 0.209447 0.819527 0.763409 0.203594 0.194575
0.801581 0.19586 0.190601 0.142469 0.197047 0.158207 0.829388 0.179626 0.204693 0.182057 0.205942 0.188973 0.20469 0.182195 0.201905 0.239808 0.202764 0.830356 0.166122 0.196747 0.209447 0.819527 0.763409 0.203594 0.194575
0.801581 0.19586 0.190601 0.142469 0.197047 0.158207 0.829388 0.179626 0.204693 0.182057 0.205942 0.188973 0.20469 0.182195 0.201905 0.239808 0.202764 0.830356 0.166122 0.196747 0.209447 0.819527 0.763409 0.203594 0.194575
0.801581 0.19586 0.190601 0.142469 0.197047 0.158207 0.829388 0.179626 0.204693 0.182057 0.205942 0.188973 0.20469 0.182195 0.201905 0.239808 0.202764 0.830356 0.166122 0.196747 0.209447 0.819527 0.763409 0.203594 0.194575
0.801581 0.19586 0.190601 0.142469 0.197047 0.158207 0.829388 0.179626 0.204693 0.182057 0.205942 0.188973 0.20469 0.182195 0.201905 0.239808 0.202764 0.830356 0.166122 0.196747 0.209447 0.819527 0.763409 0.203594 0.194575
0.801581 0.19586 0.190601 0.142469 0.197047 0.158207 0.829388 0.179626 0.204693 0.182057 0.205942 0.188973 0.20469 0.182195 0.201905 0.239808 0.202764 0.830356 0.166122 0.196747 0.209447 0.819527 0.763409 0.203594 0.194575
0.801581 0.19586 0.190601 0.142469 0.197047 0.158207 0.829388 0.179626 0.204693 0.182057 0.205942 0.188973 0.20469 0.182195 0.201905 0.239808 0.202764 0.830356 0.166122 0.196747 0.209447 0.819527 0.763409 0.203594 0.194575
0.801581 0.19586 0.190601 0.142469 0.197047 0.158207 0.829388 0.179626 0.204693 0.182057 0.205942 0.188973 0.20469 0.182195 0.201905 0.239808 0.202764 0.830356 0.166122 0.196747 0.209447 0.819527 0.763409 0.203594 0.194575
0.801581 0.19586 0.190601 0.142469 0.197047 0.158207 0.829388 0.179626 0.204693 0.182057 0.205942 0.188973 0.20469 0.182195 0.201905 0.239808 0.202764 0.830356 0.166122 0.196747 0.209447 0.819527 0.763409 0.203594 0.194575
0.801581 0.19586 0.190601 0.142469 0.197047 0.158207 0.829388 0.179626 0.204693 0.182057 0.205942 0.188973 0.20469 0.182195 0.201905 0.239808 0.202764 0.830356 0.166122 0.196747 0.209447 0.819527 0.763409 0.203594 0.194575
0.801581 0.19586 0.190601 0.142469 0.197047 0.158207 0.829388 0.179626 0.204693 0.182057 0.205942 0.188973 0.20469 0.182195 0.201905 0.239808 0.202764 0.830356 0.166122 0.196747 0.209447 0.819527 0.763409 0.203594 0.194575
0.801581 0.19586 0.190601 0.142469 0.197047 0.158207 0.829388 0.179626 0.204693 0.182057 0.205942 0.188973 0.20469 0.182195 0.201905 0.239808 0.202764 0.830356 0.166122 0.196747 0.209447 0.819527 0.763409 0.203594 0.194575
0.801581 0.19586 0.190601 0.142469 0.197047 0.158207 0.829388 0.179626 0.204693 0.182057 0.205942 0.188973 0.20469 0.182195 0.201905 0.239808 0.202764 0.830356 0.166122 0.196747 0.209447 0.819527 0.763409 0.203594 0.194575
0.801581 0.19586 0.190601 0.142469 0.197047 0.158207 0.829388 0.179626 0.204693 0.182057 0.205942 0.188973 0.20469 0.182195 0.201905 0.239808 0.202764 0.830356 0.166122 0.196747 0.209447 0.819527 0.763409 0.203594 0.194575
0.801581 0.19586 0.190601 0.142469 0.197047 0.158207 0.829388 0.179626 0.204693 0.182057 0.205942 0.188973 0.20469 0.182195 0.201905 0.239808 0.202764 0.830356 0.166122 0.196747 0.209447 0.819527 0.763409 0.203594 0.194575
0.801581 0.19586 0.190601 0.142469 0.197047 0.158207 0.829388 0.179626 0.204693 0.182057 0.205942 0.188973 0.20469 0.182195 0.201905 0.239808 0.202764 0.830356 0.166122 0.196747 0.209447 0.819527 0.763409 0.203594 0.194575
0.801581 0.19586 0.190601 0.142469 0.197047 0.158207 0.829388 0.179626 0.204693 0.182057 0.205942 0.188973 0.20469 0.182195 0.201905 0.239808 0.202764 0.830356 0.166122 0.196747 0.209447 0.819527 0.763409 0.203594 0.194575
0.801581 0.19586 0.190601 0.142469 0.197047 0.158207 0.829388 0.179626 0.204693 0.182057 0.205942 0.188973 0.20469 0.182195 0.201905 0.239808 0.202764 0.830356 0.166122 0.196747 0.209447 0.819527 0.763409 0.203594 0.194575
0.801581 0.19586 0.190601 0.142469 0.197047 0.158207 0.829388 0.179626 0.204693 0.182057 0.205942 0.188973 0.20469 0.182195 0.201905 0.239808 0.202764 0.830356 0.166122 0.196747 0.209447 0.819527 0.763409 0.203594 0.194575
0.801581 0.19586 0.190601 0.142469 0.197047 0.158207 0.829388 0.179626 0.204693 0.182057 0.205942 0.188973 0.20469 0.182195 0.201905 0.239808 0.202764 0.830356 0.166122 0.196747 0.209447 0.819527 0.763409 0.203594 0.194575
0.801581 0.19586 0.190601 0.142469 0.197047 0.158207 0.829388 0.179626 0.204693 0.182057 0.205942 0.188973 0.20469 0.182195 0.201905 0.239808 0.202764 0.830356 0.166122 0.196747 0.209447 0.819527 0.763409 0.203594 0.194575
0.801581 0.19586 0.190601 0.142469 0.197047 0.158207 0.829388 0.179626 0.204693 0.182057 0.205942 0.188973 0.20469 0.182195 0.201905 0.239808 0.202764 0.830356 0.166122 0.196747 0.209447 0.819527 0.763409 0.203594 0.194575
0.801581 0.19586 0.190601 0.142469 0.197047 0.158207 0.829388 0.179626 0.204693 0.182057 0.205942 0.188973 0.20469 0.182195 0.201905 0.239808 0.202764 0.830356 0.166122 0.196747 0.209447 0.819527 0.763409 0.203594 0.194575
0.801581 0.19586 0.190601 0.142469 0.197047 0.158207 0.829388 0.179626 0.204693 0.182057 0.205942 0.188973 0.20469 0.182195 0.201905 0.239808 0.202764 0.830356 0.166122 0.196747 0.209447 0.819527 0.763409 0.203594 0.194575
0.801581 0.19586 0.190601 0.142469 0.197047 0.158207 0.829388 0.179626 0.204693 0.182057 0.205942 0.188973 0.20469 0.182195 0.201905 0.239808 0.202764 0.830356 0.166122 0.196747 0.209447 0.819527 0.763409 0.203594 0.194575
0.801581 0.19586 0.190601 0.142469 0.197047 0.158207 0.829388 0.179626 0.204693 0.182057 0.205942 0.188973 0.20469 0.182195 0.201905 0.239808 0.202764 0.830356 0.166122 0.196747 0.209447 0.819527 0.763409 0.203594 0.194575
0.801581 0.19586 0.190601 0.142469 0.197047 0.158207 0.829388 0.179626 0.204693 0.182057 0.205942 0.188973 0.20469 0.182195 0.201905 0.239808 0.202764 0.830356 0.166122 0.196747 0.209447 0.819527 0.763409 0.203594 0.194575
0.801581 0.19586 0.190601 0.142469 0.197047 0.158207 0.829388 0.179626 0.204693 0.182057 0.205942 0.188973 0.20469 0.182195 0.201905 0.239808 0.202764 0.830356 0.166122 0.196747 0.209447 0.819527 0.763409 0.203594 0.194575
0.801581 0.19586 0.190601 0.142469 0.197047 0.158207 0.829388 0.179626 0.204693 0.182057 0.205942 0.188973 0.20469 0.182195 0.201905 0.239808 0.202764 0.830356 0.166122 0.196747 0.209447 0.819527 0.763409 0.203594 0.194575
0.801581 0.19586 0.190601 0.142469 0.197047 0.158207 0.829388 0.179626 0.204693 0.182057 0.205942 0.188973 0.20469 0.182195 0.201905 0.239808 0.202764 0.830356 0.166122 0.196747 0.209447 0.819527 0.763409 0.203594 0.194575
0.801581 0.19586 0.190601 0.142469 0.197047 0.158207 0.829388 0.179626 0.204693 0.182057 0.205942 0.188973 0.20469 0.182195 0.201905 0.239808 0.202764 0.830356 0.166122 0.196747 0.209447 0.819527 0.763409 0.203594 0.194575
0.801581 0.19586 0.190601 0.142469 0.197047 0.158207 0.829388 0.179626 0.204693 0.182057 0.205942 0.188973 0.20469 0.182195 0.201905 0.239808 0.202764 0.830356 0.166122 0.196747 0.209447 0.819527 0.763409 0.203594 0.194575
0.801581 0.19586 0.190601 0.142469 0.197047 0.158207 0.829388 0.179626 0.204693 0.182057 0.205942 0.188973 0.20469 0.182195 0.201905 0.239808 0.202764 0.830356 0.166122 0.196747 0.209447 0.819527 0.763409 0.203594 0.194575
0.801581 0.19586 0.190601 0.142469 0.197047 0.158207 0.829388 0.179626 0.204693 0.182057 0.205942 0.188973 0.20469 0.182195 0.201905 0.239808 0.202764 0.830356 0.166122 0.196747 0.209447 0.819527 0.763409 0.203594 0.194575
0.801581 0.19586 0.190601 0.142469 0.197047 0.158207 0.829388 0.179626 0.204693 0.182057 0.205942 0.188973 0.20469 0.182195 0.201905 0.239808 0.202764 0.830356 0.166122 0.196747 0.209447 0.819527 0.763409 0.203594 0.194575
0.801581 0.19586 0.190601 0.142469 0.197047 0.158207 0.829388 0.179626 0.204693 0.182057 0.205942 0.188973 0.20469 0.182195 0.201905 0.239808 0.202764 0.830356 0.166122 0.196747 0.209447 0.819527 0.763409 0.203594 0.194575
0.801581 0.19586 0.190601 0.142469 0.197047 0.158207 0.829388 0.179626 0.204693 0.182057 0.205942 0.188973 0.20469 0.182195 0.201905 0.239808 0.202764 0.830356 0.166122 0.196747 0.209447 0.819527 0.763409 0.203594 0.194575
0.801581 0.19586 0.190601 0.142469 0.197047 0.158207 0.829388 0.179626 0.204693 0.182057 0.205942 0.188973 0.20469 0.182195 0.201905 0.239808 0.202764 0.830356 0.166122 0.196747 0.209447 0.819527 0.763409 0.203594 0.194575
0.801581 0.19586 0.190601 0.142469 0.197047 0.158207 0.829388 0.179626 0.204693 0.182057 0.205942 0.188973 0.20469 0.182195 0.201905 0.239808 0.202764 0.830356 0.166122 0.196747 0.209447 0.819527 0.763409 0.203594 0.194575
0.801581 0.19586 0.190601 0.142469 0.197047 0.158207 0.829388 0.179626 0.204693 0.182057 0.205942 0.188973 0.20469 0.182195 0.201905 0.239808 0.202764 0.830356 0.166122 0.196747 0.209447 0.819527 0.763409 0.203594 0.194575
0.801581 0.19586 0.190601 0.142469 0.197047 0.158207 0.829388 0.179626 0.204693 0.182057 0.205942 0.188973 0.20469 0.182195 0.201905 0.239808 0.202764 0.830356 0.166122 0.196747 0.209447 0.819527 0.763409 0.203594 0.194575
0.801581 0.19586 0.190601 0.142469 0.197047 0.158207 0.829388 0.179626 0.204693 0.182057 0.205942 0.188973 0.20469 0.182195 0.201905 0.239808 0.202764 0.830356 0.166122 0.196747 0.209447 0.819527 0.763409 0.203594 0.194575
0.801581 0.19586 0.190601 0.142469 0.197047 0.158207 0.829388 0.179626 0.204693 0.182057 0.205942 0.188973 0.20469 0.182195 0.201905 0.239808 0.202764 0.830356 0.166122 0.196747 0.209447 0.819527 0.763409 0.203594 0.194575
0.801581 0.19586 0.190601 0.142469 0.197047 0.158207 0.829388 0.179626 0.204693 0.182057 0.205942 0.188973 0.20469 0.182195 0.201905 0.239808 0.202764 0.830356 0.166122 0.196747 0.209447 0.819527 0.763409 0.203594 0.194575
0.801581 0.19586 0.190601 0.142469 0.197047 0.158207 0.829388 0.179626 0.204693 0.182057 0.205942 0.188973 0.20469 0.182195 0.201905 0.239808 0.202764 0.830356 0.166122 0.196747 0.209447 0.819527 0.763409 0.203594 0.194575
0.801581 0.19586 0.190601 0.142469 0.197047 0.158207 0.829388 0.179626 0.204693 0.182057 0.205942 0.188973 0.20469 0.182195 0.201905 0.239808 0.202764 0.830356 0.166122 0.196747 0.209447 0.819527 0.763409 0.203594 0.194575
0.801581 0.19586 0.190601 0.142469 0.197047 0.158207 0.829388 0.179626 0.204693 0.182057 0.205942 0.188973 0.20469 0.182195 0.201905 0.239808 0.202764 0.830356 0.166122 0.196747 0.209447 0.819527 0.763409 0.203594 0.194575
0.801581 0.19586 0.190601 0.142469 0.197047 0.158207 0.829388 0.179626 0.204693 0.182057 0.205942 0.188973 0.20469 0.182195 0.201905 0.239808 0.202764 0.830356 0.166122 0.196747 0.209447 0.819527 0.763409 0.203594 0.194575
0.801581 0.19586 0.190601 0.142469 0.197047 0.158207 0.829388 0.179626 0.204693 0.182057 0.205942 0.188973 0.20469 0.182195 0.201905 0.239808 0.202764 0.830356 0.166122 0.196747 0.209447 0.819527 0.763409 0.203594 0.194575
0.801581 0.19586 0.190601 0.142469 0.197047 0.158207 0.829388 0.179626 0.204693 0.182057 0.205942 0.188973 0.20469 0.182195 0.201905 0.239808 0.202764 0.830356 0.166122 0.196747 0.209447 0.819527 0.763409 0.203594 0.194575
0.801581 0.19586 0.190601 0.142469 0.197047 0.158207 0.829388 0.179626 0.204693 0.182057 0.205942 0.188973 0.20469 0.182195 0.201905 0.239808 0.202764 0.830356 0.166122 0.196747 0.209447 0.819527 0.763409 0.203594 0.194575
0.801581 0.19586 0.190601 0.142469 0.197047 0.158207 0.829388 0.179626 0.204693 0.182057 0.205942 0.188973 0.20469 0.182195 0.201905 0.239808 0.202764 0.830356 0.166122 0.196747 0.209447 0.819527 0.763409 0.203594 0.194575
0.801581 0.19586 0.190601 0.142469 0.197047 0.158207 0.829388 0.179626 0.204693 0.182057 0.205942 0.188973 0.20469 0.182195 0.201905 0.239808 0.202764 0.830356 0.166122 0.196747 0.209447 0.819527 0.763409 0.203594 0.194575
0.801581 0.19586 0.190601 0.142469 0.197047 0.158207 0.829388 0.179626 0.204693 0.182057 0.205942 0.188973 0.20469 0.182195 0.201905 0.239808 0.202764 0.830356 0.166122 0.196747 0.209447 0.819527 0.763409 0.203594 0.194575
0.801581 0.19586 0.190601 0.142469 0.197047 0.158207 0.829388 0.179626 0.204693 0.182057 0.205942 0.188973 0.20469 0.182195 0.201905 0.239808 0.202764 0.830356 0.166122 0.196747 0.209447 0.819527 0.763409 0.203594 0.194575
0.801581 0.19586 0.190601 0.142469 0.197047 0.158207 0.829388 0.179626 0.204693 0.182057 0.205942 0.188973 0.20469 0.182195 0.201905 0.239808 0.202764 0.830356 0.166122 0.196747 0.209447 0.819527 0.763409 0.203594 0.194575
0.801581 0.19586 0.190601 0.142469 0.197047 0.158207 0.829388 0.179626 0.204693 0.182057 0.205942 0.188973 0.20469 0.182195 0.201905 0.239808 0.202764 0.830356 0.166122 0.196747 0.209447 0.819527 0.763409 0.203594 0.194575
0.801581 0.19586 0.190601 0.142469 0.197047 0.158207 0.829388 0.179626 0.204693 0.182057 0.205942 0.188973 0.20469 0.182195 0.201905 0.239808 0.202764 0.830356 0.166122 0.196747 0.209447 0.819527 0.763409 0.203594 0.194575
0.801581 0.19586 0.190601 0.142469 0.197047 0.158207 0.829388 0.179626 0.204693 0.182057 0.205942 0.188973 0.20469 0.182195 0.201905 0.239808 0.202764 0.830356 0.166122 0.196747 0.209447 0.819527 0.763409 0.203594 0.194575
0.801581 0.19586 0.190601 0.142469 0.197047 0.158207 0.829388 0.179626 0.204693 0.182057 0.205942 0.188973 0.20469 0.182195 0.201905 0.239808 0.202764 0.830356 0.166122 0.196747 0.209447 0.819527 0.763409 0.203594 0.194575
0.801581 0.19586 0.190601 0.142469 0.197047 0.158207 0.829388 0.179626 0.204693 0.182057 0.205942 0.188973 0.20469 0.182195 0.201905 0.239808 0.202764 0.830356 0.166122 0.196747 0.209447 0.819527 0.763409 0.203594 0.194575
0.801581 0.19586 0.190601 0.142469 0.197047 0.158207 0.829388 0.179626 0.204693 0.182057 0.205942 0.188973 0.20469 0.182195 0.201905 0.239808 0.202764 0.830356 0.166122 0.196747 0.209447 0.819527 0.763409 0.203594 0.194575
0.801581 0.19586 0.190601 0.142469 0.197047 0.158207 0.829388 0.179626 0.204693 0.182057 0.205942 0.188973 0.20469 0.182195 0.201905 0.239808 0.202764 0.830356 0.166122 0.196747 0.209447 0.819527 0.763409 0.203594 0.194575
0.801581 0.19586 0.190601 0.142469 0.197047 0.158207 0.829388 0.179626 0.204693 0.182057 0.205942 0.188973 0.20469 0.182195 0.201905 0.239808 0.202764 0.830356 0.166122 0.196747 0.209447 0.819527 0.763409 0.203594 0.194575
0.801581 0.19586 0.190601 0.142469 0.197047 0.158207 0.829388 0.179626 0.204693 0.182057 0.205942 0.188973 0.20469 0.182195 0.201905 0.239808 0.202764 0.830356 0.166122 0.196747 0.209447 0.819527 0.763409 0.203594 0.194575
0.801581 0.19586 0.190601 0.142469 0.197047 0.158207 0.829388 0.179626 0.204693 0.182057 0.205942 0.188973 0.20469 0.182195 0.201905 0.239808 0.202764 0.830356 0.166122 0.196747 0.209447 0.819527 0.763409 0.203594 0.194575
0.801581 0.19586 0.190601 0.142469 0.197047 0.158207 0.829388 0.179626 0.204693 0.182057 0.205942 0.188973 0.20469 0.182195 0.201905 0.239808 0.202764 0.830356 0.166122 0.196747 0.209447 0.819527 0.763409 0.203594 0.194575
0.801581 0.19586 0.190601 0.142469 0.197047 0.158207 0.829388 0.179626 0.204693 0.182057 0.205942 0.188973 0.20469 0.182195 0.201905 0.239808 0.202764 0.830356 0.166122 0.196747 0.209447 0.819527 0.763409 0.203594 0.194575
0.801581 0.19586 0.190601 0.142469 0.197047 0.158207 0.829388 0.179626 0.204693 0.182057 0.205942 0.188973 0.20469 0.182195 0.201905 0.239808 0.202764 0.830356 0.166122 0.196747 0.209447 0.819527 0.763409 0.203594 0.194575
0.801581 0.19586 0.190601 0.142469 0.197047 0.158207 0.829388 0.179626 0.204693 0.182057 0.205942 0.188973 0.20469 0.182195 0.201905 0.239808 0.202764 0.830356 0.166122 0.196747 0.209447 0.819527 0.763409 0.203594 0.194575
0.801581 0.19586 0.190601 0.142469 0.197047 0.158207 0.829388 0.179626 0.204693 0.182057 0.205942 0.188973 0.20469 0.182195 0.201905 0.239808 0.202764 0.830356 0.166122 0.196747 0.209447 0.819527 0.763409 0.203594 0.194575
0.801581 0.19586 0.190601 0.142469 0.197047 0.158207 0.829388 0.179626 0.204693 0.182057 0.205942 0.188973 0.20469 0.182195 0.201905 0.239808 0.202764 0.830356 0.166122 0.196747 0.209447 0.819527 0.763409 0.203594 0.194575
0.801581 0.19586 0.190601 0.142469 0.197047 0.158207 0.829388 0.179626 0.204693 0.182057 0.205942 0.188973 0.20469 0.182195 0.201905 0.239808 0.202764 0.830356 0.166122 0.196747 0.209447 0.819527 0.763409 0.203594 0.194575
0.801581 0.19586 0.190601 0.142469 0.197047 0.158207 0.829388 0.179626 0.204693 0.182057 0.205942 0.188973 0.20469 0.182195 0.201905 0.239808 0.202764 0.830356 0.166122 0.196747 0.209447 0.819527 0.763409 0.203594 0.194575
0.801581 0.19586 0.190601 0.142469 0.197047 0.158207 0.829388 0.179626 0.204693 0.182057 0.205942 0.188973 0.20469 0.182195 0.201905 0.239808 0.202764 0.830356 0.166122 0.196747 0.209447 0.819527 0.763409 0.203594 0.194575
0.801581 0.19586 0.190601 0.142469 0.197047 0.158207 0.829388 0.179626 0.204693 0.182057 0.205942 0.188973 0.20469 0.182195 0.201905 0.239808 0.202764 0.830356 0.166122 0.196747 0.209447 0.819527 0.763409 0.203594 0.194575
0.801581 0.19586 0.190601 0.142469 0.197047 0.158207 0.829388 0.179626 0.204693 0.182057 0.205942 0.188973 0.20469 0.182195 0.201905 0.239808 0.202764 0.830356 0.166122 0.196747 0.209447 0.819527 0.763409 0.203594 0.194575
0.801581 0.19586 0.190601 0.142469 0.197047 0.158207 0.829388 0.179626 0.204693 0.182057 0.205942 0.188973 0.20469 0.182195 0.201905 0.239808 0.202764 0.830356 0.166122 0.196747 0.209447 0.819527 0.763409 0.203594 0.194575
0.801581 0.19586 0.190601 0.142469 0.197047 0.158207 0.829388 0.179626 0.204693 0.182057 0.205942 0.188973 0.20469 0.182195 0.201905 0.239808 0.202764 0.830356 0.166122 0.196747 0.209447 0.819527 0.763409 0.203594 0.194575
0.801581 0.19586 0.190601 0.142469 0.197047 0.158207 0.829388 0.179626 0.204693 0.182057 0.205942 0.188973 0.20469 0.182195 0.201905 0.239808 0.202764 0.830356 0.166122 0.196747 0.209447 0.819527 0.763409 0.203594 0.194575
0.801581 0.19586 0.190601 0.142469 0.197047 0.158207 0.829388 0.179626 0.204693 0.182057 0.205942 0.188973 0.20469 0.182195 0.201905 0.239808 0.202764 0.830356 0.166122 0.196747 0.209447 0.819527 0.763409 0.203594 0.194575
0.801581 0.19586 0.190601 0.142469 0.197047 0.158207 0.829388 0.179626 0.204693 0.182057 0.205942 0.188973 0.20469 0.182195 0.201905 0.239808 0.202764 0.830356 0.166122 0.196747 0.209447 0.819527 0.763409 0.203594 0.194575
0.801581 0.19586 0.190601 0.142469 0.197047 0.158207 0.829388 0.179626 0.204693 0.182057 0.205942 0.188973 0.20469 0.182195 0.201905 0.239808 0.202764 0.830356 0.166122 0.196747 0.209447 0.819527 0.763409 0.203594 0.194575
0.801581 0.19586 0.190601 0.142469 0.197047 0.158207 0.829388 0.179626 0.204693 0.182057 0.205942 0.188973 0.20469 0.182195 0.201905 0.239808 0.202764 0.830356 0.166122 0.196747 0.209447 0.819527 0.763409 0.203594 0.194575
0.801581 0.19586 0.190601 0.142469 0.197047 0.158207 0.829388 0.179626 0.204693 0.182057 0.205942 0.188973 0.20469 0.182195 0.201905 0.239808 0.202764 0.830356 0.166122 0.196747 0.209447 0.819527 0.763409 0.203594 0.194575
0.801581 0.19586 0.190601 0.142469 0.197047 0.158207 0.829388 0.179626 0.204693 0.182057 0.205942 0.188973 0.20469 0.182195 0.201905 0.239808 0.202764 0.830356 0.166122 0.196747 0.209447 0.819527 0.763409 0.203594 0.194575
0.801581 0.19586 0.190601 0.142469 0.197047 0.158207 0.829388 0.179626 0.204693 0.182057 0.205942 0.188973 0.20469 0.182195 0.201905 0.239808 0.202764 0.830356 0.166122 0.196747 0.209447 0.819527 0.763409 0.203594 0.194575
0.801581 0.19586 0.190601 0.142469 0.197047 0.158207 0.829388 0.179626 0.204693 0.182057 0.205942 0.188973 0.20469 0.182195 0.201905 0.239808 0.202764 0.830356 0.166122 0.196747 0.209447 0.819527 0.763409 0.203594 0.194575
0.801581 0.19586 0.190601 0.142469 0.197047 0.158207 0.829388 0.179626 0.204693 0.182057 0.205942 0.188973 0.20469 0.182195 0.201905 0.239808 0.202764 0.830356 0.166122 0.196747 0.209447 0.819527 0.763409 0.203594 0.194575
0.801581 0.19586 0.190601 0.142469 0.197047 0.158207 0.829388 0.179626 0.204693 0.182057 0.205942 0.188973 0.20469 0.182195 0.201905 0.239808 0.202764 0.830356 0.166122 0.196747 0.209447 0.819527 0.763409 0.203594 0.194575
0.801581 0.19586 0.190601 0.142469 0.197047 0.158207 0.829388 0.179626 0.204693 0.182057 0.205942 0.188973 0.20469 0.182195 0.201905 0.239808 0.202764 0.830356 0.166122 0.196747 0.209447 0.819527 0.763409 0.203594 0.194575
0.801581 0.19586 0.190601 0.142469 0.197047 0.158207 0.829388 0.179626 0.204693 0.182057 0.205942 0.188973 0.20469 0.182195 0.201905 0.239808 0.202764 0.830356 0.166122 0.196747 0.209447 0.819527 0.763409 0.203594 0.194575
0.801581 0.19586 0.190601 0.142469 0.197047 0.158207 0.829388 0.179626 0.204693 0.182057 0.205942 0.188973 0.20469 0.182195 0.201905 0.239808 0.202764 0.830356 0.166122 0.196747 0.209447 0.819527 0.763409 0.203594 0.194575
0.801581 0.19586 0.190601 0.142469 0.197047 0.158207 0.829388 0.179626 0.204693 0.182057 0.205942 0.188973 0.20469 0.182195 0.201905 0.239808 0.202764 0.830356 0.166122 0.196747 0.209447 0.819527 0.763409 0.203594 0.194575
0.801581 0.19586 0.190601 0.142469 0.197047 0.158207 0.829388 0.179626 0.204693 0.182057 0.205942 0.188973 0.20469 0.182195 0.201905 0.239808 0.202764 0.830356 0.166122 0.196747 0.209447 0.819527 0.763409 0.203594 0.194575
0.801581 0.19586 0.190601 0.142469 0.197047 0.158207 0.829388 0.179626 0.204693 0.182057 0.205942 0.188973 0.20469 0.182195 0.201905 0.239808 0.202764 0.830356 0.166122 0.196747 0.209447 0.819527 0.763409 0.203594 0.194575
0.801581 0.19586 0.190601 0.142469 0.197047 0.158207 0.829388 0.179626 0.204693 0.182057 0.205942 0.188973 0.20469 0.182195 0.201905 0.239808 0.202764 0.830356 0.166122 0.196747 0.209447 0.819527 0.763409 0.203594 0.194575
0.801581 0.19586 0.190601 0.142469 0.197047 0.158207 0.829388 0.179626 0.204693 0.182057 0.205942 0.188973 0.20469 0.182195 0.201905 0.239808 0.202764 0.830356 0.166122 0.196747 0.209447 0.819527 0.763409 0.203594 0.194575
0.801581 0.19586 0.190601 0.142469 0.197047 0.158207 0.829388 0.179626 0.204693 0.182057 0.205942 0.188973 0.20469 0.182195 0.201905 0.239808 0.202764 0.830356 0.166122 0.196747 0.209447 0.819527 0.763409 0.203594 0.194575
0.801581 0.19586 0.190601 0.142469 0.197047 0.158207 0.829388 0.179626 0.204693 0.182057 0.205942 0.188973 0.20469 0.182195 0.201905 0.239808 0.202764 0.830356 0.166122 0.196747 0.209447 0.819527 0.763409 0.203594 0.194575
0.801581 0.19586 0.190601 0.142469 0.197047 0.158207 0.829388 0.179626 0.204693 0.182057 0.205942 0.188973 0.20469 0.182195 0.201905 0.239808 0.202764 0.830356 0.166122 0.196747 0.209447 0.819527 0.763409 0.203594 0.194575
0.801581 0.19586 0.190601 0.142469 0.197047 0.158207 0.829388 0.179626 0.204693 0.182057 0.205942 0.188973 0.20469 0.182195 0.201905 0.239808 0.202764 0.830356 0.166122 0.196747 0.209447 0.819527 0.763409 0.203594 0.194575
0.801581 0.19586 0.190601 0.142469 0.197047 0.158207 0.829388 0.179626 0.204693 0.182057 0.205942 0.188973 0.20469 0.182195 0.201905 0.239808 0.202764 0.830356 0.166122 0.196747 0.209447 0.819527 0.763409 0.203594 0.194575
0.801581 0.19586 0.190601 0.142469 0.197047 0.158207 0.829388 0.179626 0.204693 0.182057 0.205942 0.188973 0.20469 0.182195 0.201905 0.239808 0.202764 0.830356 0.166122 0.196747 0.209447 0.819527 0.763409 0.203594 0.194575
0.801581 0.19586 0.190601 0.142469 0.197047 0.158207 0.829388 0.179626 0.204693 0.182057 0.205942 0.188973 0.20469 0.182195 0.201905 0.239808 0.202764 0.830356 0.166122 0.196747 0.209447 0.819527 0.763409 0.203594 0.194575
0.801581 0.19586 0.190601 0.142469 0.197047 0.158207 0.829388 0.179626 0.204693 0.182057 0.205942 0.188973 0.20469 0.182195 0.201905 0.239808 0.202764 0.830356 0.166122 0.196747 0.209447 0.819527 0.763409 0.203594 0.194575
0.801581 0.19586 0.190601 0.142469 0.197047 0.158207 0.829388 0.179626 0.204693 0.182057 0.205942 0.188973 0.20469 0.182195 0.201905 0.239808 0.202764 0.830356 0.166122 0.196747 0.209447 0.819527 0.763409 0.203594 0.194575
0.801581 0.19586 0.190601 0.142469 0.197047 0.158207 0.829388 0.179626 0.204693 0.182057 0.205942 0.188973 0.20469 0.182195 0.201905 0.239808 0.202764 0.830356 0.166122 0.196747 0.209447 0.819527 0.763409 0.203594 0.194575
0.801581 0.19586 0.190601 0.142469 0.197047 0.158207 0.829388 0.179626 0.204693 0.182057 0.205942 0.188973 0.20469 0.182195 0.201905 0.239808 0.202764 0.830356 0.166122 0.196747 0.209447 0.819527 0.763409 0.203594 0.194575
0.801581 0.19586 0.190601 0.142469 0.197047 0.158207 0.829388 0.179626 0.204693 0.182057 0.205942 0.188973 0.20469 0.182195 0.201905 0.239808 0.202764 0.830356 0.166122 0.196747 0.209447 0.819527 0.763409 0.203594 0.194575
0.801581 0.19586 0.190601 0.142469 0.197047 0.158207 0.829388 0.179626 0.204693 0.182057 0.205942 0.188973 0.20469 0.182195 0.201905 0.239808 0.202764 0.830356 0.166122 0.196747 0.209447 0.819527 0.763409 0.203594 0.194575
0.801581 0.19586 0.190601 0.142469 0.197047 0.158207 0.829388 0.179626 0.204693 0.182057 0.205942 0.188973 0.20469 0.182195 0.201905 0.239808 0.202764 0.830356 0.166122 0.196747 0.209447 0.819527 0.763409 0.203594 0.194575
0.801581 0.19586 0.190601 0.142469 0.197047 0.158207 0.829388 0.179626 0.204693 0.182057 0.205942 0.188973 0.20469 0.182195 0.201905 0.239808 0.202764 0.830356 0.166122 0.196747 0.209447 0.819527 0.763409 0.203594 0.194575
0.801581 0.19586 0.190601 0.142469 0.197047 0.158207 0.829388 0.179626 0.204693 0.182057 0.205942 0.188973 0.20469 0.182195 0.201905 0.239808 0.202764 0.830356 0.166122 0.196747 0.209447 0.819527 0.763409 0.203594 0.194575
0.801581 0.19586 0.190601 0.142469 0.197047 0.158207 0.829388 0.179626 0.204693 0.182057 0.205942 0.188973 0.20469 0.182195 0.201905 0.239808 0.202764 0.830356 0.166122 0.196747 0.209447 0.819527 0.763409 0.203594 0.194575
0.801581 0.19586 0.190601 0.142469 0.197047 0.158207 0.829388 0.179626 0.204693 0.182057 0.205942 0.188973 0.20469 0.182195 0.201905 0.239808 0.202764 0.830356 0.166122 0.196747 0.209447 0.819527 0.763409 0.203594 0.194575
0.801581 0.19586 0.190601 0.142469 0.197047 0.158207 0.829388 0.179626 0.204693 0.182057 0.205942 0.188973 0.20469 0.182195 0.201905 0.239808 0.202764 0.830356 0.166122 0.196747 0.209447 0.819527 0.763409 0.203594 0.194575
0.801581 0.19586 0.190601 0.142469 0.197047 0.158207 0.829388 0.179626 0.204693 0.182057 0.205942 0.188973 0.20469 0.182195 0.201905 0.239808 0.202764 0.830356 0.166122 0.196747 0.209447 0.819527 0.763409 0.203594 0.194575
0.801581 0.19586 0.190601 0.142469 0.197047 0.158207 0.829388 0.179626 0.204693 0.182057 0.205942 0.188973 0.20469 0.182195 0.201905 0.239808 0.202764 0.830356 0.166122 0.196747 0.209447 0.819527 0.763409 0.203594 0.194575
0.801581 0.19586 0.190601 0.142469 0.197047 0.158207 0.829388 0.179626 0.204693 0.182057 0.205942 0.188973 0.20469 0.182195 0.201905 0.239808 0.202764 0.830356 0.166122 0.196747 0.209447 0.819527 0.763409 0.203594 0.194575
0.801581 0.19586 0.190601 0.142469 0.197047 0.158207 0.829388 0.179626 0.204693 0.182057 0.205942 0.188973 0.20469 0.182195 0.201905 0.239808 0.202764 0.830356 0.166122 0.196747 0.209447 0.819527 0.763409 0.203594 0.194575
0.801581 0.19586 0.190601 0.142469 0.197047 0.158207 0.829388 0.179626 0.204693 0.182057 0.205942 0.188973 0.20469 0.182195 0.201905 0.239808 0.202764 0.830356 0.166122 0.196747 0.209447 0.819527 0.763409 0.203594 0.194575
0.801581 0.19586 0.190601 0.142469 0.197047 0.158207 0.829388 0.179626 0.204693 0.182057 0.205942 0.188973 0.20469 0.182195 0.201905 0.239808 0.202764 0.830356 0.166122 0.196747 0.209447 0.819527 0.763409 0.203594 0.194575
0.801581 0.19586 0.190601 0.142469 0.197047 0.158207 0.829388 0.179626 0.204693 0.182057 0.205942 0.188973 0.20469 0.182195 0.201905 0.239808 0.202764 0.830356 0.166122 0.196747 0.209447 0.819527 0.763409 0.203594 0.194575
0.801581 0.19586 0.190601 0.142469 0.197047 0.158207 0.829388 0.179626 0.204693 0.182057 0.205942 0.188973 0.20469 0.182195 0.201905 0.239808 0.202764 0.830356 0.166122 0.196747 0.209447 0.819527 0.763409 0.203594 0.194575
0.801581 0.19586 0.190601 0.142469 0.197047 0.158207 0.829388 0.179626 0.204693 0.182057 0.205942 0.188973 0.20469 0.182195 0.201905 0.239808 0.202764 0.830356 0.166122 0.196747 0.209447 0.819527 0.763409 0.203594 0.194575
0.801581 0.19586 0.190601 0.142469 0.197047 0.158207 0.829388 0.179626 0.204693 0.182057 0.205942 0.188973 0.20469 0.182195 0.201905 0.239808 0.202764 0.830356 0.166122 0.196747 0.209447 0.819527 0.763409 0.203594 0.194575
0.801581 0.19586 0.190601 0.142469 0.197047 0.158207 0.829388 0.179626 0.204693 0.182057 0.205942 0.188973 0.20469 0.182195 0.201905 0.239808 0.202764 0.830356 0.166122 0.196747 0.209447 0.819527 0.763409 0.203594 0.194575
0.801581 0.19586 0.190601 0.142469 0.197047 0.158207 0.829388 0.179626 0.204693 0.182057 0.205942 0.188973 0.20469 0.182195 0.201905 0.239808 0.202764 0.830356 0.166122 0.196747 0.209447 0.819527 0.763409 0.203594 0.194575
0.801581 0.19586 0.190601 0.142469 0.197047 0.158207 0.829388 0.179626 0.204693 0.182057 0.205942 0.188973 0.20469 0.182195 0.201905 0.239808 0.202764 0.830356 0.166122 0.196747 0.209447 0.819527 0.763409 0.203594 0.194575
0.801581 0.19586 0.190601 0.142469 0.197047 0.158207 0.829388 0.179626 0.204693 0.182057 0.205942 0.188973 0.20469 0.182195 0.201905 0.239808 0.202764 0.830356 0.166122 0.196747 0.209447 0.819527 0.763409 0.203594 0.194575
0.801581 0.19586 0.190601 0.142469 0.197047 0.158207 0.829388 0.179626 0.204693 0.182057 0.205942 0.188973 0.20469 0.182195 0.201905 0.239808 0.202764 0.830356 0.166122 0.196747 0.209447 0.819527 0.763409 0.203594 0.194575
0.801581 0.19586 0.190601 0.142469 0.197047 0.158207 0.829388 0.179626 0.204693 0.182057 0.205942 0.188973 0.20469 0.182195 0.201905 0.239808 0.202764 0.830356 0.166122 0.196747 0.209447 0.819527 0.763409 0.203594 0.194575
0.801581 0.19586 0.190601 0.142469 0.197047 0.158207 0.829388 0.179626 0.204693 0.182057 0.205942 0.188973 0.20469 0.182195 0.201905 0.239808 0.202764 0.830356 0.166122 0.196747 0.209447 0.819527 0.763409 0.203594 0.194575
0.801581 0.19586 0.190601 0.142469 0.197047 0.158207 0.829388 0.179626 0.204693 0.182057 0.205942 0.188973 0.20469 0.182195 0.201905 0.239808 0.202764 0.830356 0.166122 0.196747 0.209447 0.819527 0.763409 0.203594 0.194575
0.801581 0.19586 0.190601 0.142469 0.197047 0.158207 0.829388 0.179626 0.204693 0.182057 0.205942 0.188973 0.20469 0.182195 0.201905 0.239808 0.202764 0.830356 0.166122 0.196747 0.209447 0.819527 0.763409 0.203594 0.194575
0.801581 0.19586 0.190601 0.142469 0.197047 0.158207 0.829388 0.179626 0.204693 0.182057 0.205942 0.188973 0.20469 0.182195 0.201905 0.239808 0.202764 0.830356 0.166122 0.196747 0.209447 0.819527 0.763409 0.203594 0.194575
0.801581 0.19586 0.190601 0.142469 0.197047 0.158207 0.829388 0.179626 0.204693 0.182057 0.205942 0.188973 0.20469 0.182195 0.201905 0.239808 0.202764 0.830356 0.166122 0.196747 0.209447 0.819527 0.763409 0.203594 0.194575
0.801581 0.19586 0.190601 0.142469 0.197047 0.158207 0.829388 0.179626 0.204693 0.182057 0.205942 0.188973 0.20469 0.182195 0.201905 0.239808 0.202764 0.830356 0.166122 0.196747 0.209447 0.819527 0.763409 0.203594 0.194575
0.801581 0.19586 0.190601 0.142469 0.197047 0.158207 0.829388 0.179626 0.204693 0.182057 0.205942 0.188973 0.20469 0.182195 0.201905 0.239808 0.202764 0.830356 0.166122 0.196747 0.209447 0.819527 0.763409 0.203594 0.194575
0.801581 0.19586 0.190601 0.142469 0.197047 0.158207 0.829388 0.179626 0.204693 0.182057 0.205942 0.188973 0.20469 0.182195 0.201905 0.239808 0.202764 0.830356 0.166122 0.196747 0.209447 0.819527 0.763409 0.203594 0.194575
0.801581 0.19586 0.190601 0.142469 0.197047 0.158207 0.829388 0.179626 0.204693 0.182057 0.205942 0.188973 0.20469 0.182195 0.201905 0.239808 0.202764 0.830356 0.166122 0.196747 0.209447 0.819527 0.763409 0.203594 0.194575
0.801581 0.19586 0.190601 0.142469 0.197047 0.158207 0.829388 0.179626 0.204693 0.182057 0.205942 0.188973 0.20469 0.182195 0.201905 0.239808 0.202764 0.830356 0.166122 0.196747 0.209447 0.819527 0.763409 0.203594 0.194575
0.801581 0.19586 0.190601 0.142469 0.197047 0.158207 0.829388 0.179626 0.204693 0.182057 0.205942 0.188973 0.20469 0.182195 0.201905 0.239808 0.202764 0.830356 0.166122 0.196747 0.209447 0.819527 0.763409 0.203594 0.194575
0.801581 0.19586 0.190601 0.142469 0.197047 0.158207 0.829388 0.179626 0.204693 0.182057 0.205942 0.188973 0.20469 0.182195 0.201905 0.239808 0.202764 0.830356 0.166122 0.196747 0.209447 0.819527 0.763409 0.203594 0.194575
0.801581 0.19586 0.190601 0.142469 0.197047 0.158207 0.829388 0.179626 0.204693 0.182057 0.205942 0.188973 0.20469 0.182195 0.201905 0.239808 0.202764 0.830356 0.166122 0.196747 0.209447 0.819527 0.763409 0.203594 0.194575
0.801581 0.19586 0.190601 0.142469 0.197047 0.158207 0.829388 0.179626 0.204693 0.182057 0.205942 0.188973 0.20469 0.182195 0.201905 0.239808 0.202764 0.830356 0.166122 0.196747 0.209447 0.819527 0.763409 0.203594 0.194575
0.801581 0.19586 0.190601 0.142469 0.197047 0.158207 0.829388 0.179626 0.204693 0.182057 0.205942 0.188973 0.20469 0.182195 0.201905 0.239808 0.202764 0.830356 0.166122 0.196747 0.209447 0.819527 0.763409 0.203594 0.194575
0.801581 0.19586 0.190601 0.142469 0.197047 0.158207 0.829388 0.179626 0.204693 0.182057 0.205942 0.188973 0.20469 0.182195 0.201905 0.239808 0.202764 0.830356 0.166122 0.196747 0.209447 0.819527 0.763409 0.203594 0.194575
0.801581 0.19586 0.190601 0.142469 0.197047 0.158207 0.829388 0.179626 0.204693 0.182057 0.205942 0.188973 0.20469 0.182195 0.201905 0.239808 0.202764 0.830356 0.166122 0.196747 0.209447 0.819527 0.763409 0.203594 0.194575
0.801581 0.19586 0.190601 0.142469 0.197047 0.158207 0.829388 0.179626 0.204693 0.182057 0.205942 0.188973 0.20469 0.182195 0.201905 0.239808 0.202764 0.830356 0.166122 0.196747 0.209447 0.819527 0.763409 0.203594 0.194575
0.801581 0.19586 0.190601 0.142469 0.197047 0.158207 0.829388 0.179626 0.204693 0.182057 0.205942 0.188973 0.20469 0.182195 0.201905 0.239808 0.202764 0.830356 0.166122 0.196747 0.209447 0.819527 0.763409 0.203594 0.194575
0.801581 0.19586 0.190601 0.142469 0.197047 0.158207 0.829388 0.179626 0.204693 0.182057 0.205942 0.188973 0.20469 0.182195 0.201905 0.239808 0.202764 0.830356 0.166122 0.196747 0.209447 0.819527 0.763409 0.203594 0.194575
0.801581 0.19586 0.190601 0.142469 0.197047 0.158207 0.829388 0.179626 0.204693 0.182057 0.205942 0.188973 0.20469 0.182195 0.201905 0.239808 0.202764 0.830356 0.166122 0.196747 0.209447 0.819527 0.763409 0.203594 0.194575
0.801581 0.19586 0.190601 0.142469 0.197047 0.158207 0.829388 0.179626 0.204693 0.182057 0.205942 0.188973 0.20469 0.182195 0.201905 0.239808 0.202764 0.830356 0.166122 0.196747 0.209447 0.819527 0.763409 0.203594 0.194575
0.801581 0.19586 0.190601 0.142469 0.197047 0.158207 0.829388 0.179626 0.204693 0.182057 0.205942 0.188973 0.20469 0.182195 0.201905 0.239808 0.202764 0.830356 0.166122 0.196747 0.209447 0.819527 0.763409 0.203594 0.194575
0.801581 0.19586 0.190601 0.142469 0.197047 0.158207 0.829388 0.179626 0.204693 0.182057 0.205942 0.188973 0.20469 0.182195 0.201905 0.239808 0.202764 0.830356 0.166122 0.196747 0.209447 0.819527 0.763409 0.203594 0.194575
0.801581 0.19586 0.190601 0.142469 0.197047 0.158207 0.829388 0.179626 0.204693 0.182057 0.205942 0.188973 0.20469 0.182195 0.201905 0.239808 0.202764 0.830356 0.166122 0.196747 0.209447 0.819527 0.763409 0.203594 0.194575
0.801581 0.19586 0.190601 0.142469 0.197047 0.158207 0.829388 0.179626 0.204693 0.182057 0.205942 0.188973 0.20469 0.182195 0.201905 0.239808 0.202764 0.830356 0.166122 0.196747 0.209447 0.819527 0.763409 0.203594 0.194575
0.801581 0.19586 0.190601 0.142469 0.197047 0.158207 0.829388 0.179626 0.204693 0.182057 0.205942 0.188973 0.20469 0.182195 0.201905 0.239808 0.202764 0.830356 0.166122 0.196747 0.209447 0.819527 0.763409 0.203594 0.194575
0.801581 0.19586 0.190601 0.142469 0.197047 0.158207 0.829388 0.179626 0.204693 0.182057 0.205942 0.188973 0.20469 0.182195 0.201905 0.239808 0.202764 0.830356 0.166122 0.196747 0.209447 0.819527 0.763409 0.203594 0.194575
0.801581 0.19586 0.190601 0.142469 0.197047 0.158207 0.829388 0.179626 0.204693 0.182057 0.205942 0.188973 0.20469 0.182195 0.201905 0.239808 0.202764 0.830356 0.166122 0.196747 0.209447 0.819527 0.763409 0.203594 0.194575
0.801581 0.19586 0.190601 0.142469 0.197047 0.158207 0.829388 0.179626 0.204693 0.182057 0.205942 0.188973 0.20469 0.182195 0.201905 0.239808 0.202764 0.830356 0.166122 0.196747 0.209447 0.819527 0.763409 0.203594 0.194575
0.801581 0.19586 0.190601 0.142469 0.197047 0.158207 0.829388 0.179626 0.204693 0.182057 0.205942 0.188973 0.20469 0.182195 0.201905 0.239808 0.202764 0.830356 0.166122 0.196747 0.209447 0.819527 0.763409 0.203594 0.194575
0.801581 0.19586 0.190601 0.142469 0.197047 0.158207 0.829388 0.179626 0.204693 0.182057 0.205942 0.188973 0.20469 0.182195 0.201905 0.239808 0.202764 0.830356 0.166122 0.196747 0.209447 0.819527 0.763409 0.203594 0.194575
0.801581 0.19586 0.190601 0.142469 0.197047 0.158207 0.829388 0.179626 0.204693 0.182057 0.205942 0.188973 0.20469 0.182195 0.201905 0.239808 0.202764 0.830356 0.166122 0.196747 0.209447 0.819527 0.763409 0.203594 0.194575
0.801581 0.19586 0.190601 0.142469 0.197047 0.158207 0.829388 0.179626 0.204693 0.182057 0.205942 0.188973 0.20469 0.182195 0.201905 0.239808 0.202764 0.830356 0.166122 0.196747 0.209447 0.819527 0.763409 0.203594 0.194575
0.801581 0.19586 0.190601 0.142469 0.197047 0.158207 0.829388 0.179626 0.204693 0.182057 0.205942 0.188973 0.20469 0.182195 0.201905 0.239808 0.202764 0.830356 0.166122 0.196747 0.209447 0.819527 0.763409 0.203594 0.194575
0.801581 0.19586 0.190601 0.142469 0.197047 0.158207 0.829388 0.179626 0.204693 0.182057 0.205942 0.188973 0.20469 0.182195 0.201905 0.239808 0.202764 0.830356 0.166122 0.196747 0.209447 0.819527 0.763409 0.203594 0.194575
0.801581 0.19586 0.190601 0.142469 0.197047 0.158207 0.829388 0.179626 0.204693 0.182057 0.205942 0.188973 0.20469 0.182195 0.201905 0.239808 0.202764 0.830356 0.166122 0.196747 0.209447 0.819527 0.763409 0.203594 0.194575
0.801581 0.19586 0.190601 0.142469 0.197047 0.158207 0.829388 0.179626 0.204693 0.182057 0.205942 0.188973 0.20469 0.182195 0.201905 0.239808 0.202764 0.830356 0.166122 0.196747 0.209447 0.819527 0.763409 0.203594 0.194575
0.801581 0.19586 0.190601 0.142469 0.197047 0.158207 0.829388 0.179626 0.204693 0.182057 0.205942 0.188973 0.20469 0.182195 0.201905 0.239808 0.202764 0.830356 0.166122 0.196747 0.209447 0.819527 0.763409 0.203594 0.194575
0.801581 0.19586 0.190601 0.142469 0.197047 0.158207 0.829388 0.179626 0.204693 0.182057 0.205942 0.188973 0.20469 0.182195 0.201905 0.239808 0.202764 0.830356 0.166122 0.196747 0.209447 0.819527 0.763409 0.203594 0.194575
0.801581 0.19586 0.190601 0.142469 0.197047 0.158207 0.829388 0.179626 0.204693 0.182057 0.205942 0.188973 0.20469 0.182195 0.201905 0.239808 0.202764 0.830356 0.166122 0.196747 0.209447 0.819527 0.763409 0.203594 0.194575
0.801581 0.19586 0.190601 0.142469 0.197047 0.158207 0.829388 0.179626 0.204693 0.182057 0.205942 0.188973 0.20469 0.182195 0.201905 0.239808 0.202764 0.830356 0.166122 0.196747 0.209447 0.819527 0.763409 0.203594 0.194575
0.801581 0.19586 0.190601 0.142469 0.197047 0.158207 0.829388 0.179626 0.204693 0.182057 0.205942 0.188973 0.20469 0.182195 0.201905 0.239808 0.202764 0.830356 0.166122 0.196747 0.209447 0.819527 0.763409 0.203594 0.194575
0.801581 0.19586 0.190601 0.142469 0.197047 0.158207 0.829388 0.179626 0.204693 0.182057 0.205942 0.188973 0.20469 0.182195 0.201905 0.239808 0.202764 0.830356 0.166122 0.196747 0.209447 0.819527 0.763409 0.203594 0.194575
0.801581 0.19586 0.190601 0.142469 0.197047 0.158207 0.829388 0.179626 0.204693 0.182057 0.205942 0.188973 0.20469 0.182195 0.201905 0.239808 0.202764 0.830356 0.166122 0.196747 0.209447 0.819527 0.763409 0.203594 0.194575
0.801581 0.19586 0.190601 0.142469 0.197047 0.158207 0.829388 0.179626 0.204693 0.182057 0.205942 0.188973 0.20469 0.182195 0.201905 0.239808 0.202764 0.830356 0.166122 0.196747 0.209447 0.819527 0.763409 0.203594 0.194575
0.801581 0.19586 0.190601 0.142469 0.197047 0.158207 0.829388 0.179626 0.204693 0.182057 0.205942 0.188973 0.20469 0.182195 0.201905 0.239808 0.202764 0.830356 0.166122 0.196747 0.209447 0.819527 0.763409 0.203594 0.194575
0.801581 0.19586 0.190601 0.142469 0.197047 0.158207 0.829388 0.179626 0.204693 0.182057 0.205942 0.188973 0.20469 0.182195 0.201905 0.239808 0.202764 0.830356 0.166122 0.196747 0.209447 0.819527 0.763409 0.203594 0.194575
0.801581 0.19586 0.190601 0.142469 0.197047 0.158207 0.829388 0.179626 0.204693 0.182057 0.205942 0.188973 0.20469 0.182195 0.201905 0.239808 0.202764 0.830356 0.166122 0.196747 0.209447 0.819527 0.763409 0.203594 0.194575
0.801581 0.19586 0.190601 0.142469 0.197047 0.158207 0.829388 0.179626 0.204693 0.182057 0.205942 0.188973 0.20469 0.182195 0.201905 0.239808 0.202764 0.830356 0.166122 0.196747 0.209447 0.819527 0.763409 0.203594 0.194575
0.801581 0.19586 0.190601 0.142469 0.197047 0.158207 0.829388 0.179626 0.204693 0.182057 0.205942 0.188973 0.20469 0.182195 0.201905 0.239808 0.202764 0.830356 0.166122 0.196747 0.209447 0.819527 0.763409 0.203594 0.194575
0.801581 0.19586 0.190601 0.142469 0.197047 0.158207 0.829388 0.179626 0.204693 0.182057 0.205942 0.188973 0.20469 0.182195 0.201905 0.239808 0.202764 0.830356 0.166122 0.196747 0.209447 0.819527 0.763409 0.203594 0.194575
0.801581 0.19586 0.190601 0.142469 0.197047 0.158207 0.829388 0.179626 0.204693 0.182057 0.205942 0.188973 0.20469 0.182195 0.201905 0.239808 0.202764 0.830356 0.166122 0.196747 0.209447 0.819527 0.763409 0.203594 0.194575
0.801581 0.19586 0.190601 0.142469 0.197047 0.158207 0.829388 0.179626 0.204693 0.182057 0.205942 0.188973 0.20469 0.182195 0.201905 0.239808 0.202764 0.830356 0.166122 0.196747 0.209447 0.819527 0.763409 0.203594 0.194575
0.801581 0.19586 0.190601 0.142469 0.197047 0.158207 0.829388 0.179626 0.204693 0.182057 0.205942 0.188973 0.20469 0.182195 0.201905 0.239808 0.202764 0.830356 0.166122 0.196747 0.209447 0.819527 0.763409 0.203594 0.194575
0.801581 0.19586 0.190601 0.142469 0.197047 0.158207 0.829388 0.179626 0.204693 0.182057 0.205942 0.188973 0.20469 0.182195 0.201905 0.239808 0.202764 0.830356 0.166122 0.196747 0.209447 0.819527 0.763409 0.203594 0.194575
0.801581 0.19586 0.190601 0.142469 0.197047 0.158207 0.829388 0.179626 0.204693 0.182057 0.205942 0.188973 0.20469 0.182195 0.201905 0.239808 0.202764 0.830356 0.166122 0.196747 0.209447 0.819527 0.763409 0.203594 0.194575
0.801581 0.19586 0.190601 0.142469 0.197047 0.158207 0.829388 0.179626 0.204693 0.182057 0.205942 0.188973 0.20469 0.182195 0.201905 0.239808 0.202764 0.830356 0.166122 0.196747 0.209447 0.819527 0.763409 0.203594 0.194575
0.801581 0.19586 0.190601 0.142469 0.197047 0.158207 0.829388 0.179626 0.204693 0.182057 0.205942 0.188973 0.20469 0.182195 0.201905 0.239808 0.202764 0.830356 0.166122 0.196747 0.209447 0.819527 0.763409 0.203594 0.194575
0.801581 0.19586 0.190601 0.142469 0.197047 0.158207 0.829388 0.179626 0.204693 0.182057 0.205942 0.188973 0.20469 0.182195 0.201905 0.239808 0.202764 0.830356 0.166122 0.196747 0.209447 0.819527 0.763409 0.203594 0.194575
0.801581 0.19586 0.190601 0.142469 0.197047 0.158207 0.829388 0.179626 0.204693 0.182057 0.205942 0.188973 0.20469 0.182195 0.201905 0.239808 0.202764 0.830356 0.166122 0.196747 0.209447 0.819527 0.763409 0.203594 0.194575
0.801581 0.19586 0.190601 0.142469 0.197047 0.158207 0.829388 0.179626 0.204693 0.182057 0.205942 0.188973 0.20469 0.182195 0.201905 0.239808 0.202764 0.830356 0.166122 0.196747 0.209447 0.819527 0.763409 0.203594 0.194575
0.801581 0.19586 0.190601 0.142469 0.197047 0.158207 0.829388 0.179626 0.204693 0.182057 0.205942 0.188973 0.20469 0.182195 0.201905 0.239808 0.202764 0.830356 0.166122 0.196747 0.209447 0.819527 0.763409 0.203594 0.194575
0.801581 0.19586 0.190601 0.142469 0.197047 0.158207 0.829388 0.179626 0.204693 0.182057 0.205942 0.188973 0.20469 0.182195 0.201905 0.239808 0.202764 0.830356 0.166122 0.196747 0.209447 0.819527 0.763409 0.203594 0.194575
0.801581 0.19586 0.190601 0.142469 0.197047 0.158207 0.829388 0.179626 0.204693 0.182057 0.205942 0.188973 0.20469 0.182195 0.201905 0.239808 0.202764 0.830356 0.166122 0.196747 0.209447 0.819527 0.763409 0.203594 0.194575
0.801581 0.19586 0.190601 0.142469 0.197047 0.158207 0.829388 0.179626 0.204693 0.182057 0.205942 0.188973 0.20469 0.182195 0.201905 0.239808 0.202764 0.830356 0.166122 0.196747 0.209447 0.819527 0.763409 0.203594 0.194575
0.801581 0.19586 0.190601 0.142469 0.197047 0.158207 0.829388 0.179626 0.204693 0.182057 0.205942 0.188973 0.20469 0.182195 0.201905 0.239808 0.202764 0.830356 0.166122 0.196747 0.209447 0.819527 0.763409 0.203594 0.194575
0.801581 0.19586 0.190601 0.142469 0.197047 0.158207 0.829388 0.179626 0.204693 0.182057 0.205942 0.188973 0.20469 0.182195 0.201905 0.239808 0.202764 0.830356 0.166122 0.196747 0.209447 0.819527 0.763409 0.203594 0.194575
0.801581 0.19586 0.190601 0.142469 0.197047 0.158207 0.829388 0.179626 0.204693 0.182057 0.205942 0.188973 0.20469 0.182195 0.201905 0.239808 0.202764 0.830356 0.166122 0.196747 0.209447 0.819527 0.763409 0.203594 0.194575
0.801581 0.19586 0.190601 0.142469 0.197047 0.158207 0.829388 0.179626 0.204693 0.182057 0.205942 0.188973 0.20469 0.182195 0.201905 0.239808 0.202764 0.830356 0.166122 0.196747 0.209447 0.819527 0.763409 0.203594 0.194575
0.801581 0.19586 0.190601 0.142469 0.197047 0.158207 0.829388 0.179626 0.204693 0.182057 0.205942 0.188973 0.20469 0.182195 0.201905 0.239808 0.202764 0.830356 0.166122 0.196747 0.209447 0.819527 0.763409 0.203594 0.194575
0.801581 0.19586 0.190601 0.142469 0.197047 0.158207 0.829388 0.179626 0.204693 0.182057 0.205942 0.188973 0.20469 0.182195 0.201905 0.239808 0.202764 0.830356 0.166122 0.196747 0.209447 0.819527 0.763409 0.203594 0.194575
0.801581 0.19586 0.190601 0.142469 0.197047 0.158207 0.829388 0.179626 0.204693 0.182057 0.205942 0.188973 0.20469 0.182195 0.201905 0.239808 0.202764 0.830356 0.166122 0.196747 0.209447 0.819527 0.763409 0.203594 0.194575
0.801581 0.19586 0.190601 0.142469 0.197047 0.158207 0.829388 0.179626 0.204693 0.182057 0.205942 0.188973 0.20469 0.182195 0.201905 0.239808 0.202764 0.830356 0.166122 0.196747 0.209447 0.819527 0.763409 0.203594 0.194575
0.801581 0.19586 0.190601 0.142469 0.197047 0.158207 0.829388 0.179626 0.204693 0.182057 0.205942 0.188973 0.20469 0.182195 0.201905 0.239808 0.202764 0.830356 0.166122 0.196747 0.209447 0.819527 0.763409 0.203594 0.194575
0.801581 0.19586 0.190601 0.142469 0.197047 0.158207 0.829388 0.179626 0.204693 0.182057 0.205942 0.188973 0.20469 0.182195 0.201905 0.239808 0.202764 0.830356 0.166122 0.196747 0.209447 0.819527 0.763409 0.203594 0.194575
0.801581 0.19586 0.190601 0.142469 0.197047 0.158207 0.829388 0.179626 0.204693 0.182057 0.205942 0.188973 0.20469 0.182195 0.201905 0.239808 0.202764 0.830356 0.166122 0.196747 0.209447 0.819527 0.763409 0.203594 0.194575
0.801581 0.19586 0.190601 0.142469 0.197047 0.158207 0.829388 0.179626 0.204693 0.182057 0.205942 0.188973 0.20469 0.182195 0.201905 0.239808 0.202764 0.830356 0.166122 0.196747 0.209447 0.819527 0.763409 0.203594 0.194575
0.801581 0.19586 0.190601 0.142469 0.197047 0.158207 0.829388 0.179626 0.204693 0.182057 0.205942 0.188973 0.20469 0.182195 0.201905 0.239808 0.202764 0.830356 0.166122 0.196747 0.209447 0.819527 0.763409 0.203594 0.194575
0.801581 0.19586 0.190601 0.142469 0.197047 0.158207 0.829388 0.179626 0.204693 0.182057 0.205942 0.188973 0.20469 0.182195 0.201905 0.239808 0.202764 0.830356 0.166122 0.196747 0.209447 0.819527 0.763409 0.203594 0.194575
0.801581 0.19586 0.190601 0.142469 0.197047 0.158207 0.829388 0.179626 0.204693 0.182057 0.205942 0.188973 0.20469 0.182195 0.201905 0.239808 0.202764 0.830356 0.166122 0.196747 0.209447 0.819527 0.763409 0.203594 0.194575
0.801581 0.19586 0.190601 0.142469 0.197047 0.158207 0.829388 0.179626 0.204693 0.182057 0.205942 0.188973 0.20469 0.182195 0.201905 0.239808 0.202764 0.830356 0.166122 0.196747 0.209447 0.819527 0.763409 0.203594 0.194575
0.801581 0.19586 0.190601 0.142469 0.197047 0.158207 0.829388 0.179626 0.204693 0.182057 0.205942 0.188973 0.20469 0.182195 0.201905 0.239808 0.202764 0.830356 0.166122 0.196747 0.209447 0.819527 0.763409 0.203594 0.194575
0.801581 0.19586 0.190601 0.142469 0.197047 0.158207 0.829388 0.179626 0.204693 0.182057 0.205942 0.188973 0.20469 0.182195 0.201905 0.239808 0.202764 0.830356 0.166122 0.196747 0.209447 0.819527 0.763409 0.203594 0.194575
0.801581 0.19586 0.190601 0.142469 0.197047 0.158207 0.829388 0.179626 0.204693 0.182057 0.205942 0.188973 0.20469 0.182195 0.201905 0.239808 0.202764 0.830356 0.166122 0.196747 0.209447 0.819527 0.763409 0.203594 0.194575
0.801581 0.19586 0.190601 0.142469 0.197047 0.158207 0.829388 0.179626 0.204693 0.182057 0.205942 0.188973 0.20469 0.182195 0.201905 0.239808 0.202764 0.830356 0.166122 0.196747 0.209447 0.819527 0.763409 0.203594 0.194575
0.801581 0.19586 0.190601 0.142469 0.197047 0.158207 0.829388 0.179626 0.204693 0.182057 0.205942 0.188973 0.20469 0.182195 0.201905 0.239808 0.202764 0.830356 0.166122 0.196747 0.209447 0.819527 0.763409 0.203594 0.194575
0.801581 0.19586 0.190601 0.142469 0.197047 0.158207 0.829388 0.179626 0.204693 0.182057 0.205942 0.188973 0.20469 0.182195 0.201905 0.239808 0.202764 0.830356 0.166122 0.196747 0.209447 0.819527 0.763409 0.203594 0.194575
0.801581 0.19586 0.190601 0.142469 0.197047 0.158207 0.829388 0.179626 0.204693 0.182057 0.205942 0.188973 0.20469 0.182195 0.201905 0.239808 0.202764 0.830356 0.166122 0.196747 0.209447 0.819527 0.763409 0.203594 0.194575
0.801581 0.19586 0.190601 0.142469 0.197047 0.158207 0.829388 0.179626 0.204693 0.182057 0.205942 0.188973 0.20469 0.182195 0.201905 0.239808 0.202764 0.830356 0.166122 0.196747 0.209447 0.819527 0.763409 0.203594 0.194575
0.801581 0.19586 0.190601 0.142469 0.197047 0.158207 0.829388 0.179626 0.204693 0.182057 0.205942 0.188973 0.20469 0.182195 0.201905 0.239808 0.202764 0.830356 0.166122 0.196747 0.209447 0.819527 0.763409 0.203594 0.194575
0.801581 0.19586 0.190601 0.142469 0.197047 0.158207 0.829388 0.179626 0.204693 0.182057 0.205942 0.188973 0.20469 0.182195 0.201905 0.239808 0.202764 0.830356 0.166122 0.196747 0.209447 0.819527 0.763409 0.203594 0.194575
0.801581 0.19586 0.190601 0.142469 0.197047 0.158207 0.829388 0.179626 0.204693 0.182057 0.205942 0.188973 0.20469 0.182195 0.201905 0.239808 0.202764 0.830356 0.166122 0.196747 0.209447 0.819527 0.763409 0.203594 0.194575
0.801581 0.19586 0.190601 0.142469 0.197047 0.158207 0.829388 0.179626 0.204693 0.182057 0.205942 0.188973 0.20469 0.182195 0.201905 0.239808 0.202764 0.830356 0.166122 0.196747 0.209447 0.819527 0.763409 0.203594 0.194575
0.801581 0.19586 0.190601 0.142469 0.197047 0.158207 0.829388 0.179626 0.204693 0.182057 0.205942 0.188973 0.20469 0.182195 0.201905 0.239808 0.202764 0.830356 0.166122 0.196747 0.209447 0.819527 0.763409 0.203594 0.194575
0.801581 0.19586 0.190601 0.142469 0.197047 0.158207 0.829388 0.179626 0.204693 0.182057 0.205942 0.188973 0.20469 0.182195 0.201905 0.239808 0.202764 0.830356 0.166122 0.196747 0.209447 0.819527 0.763409 0.203594 0.194575
0.801581 0.19586 0.190601 0.142469 0.197047 0.158207 0.829388 0.179626 0.204693 0.182057 0.205942 0.188973 0.20469 0.182195 0.201905 0.239808 0.202764 0.830356 0.166122 0.196747 0.209447 0.819527 0.763409 0.203594 0.194575
0.801581 0.19586 0.190601 0.142469 0.197047 0.158207 0.829388 0.179626 0.204693 0.182057 0.205942 0.188973 0.20469 0.182195 0.201905 0.239808 0.202764 0.830356 0.166122 0.196747 0.209447 0.819527 0.763409 0.203594 0.194575
0.801581 0.19586 0.190601 0.142469 0.197047 0.158207 0.829388 0.179626 0.204693 0.182057 0.205942 0.188973 0.20469 0.182195 0.201905 0.239808 0.202764 0.830356 0.166122 0.196747 0.209447 0.819527 0.763409 0.203594 0.194575
0.801581 0.19586 0.190601 0.142469 0.197047 0.158207 0.829388 0.179626 0.204693 0.182057 0.205942 0.188973 0.20469 0.182195 0.201905 0.239808 0.202764 0.830356 0.166122 0.196747 0.209447 0.819527 0.763409 0.203594 0.194575
0.801581 0.19586 0.190601 0.142469 0.197047 0.158207 0.829388 0.179626 0.204693 0.182057 0.205942 0.188973 0.20469 0.182195 0.201905 0.239808 0.202764 0.830356 0.166122 0.196747 0.209447 0.819527 0.763409 0.203594 0.194575
0.801581 0.19586 0.190601 0.142469 0.197047 0.158207 0.829388 0.179626 0.204693 0.182057 0.205942 0.188973 0.20469 0.182195 0.201905 0.239808 0.202764 0.830356 0.166122 0.196747 0.209447 0.819527 0.763409 0.203594 0.194575
0.801581 0.19586 0.190601 0.142469 0.197047 0.158207 0.829388 0.179626 0.204693 0.182057 0.205942 0.188973 0.20469 0.182195 0.201905 0.239808 0.202764 0.830356 0.166122 0.196747 0.209447 0.819527 0.763409 0.203594 0.194575
0.801581 0.19586 0.190601 0.142469 0.197047 0.158207 0.829388 0.179626 0.204693 0.182057 0.205942 0.188973 0.20469 0.182195 0.201905 0.239808 0.202764 0.830356 0.166122 0.196747 0.209447 0.819527 0.763409 0.203594 0.194575
0.801581 0.19586 0.190601 0.142469 0.197047 0.158207 0.829388 0.179626 0.204693 0.182057 0.205942 0.188973 0.20469 0.182195 0.201905 0.239808 0.202764 0.830356 0.166122 0.196747 0.209447 0.819527 0.763409 0.203594 0.194575
0.801581 0.19586 0.190601 0.142469 0.197047 0.158207 0.829388 0.179626 0.204693 0.182057 0.205942 0.188973 0.20469 0.182195 0.201905 0.239808 0.202764 0.830356 0.166122 0.196747 0.209447 0.819527 0.763409 0.203594 0.194575
0.801581 0.19586 0.190601 0.142469 0.197047 0.158207 0.829388 0.179626 0.204693 0.182057 0.205942 0.188973 0.20469 0.182195 0.201905 0.239808 0.202764 0.830356 0.166122 0.196747 0.209447 0.819527 0.763409 0.203594 0.194575
0.801581 0.19586 0.190601 0.142469 0.197047 0.158207 0.829388 0.179626 0.204693 0.182057 0.205942 0.188973 0.20469 0.182195 0.201905 0.239808 0.202764 0.830356 0.166122 0.196747 0.209447 0.819527 0.763409 0.203594 0.194575
