0.273393 0.284438 0.287982 0.221465 0.165404 0.223038 0.273547 0.245148 0.286018 0.447982 0.166853 0.222715 0.166087 0.246362 0.150432 0.165149 0.164908 0.274816 0.36466 0.282828 0.284758 0.419095 0.271516 0.165416 0.286366
0.339499 0.348651 0.356508 0.306613 0.227001 0.3088 0.339696 0.314596 0.350644 0.450015 0.22934 0.308351 0.228104 0.315996 0.261508 0.226589 0.226199 0.341312 0.383646 0.346616 0.349054 0.43541 0.337106 0.22702 0.354549
0.327108 0.334885 0.342924 0.289095 0.20857 0.291181 0.327301 0.300629 0.336842 0.455789 0.210911 0.290753 0.209673 0.301935 0.233841 0.208158 0.207769 0.328886 0.384711 0.332886 0.335281 0.437123 0.324761 0.208589 0.341027
0.33138 0.338394 0.347293 0.294732 0.211526 0.29685 0.331575 0.304539 0.340367 0.456875 0.213926 0.296415 0.212657 0.305868 0.241515 0.211104 0.210704 0.333174 0.383909 0.33638 0.338794 0.439477 0.329011 0.211546 0.345379
0.330981 0.3368 0.346541 0.294274 0.210224 0.296387 0.331175 0.303662 0.338768 0.458005 0.212624 0.295954 0.211355 0.304985 0.239735 0.209802 0.209403 0.332773 0.383571 0.334791 0.337199 0.440692 0.328615 0.210244 0.344631
0.331553 0.336244 0.346832 0.295194 0.21034 0.297311 0.331748 0.30382 0.338211 0.458746 0.212742 0.296876 0.211472 0.305144 0.240295 0.209916 0.209517 0.333346 0.38275 0.334236 0.336642 0.441824 0.329185 0.210359 0.344921
0.331822 0.335325 0.346775 0.295726 0.210235 0.297845 0.332017 0.303686 0.337289 0.459445 0.212638 0.29741 0.211367 0.30501 0.240243 0.209812 0.209412 0.333616 0.381951 0.33332 0.335723 0.44286 0.329453 0.210255 0.344864
0.332151 0.334449 0.346776 0.296341 0.210233 0.298462 0.332347 0.303618 0.336411 0.460111 0.212636 0.298027 0.211365 0.304943 0.240331 0.20981 0.20941 0.333947 0.381086 0.332446 0.334846 0.443887 0.329782 0.210253 0.344865
0.332467 0.333534 0.346754 0.296933 0.210223 0.299056 0.332663 0.303539 0.335494 0.460774 0.212626 0.298621 0.211356 0.304863 0.240375 0.2098 0.2094 0.334263 0.3802 0.331533 0.333931 0.444915 0.330097 0.210243 0.344843
0.332794 0.332608 0.346736 0.297534 0.210222 0.299659 0.332989 0.303472 0.334566 0.461439 0.212624 0.299222 0.211354 0.304795 0.240422 0.209799 0.209399 0.334591 0.379288 0.33061 0.333005 0.445953 0.330422 0.210241 0.344826
0.333128 0.331668 0.346718 0.298136 0.21022 0.300263 0.333323 0.303411 0.333623 0.462108 0.212623 0.299827 0.211352 0.304735 0.24046 0.209797 0.209397 0.334925 0.378355 0.329672 0.332064 0.447004 0.330755 0.210239 0.344807
0.33347 0.330715 0.3467 0.298743 0.210219 0.300872 0.333665 0.303358 0.332668 0.462783 0.212621 0.300435 0.211351 0.304682 0.240492 0.209796 0.209396 0.335268 0.377401 0.328722 0.331111 0.448068 0.331096 0.210238 0.34479
0.33382 0.32975 0.346684 0.299355 0.210217 0.301486 0.334015 0.303313 0.331701 0.463463 0.21262 0.301048 0.21135 0.304637 0.240517 0.209794 0.209395 0.335619 0.376427 0.327759 0.330145 0.449146 0.331445 0.210237 0.344773
0.334178 0.328774 0.346667 0.299971 0.210216 0.302104 0.334374 0.303276 0.330722 0.464148 0.212619 0.301666 0.211348 0.304599 0.240536 0.209793 0.209393 0.335978 0.375433 0.326785 0.329168 0.450239 0.331803 0.210236 0.344756
0.334545 0.327786 0.346649 0.300593 0.210214 0.302728 0.334741 0.303245 0.329732 0.464839 0.212617 0.30229 0.211346 0.304568 0.240548 0.209791 0.209392 0.336346 0.374419 0.325801 0.32818 0.451346 0.332168 0.210234 0.344739
0.33492 0.326788 0.346631 0.301219 0.210212 0.303357 0.335115 0.30322 0.328731 0.465534 0.212615 0.302918 0.211345 0.304544 0.240553 0.209789 0.20939 0.336721 0.373386 0.324805 0.327182 0.452467 0.332542 0.210232 0.344721
0.335302 0.32578 0.346612 0.301852 0.21021 0.303991 0.335498 0.303202 0.32772 0.466233 0.212613 0.303552 0.211342 0.304525 0.240552 0.209787 0.209387 0.337104 0.372335 0.3238 0.326173 0.453603 0.332923 0.21023 0.344701
0.335692 0.324763 0.34659 0.30249 0.210208 0.304632 0.335888 0.303189 0.3267 0.466937 0.21261 0.304192 0.21134 0.304512 0.240543 0.209785 0.209385 0.337496 0.371266 0.322785 0.325155 0.454754 0.333312 0.210227 0.344679
0.33609 0.323736 0.346565 0.303135 0.210205 0.305278 0.336286 0.303181 0.325671 0.467644 0.212608 0.304838 0.211337 0.304504 0.240528 0.209782 0.209382 0.337894 0.370179 0.321762 0.324128 0.45592 0.333709 0.210225 0.344655
0.336496 0.322702 0.346537 0.303785 0.210202 0.305931 0.336692 0.303178 0.324634 0.468354 0.212605 0.30549 0.211334 0.304501 0.240505 0.209779 0.209379 0.338301 0.369075 0.32073 0.323093 0.4571 0.334113 0.210222 0.344627
0.336909 0.32166 0.346505 0.304442 0.210199 0.30659 0.337105 0.303178 0.323589 0.469066 0.212601 0.306149 0.211331 0.304502 0.240476 0.209776 0.209376 0.338715 0.367954 0.319691 0.32205 0.458296 0.334525 0.210218 0.344595
0.337329 0.320611 0.346468 0.305105 0.210195 0.307256 0.337525 0.303182 0.322537 0.469781 0.212598 0.306814 0.211327 0.304506 0.240439 0.209772 0.209372 0.339136 0.366818 0.318645 0.321001 0.459506 0.334943 0.210215 0.344558
0.337756 0.319556 0.346426 0.305776 0.210191 0.307928 0.337952 0.303189 0.321479 0.470497 0.212594 0.307486 0.211323 0.304513 0.240394 0.209768 0.209368 0.339564 0.365667 0.317593 0.319945 0.460732 0.335369 0.210211 0.344516
0.33819 0.318496 0.346377 0.306453 0.210187 0.308608 0.338386 0.303199 0.320416 0.471214 0.212589 0.308165 0.211319 0.304522 0.240342 0.209764 0.209364 0.339998 0.364501 0.316536 0.318884 0.461972 0.335802 0.210206 0.344467
0.33863 0.317431 0.346322 0.307137 0.210182 0.309294 0.338827 0.30321 0.319348 0.471931 0.212585 0.308851 0.211314 0.304533 0.240283 0.209759 0.209359 0.34044 0.363321 0.315474 0.317819 0.463228 0.336241 0.210202 0.344412
0.339078 0.316362 0.346259 0.307829 0.210177 0.309988 0.339274 0.303222 0.318277 0.472647 0.21258 0.309545 0.211309 0.304545 0.240216 0.209754 0.209355 0.340888 0.362129 0.314408 0.31675 0.464498 0.336687 0.210197 0.344349
0.339531 0.31529 0.346188 0.308528 0.210172 0.310689 0.339728 0.303234 0.317202 0.473363 0.212574 0.310245 0.211304 0.304558 0.240141 0.209749 0.209349 0.341343 0.360924 0.313339 0.315677 0.465783 0.33714 0.210192 0.344278
0.339991 0.314216 0.346107 0.309234 0.210166 0.311398 0.340188 0.303247 0.316125 0.474076 0.212569 0.310954 0.211298 0.304571 0.240058 0.209743 0.209344 0.341804 0.359707 0.312268 0.314602 0.467083 0.337598 0.210186 0.344198
0.340457 0.31314 0.346017 0.309948 0.21016 0.312114 0.340654 0.303259 0.315046 0.474787 0.212563 0.31167 0.211292 0.304582 0.239967 0.209737 0.209338 0.342271 0.35848 0.311196 0.313526 0.468398 0.338063 0.21018 0.344107
0.340929 0.312065 0.345916 0.31067 0.210154 0.312838 0.341127 0.303269 0.313967 0.475495 0.212556 0.312393 0.211286 0.304593 0.239868 0.209731 0.209331 0.342744 0.357243 0.310123 0.31245 0.469728 0.338533 0.210174 0.344006
0.341407 0.310989 0.345803 0.3114 0.210147 0.313571 0.341604 0.303277 0.312888 0.476199 0.21255 0.313125 0.211279 0.304601 0.239762 0.209725 0.209325 0.343223 0.355996 0.30905 0.311374 0.471072 0.33901 0.210167 0.343894
0.34189 0.309914 0.345678 0.312138 0.21014 0.314311 0.342088 0.303282 0.311811 0.476898 0.212542 0.313865 0.211272 0.304606 0.239647 0.209718 0.209318 0.343707 0.354742 0.307979 0.310298 0.472431 0.339492 0.21016 0.343769
0.342379 0.308842 0.345539 0.312884 0.210133 0.315059 0.342577 0.303284 0.310735 0.477592 0.212535 0.314613 0.211265 0.304608 0.239524 0.20971 0.20931 0.344197 0.35348 0.30691 0.309225 0.473804 0.339979 0.210153 0.343631
0.342873 0.307772 0.345387 0.313638 0.210125 0.315816 0.343071 0.303282 0.309662 0.478279 0.212527 0.315369 0.211257 0.304605 0.239392 0.209702 0.209303 0.344692 0.352211 0.305843 0.308155 0.475192 0.340472 0.210145 0.343479
0.343372 0.306706 0.34522 0.314401 0.210117 0.316581 0.34357 0.303274 0.308593 0.478959 0.212519 0.316134 0.211249 0.304597 0.239253 0.209694 0.209295 0.345192 0.350937 0.304781 0.307088 0.476594 0.340969 0.210137 0.343313
0.343877 0.305645 0.345038 0.315173 0.210109 0.317355 0.344074 0.303261 0.307529 0.479632 0.212511 0.316907 0.21124 0.304584 0.239105 0.209686 0.209286 0.345698 0.349657 0.303722 0.306026 0.478011 0.341472 0.210128 0.34313
0.344386 0.304588 0.344838 0.315953 0.2101 0.318138 0.344584 0.303241 0.306469 0.480296 0.212502 0.317689 0.211232 0.304564 0.238949 0.209677 0.209278 0.346208 0.348374 0.302669 0.304969 0.479442 0.34198 0.21012 0.342932
0.344899 0.303538 0.344622 0.316742 0.210091 0.318929 0.345097 0.303213 0.305416 0.480951 0.212492 0.31848 0.211223 0.304537 0.238784 0.209668 0.209268 0.346722 0.347088 0.301622 0.303918 0.480887 0.342492 0.21011 0.342716
0.345418 0.302495 0.344388 0.31754 0.210081 0.31973 0.345616 0.303178 0.304369 0.481595 0.212483 0.31928 0.211213 0.304501 0.238611 0.209659 0.209259 0.347242 0.345799 0.300582 0.302874 0.482346 0.343009 0.210101 0.342482
0.34594 0.301459 0.344135 0.318347 0.210072 0.320539 0.346139 0.303134 0.303331 0.482229 0.212473 0.320089 0.211203 0.304457 0.238431 0.209649 0.209249 0.347766 0.344509 0.29955 0.301838 0.48382 0.34353 0.210091 0.34223
0.346467 0.300432 0.343862 0.319163 0.210061 0.321358 0.346666 0.30308 0.3023 0.482851 0.212463 0.320908 0.211193 0.304403 0.238241 0.209639 0.209239 0.348294 0.343218 0.298525 0.30081 0.485308 0.344056 0.210081 0.341958
0.346999 0.299413 0.343569 0.319989 0.210051 0.322186 0.347197 0.303016 0.301279 0.483461 0.212452 0.321735 0.211182 0.304339 0.238044 0.209628 0.209229 0.348826 0.341927 0.29751 0.299791 0.48681 0.344586 0.21007 0.341665
0.347534 0.298405 0.343255 0.320824 0.21004 0.323024 0.347733 0.30294 0.300267 0.484058 0.212441 0.322572 0.211171 0.304263 0.237838 0.209617 0.209218 0.349363 0.340637 0.296505 0.298782 0.488326 0.34512 0.21006 0.341352
0.348074 0.297406 0.342919 0.321669 0.210029 0.323871 0.348273 0.302853 0.299265 0.484641 0.21243 0.323419 0.21116 0.304176 0.237625 0.209606 0.209207 0.349904 0.339349 0.295509 0.297783 0.489856 0.345658 0.210048 0.341017
0.348617 0.296419 0.342561 0.322524 0.210017 0.324729 0.348816 0.302753 0.298275 0.48521 0.212418 0.324276 0.211149 0.304076 0.237403 0.209595 0.209195 0.350448 0.338063 0.294525 0.296794 0.491401 0.3462 0.210037 0.340659
0.349165 0.295442 0.342179 0.323389 0.210006 0.325596 0.349364 0.30264 0.297296 0.485765 0.212406 0.325143 0.211137 0.303962 0.237174 0.209583 0.209183 0.350997 0.33678 0.293552 0.295818 0.49296 0.346746 0.210025 0.340279
0.349716 0.294478 0.341774 0.324264 0.209993 0.326474 0.349915 0.302512 0.296328 0.486304 0.212394 0.32602 0.211125 0.303834 0.236937 0.209571 0.209171 0.351549 0.335501 0.292591 0.294853 0.494533 0.347296 0.210013 0.339874
0.350271 0.293526 0.341344 0.325149 0.209981 0.327361 0.350471 0.302369 0.295374 0.486827 0.212382 0.326907 0.211112 0.303691 0.236692 0.209558 0.209159 0.352106 0.334227 0.291642 0.2939 0.496121 0.347849 0.210001 0.339445
0.35083 0.292588 0.340889 0.326045 0.209968 0.32826 0.35103 0.302211 0.294432 0.487333 0.212369 0.327805 0.211099 0.303533 0.23644 0.209546 0.209146 0.352666 0.332957 0.290706 0.292961 0.497724 0.348407 0.209988 0.338991
0.351393 0.291662 0.340409 0.326952 0.209955 0.32917 0.351593 0.302037 0.293503 0.487823 0.212356 0.328714 0.211086 0.303358 0.23618 0.209533 0.209133 0.35323 0.331693 0.289784 0.292035 0.499341 0.348968 0.209975 0.338512
0.351959 0.29075 0.339902 0.32787 0.209942 0.33009 0.352159 0.301845 0.292588 0.488295 0.212342 0.329634 0.211073 0.303166 0.235913 0.209519 0.20912 0.353797 0.330435 0.288874 0.291122 0.500973 0.349533 0.209961 0.338006
0.35253 0.289851 0.339369 0.328799 0.209928 0.331022 0.352729 0.301636 0.291687 0.48875 0.212328 0.330565 0.211059 0.302956 0.235638 0.209506 0.209106 0.354368 0.329183 0.287979 0.290223 0.502621 0.350101 0.209948 0.337474
0.353104 0.288967 0.338808 0.329739 0.209914 0.331965 0.353304 0.301408 0.2908 0.489186 0.212314 0.331508 0.211045 0.302728 0.235357 0.209492 0.209092 0.354943 0.327939 0.287098 0.289338 0.504283 0.350674 0.209934 0.336915
0.353681 0.288097 0.33822 0.330692 0.2099 0.33292 0.353881 0.301161 0.289927 0.489604 0.2123 0.332463 0.211031 0.302481 0.235069 0.209477 0.209078 0.355522 0.326702 0.28623 0.288467 0.505961 0.35125 0.20992 0.336328
0.354263 0.287241 0.337604 0.331656 0.209885 0.333887 0.354463 0.300895 0.289068 0.490004 0.212285 0.333429 0.211016 0.302214 0.234775 0.209463 0.209064 0.356105 0.325472 0.285378 0.287611 0.507655 0.35183 0.209905 0.335714
0.354848 0.2864 0.33696 0.332633 0.209871 0.334866 0.355048 0.300609 0.288224 0.490385 0.21227 0.334408 0.211001 0.301928 0.234474 0.209448 0.209049 0.356691 0.324251 0.284539 0.286769 0.509365 0.352413 0.20989 0.335071
0.355436 0.285573 0.336287 0.333622 0.209856 0.335858 0.355637 0.300302 0.287395 0.490747 0.212255 0.335399 0.210986 0.30162 0.234166 0.209433 0.209034 0.357281 0.323039 0.283715 0.285942 0.511091 0.353001 0.209875 0.334399
0.356029 0.284761 0.335585 0.334624 0.20984 0.336863 0.35623 0.299974 0.28658 0.49109 0.21224 0.336403 0.210971 0.301292 0.233853 0.209418 0.209018 0.357875 0.321834 0.282906 0.28513 0.512834 0.353592 0.20986 0.333699
0.356625 0.283964 0.334855 0.335639 0.209824 0.337881 0.356826 0.299625 0.28578 0.491414 0.212224 0.337421 0.210955 0.300942 0.233534 0.209402 0.209003 0.358472 0.320639 0.282111 0.284332 0.514593 0.354186 0.209844 0.33297
0.357226 0.283181 0.334095 0.336668 0.209808 0.338912 0.357426 0.299253 0.284994 0.49172 0.212208 0.338452 0.210939 0.30057 0.233209 0.209386 0.208987 0.359074 0.319453 0.281331 0.283548 0.516369 0.354785 0.209828 0.332212
0.357829 0.282412 0.333305 0.33771 0.209792 0.339957 0.35803 0.29886 0.284223 0.492006 0.212191 0.339496 0.210923 0.300175 0.232878 0.20937 0.208971 0.359679 0.318275 0.280565 0.282779 0.518163 0.355387 0.209812 0.331424
0.358437 0.281657 0.332486 0.338766 0.209776 0.341017 0.358638 0.298444 0.283466 0.492274 0.212174 0.340555 0.210906 0.299758 0.232542 0.209353 0.208954 0.360287 0.317107 0.279813 0.282024 0.519974 0.355993 0.209795 0.330607
0.359048 0.280917 0.331638 0.339837 0.209759 0.34209 0.35925 0.298005 0.282723 0.492524 0.212157 0.341628 0.210889 0.299318 0.232201 0.209336 0.208937 0.3609 0.315947 0.279075 0.281282 0.521802 0.356603 0.209778 0.329761
0.359664 0.28019 0.33076 0.340923 0.209742 0.343179 0.359865 0.297543 0.281993 0.492755 0.21214 0.342716 0.210872 0.298856 0.231855 0.209319 0.20892 0.361516 0.314797 0.27835 0.280555 0.523649 0.357217 0.209761 0.328885
0.360282 0.279476 0.329854 0.342024 0.209724 0.344283 0.360484 0.297057 0.281278 0.492968 0.212122 0.343819 0.210854 0.298369 0.231504 0.209302 0.208903 0.362136 0.313656 0.277639 0.279841 0.525514 0.357834 0.209744 0.327981
0.360904 0.278776 0.328917 0.34314 0.209706 0.345402 0.361106 0.296549 0.280575 0.493165 0.212104 0.344938 0.210836 0.29786 0.231149 0.209284 0.208885 0.362759 0.312524 0.276941 0.27914 0.527397 0.358455 0.209726 0.327047
0.36153 0.278088 0.327952 0.344273 0.209688 0.346537 0.361732 0.296017 0.279885 0.493344 0.212086 0.346072 0.210818 0.297327 0.230789 0.209266 0.208867 0.363386 0.3114 0.276256 0.278452 0.529299 0.359079 0.209708 0.326084
0.362159 0.277413 0.326958 0.345421 0.20967 0.347689 0.362361 0.295462 0.279207 0.493507 0.212068 0.347223 0.210799 0.296771 0.230425 0.209247 0.208848 0.364016 0.310285 0.275583 0.277776 0.53122 0.359706 0.209689 0.325092
0.362791 0.27675 0.325936 0.346586 0.209651 0.348857 0.362993 0.294883 0.278542 0.493653 0.212048 0.348391 0.210781 0.296191 0.230057 0.209229 0.20883 0.36465 0.309178 0.274923 0.277113 0.53316 0.360337 0.20967 0.324073
0.363427 0.276098 0.324886 0.347769 0.209631 0.350042 0.363629 0.294281 0.277888 0.493785 0.212029 0.349576 0.210761 0.295588 0.229685 0.209209 0.20881 0.365286 0.30808 0.274273 0.276461 0.535118 0.36097 0.209651 0.323025
0.364065 0.275458 0.323808 0.348968 0.209612 0.351245 0.364267 0.293656 0.277246 0.493903 0.212009 0.350778 0.210742 0.294962 0.229309 0.20919 0.208791 0.365925 0.306989 0.273635 0.27582 0.537096 0.361607 0.209631 0.32195
0.364705 0.274828 0.322703 0.350186 0.209592 0.352465 0.364907 0.293009 0.276614 0.494007 0.211989 0.351998 0.210721 0.294313 0.22893 0.20917 0.208771 0.366567 0.305906 0.273008 0.27519 0.539093 0.362246 0.209611 0.320848
0.365348 0.274209 0.321572 0.351422 0.209571 0.353704 0.36555 0.292339 0.275992 0.494098 0.211969 0.353236 0.210701 0.293642 0.228548 0.209149 0.208751 0.367211 0.304831 0.27239 0.27457 0.54111 0.362887 0.209591 0.319719
0.365992 0.273599 0.320414 0.352677 0.209551 0.354962 0.366195 0.291646 0.27538 0.494178 0.211948 0.354493 0.21068 0.292948 0.228162 0.209129 0.20873 0.367856 0.303762 0.271783 0.27396 0.543145 0.36353 0.20957 0.318564
0.366638 0.272998 0.319232 0.353951 0.209529 0.356239 0.36684 0.290932 0.274777 0.494247 0.211926 0.35577 0.210659 0.292233 0.227773 0.209107 0.208709 0.368503 0.3027 0.271184 0.273358 0.5452 0.364174 0.209549 0.317385
0.367284 0.272406 0.318025 0.355244 0.209508 0.357536 0.367487 0.290197 0.274183 0.494306 0.211904 0.357066 0.210637 0.291496 0.227381 0.209086 0.208687 0.369151 0.301644 0.270594 0.272766 0.547273 0.364819 0.209527 0.316181
0.367931 0.271823 0.316794 0.356558 0.209486 0.358853 0.368134 0.289442 0.273597 0.494358 0.211882 0.358382 0.210615 0.290739 0.226987 0.209064 0.208665 0.369799 0.300594 0.270013 0.272182 0.549365 0.365464 0.209505 0.314953
0.368578 0.271246 0.31554 0.357892 0.209463 0.36019 0.368781 0.288666 0.273019 0.494402 0.211859 0.359719 0.210592 0.289962 0.22659 0.209041 0.208642 0.370447 0.299549 0.269439 0.271605 0.551475 0.366109 0.209482 0.313702
0.369224 0.270677 0.314264 0.359248 0.20944 0.361549 0.369427 0.28787 0.272448 0.49444 0.211836 0.361077 0.210569 0.289165 0.226191 0.209018 0.208619 0.371094 0.29851 0.268872 0.271036 0.553604 0.366753 0.209459 0.31243
0.369868 0.270114 0.312967 0.360625 0.209416 0.36293 0.370071 0.287056 0.271883 0.494475 0.211812 0.362457 0.210545 0.288349 0.225789 0.208994 0.208596 0.371739 0.297476 0.268311 0.270473 0.55575 0.367396 0.209436 0.311137
0.370509 0.269558 0.311651 0.362025 0.209392 0.364332 0.370712 0.286224 0.271325 0.494506 0.211788 0.363859 0.210521 0.287515 0.225386 0.20897 0.208572 0.372381 0.296445 0.267756 0.269915 0.557914 0.368036 0.209412 0.309823
0.371146 0.269007 0.310315 0.363448 0.209367 0.365758 0.37135 0.285375 0.270771 0.494537 0.211763 0.365284 0.210496 0.286664 0.22498 0.208946 0.208547 0.37302 0.295419 0.267207 0.269364 0.560094 0.368672 0.209387 0.308491
0.371779 0.26846 0.308962 0.364894 0.209342 0.367207 0.371983 0.284509 0.270223 0.494568 0.211737 0.366733 0.210471 0.285797 0.224573 0.208921 0.208522 0.373654 0.294397 0.266663 0.268817 0.56229 0.369303 0.209362 0.307141
0.372406 0.267918 0.307591 0.366364 0.209317 0.368681 0.37261 0.283628 0.269679 0.494602 0.211711 0.368206 0.210445 0.284914 0.224164 0.208895 0.208496 0.374282 0.293378 0.266123 0.268275 0.564502 0.369929 0.209336 0.305775
0.373026 0.26738 0.306206 0.367859 0.20929 0.37018 0.37323 0.282732 0.269139 0.494641 0.211685 0.369704 0.210419 0.284017 0.223754 0.208869 0.20847 0.374903 0.292362 0.265587 0.267736 0.566729 0.370547 0.20931 0.304393
0.373637 0.266846 0.304806 0.369381 0.209263 0.371704 0.373841 0.281823 0.268603 0.494686 0.211658 0.371227 0.210392 0.283106 0.223343 0.208842 0.208443 0.375515 0.291349 0.265054 0.267201 0.56897 0.371157 0.209283 0.302997
0.374238 0.266314 0.303393 0.370928 0.209236 0.373255 0.374443 0.280901 0.268069 0.49474 0.21163 0.372778 0.210364 0.282182 0.22293 0.208814 0.208416 0.376117 0.290339 0.264524 0.266669 0.571223 0.371757 0.209255 0.301588
0.374828 0.265784 0.301969 0.372504 0.209208 0.374834 0.375032 0.279968 0.267538 0.494805 0.211602 0.374356 0.210336 0.281247 0.222517 0.208786 0.208388 0.376707 0.28933 0.263997 0.266139 0.573489 0.372345 0.209227 0.300168
0.375404 0.265257 0.300534 0.374108 0.209179 0.376441 0.375608 0.279024 0.267008 0.494883 0.211573 0.375963 0.210307 0.280301 0.222103 0.208758 0.208359 0.377284 0.288324 0.263472 0.265612 0.575767 0.372919 0.209199 0.298737
0.375964 0.264731 0.299091 0.375742 0.20915 0.378078 0.376168 0.278071 0.266481 0.494978 0.211543 0.377599 0.210278 0.279346 0.221688 0.208728 0.20833 0.377845 0.28732 0.262948 0.265085 0.578054 0.373478 0.209169 0.297297
0.376506 0.264207 0.29764 0.377407 0.20912 0.379747 0.376711 0.277109 0.265954 0.495091 0.211513 0.379267 0.210248 0.278382 0.221273 0.208699 0.2083 0.378389 0.286316 0.262425 0.264561 0.58035 0.37402 0.209139 0.29585
0.377029 0.263683 0.296182 0.379104 0.209089 0.381447 0.377234 0.276141 0.265429 0.495226 0.211482 0.380967 0.210217 0.277412 0.220858 0.208668 0.20827 0.378912 0.285315 0.261903 0.264036 0.582655 0.374541 0.209109 0.294397
0.377529 0.26316 0.29472 0.380835 0.209058 0.383182 0.377734 0.275166 0.264903 0.495385 0.211451 0.382701 0.210186 0.276435 0.220443 0.208637 0.208239 0.379413 0.284315 0.261382 0.263513 0.584966 0.37504 0.209078 0.292939
0.378004 0.262637 0.293255 0.382602 0.209026 0.384952 0.378209 0.274186 0.264378 0.495572 0.211419 0.38447 0.210154 0.275453 0.220029 0.208605 0.208207 0.379889 0.283316 0.260861 0.262989 0.587283 0.375514 0.209046 0.291478
0.378451 0.262113 0.291787 0.384406 0.208994 0.38676 0.378656 0.273202 0.263853 0.49579 0.211386 0.386277 0.210121 0.274467 0.219615 0.208573 0.208175 0.380336 0.282318 0.26034 0.262465 0.589604 0.37596 0.209013 0.290015
0.378867 0.261589 0.290319 0.38625 0.208961 0.388607 0.379072 0.272215 0.263327 0.496042 0.211353 0.388123 0.210088 0.273478 0.219202 0.20854 0.208142 0.380753 0.281321 0.259818 0.261941 0.591929 0.376375 0.20898 0.288551
0.379248 0.261065 0.288851 0.388136 0.208927 0.390496 0.379453 0.271226 0.262801 0.496333 0.211319 0.390012 0.210054 0.272487 0.218789 0.208506 0.208108 0.381135 0.280325 0.259295 0.261416 0.594255 0.376755 0.208947 0.287088
0.379591 0.260539 0.287385 0.390066 0.208893 0.392429 0.379796 0.270237 0.262273 0.496666 0.211284 0.391944 0.21002 0.271495 0.218378 0.208472 0.208074 0.381478 0.279331 0.258772 0.26089 0.596582 0.377098 0.208913 0.285626
0.379892 0.260013 0.285923 0.392043 0.208858 0.39441 0.380098 0.269247 0.261745 0.497045 0.211249 0.393924 0.209985 0.270504 0.217968 0.208437 0.208039 0.38178 0.278338 0.258247 0.260363 0.598908 0.377398 0.208878 0.284168
0.380148 0.259485 0.284465 0.39407 0.208823 0.396441 0.380353 0.268259 0.261215 0.497476 0.211213 0.395954 0.209949 0.269513 0.21756 0.208402 0.208004 0.382036 0.277345 0.257721 0.259835 0.601232 0.377653 0.208842 0.282714
0.380353 0.258955 0.283012 0.396151 0.208787 0.398525 0.380558 0.267273 0.260683 0.497962 0.211177 0.398038 0.209913 0.268525 0.217153 0.208366 0.207968 0.382241 0.276354 0.257194 0.259305 0.603553 0.377858 0.208806 0.281266
0.380503 0.258424 0.281566 0.398289 0.20875 0.400667 0.380708 0.266289 0.26015 0.498509 0.21114 0.400179 0.209876 0.267539 0.216749 0.208329 0.207931 0.382392 0.275365 0.256665 0.258774 0.60587 0.378008 0.208769 0.279824
0.380593 0.257891 0.280127 0.40049 0.208712 0.402871 0.380798 0.265309 0.259615 0.499122 0.211102 0.402382 0.209838 0.266557 0.216346 0.208292 0.207894 0.382482 0.274376 0.256134 0.25824 0.608181 0.378097 0.208732 0.27839
0.380618 0.257357 0.278697 0.402756 0.208674 0.405141 0.380823 0.264334 0.259078 0.499807 0.211064 0.404652 0.2098 0.26558 0.215945 0.208254 0.207856 0.382506 0.273389 0.255601 0.257705 0.610487 0.378122 0.208694 0.276965
0.380571 0.25682 0.277276 0.405094 0.208636 0.407483 0.380776 0.263364 0.25854 0.50057 0.211025 0.406993 0.209761 0.264607 0.215547 0.208215 0.207817 0.38246 0.272404 0.255066 0.257168 0.612785 0.378076 0.208655 0.275548
0.380448 0.256281 0.275866 0.40751 0.208596 0.409902 0.380653 0.262399 0.257999 0.501418 0.210985 0.409411 0.209722 0.26364 0.215152 0.208176 0.207778 0.382336 0.27142 0.25453 0.256628 0.615075 0.377953 0.208616 0.274142
0.38024 0.255739 0.274465 0.410009 0.208556 0.412404 0.380446 0.26144 0.257455 0.502356 0.210945 0.411913 0.209682 0.26268 0.214759 0.208136 0.207738 0.382129 0.270437 0.25399 0.256087 0.617357 0.377746 0.208576 0.272747
0.379943 0.255196 0.273076 0.412598 0.208516 0.414997 0.380148 0.260488 0.256909 0.503394 0.210904 0.414505 0.209641 0.261725 0.214369 0.208095 0.207698 0.38183 0.269456 0.253449 0.255542 0.61963 0.377449 0.208535 0.271362
0.379547 0.254649 0.271699 0.415285 0.208474 0.417688 0.379752 0.259543 0.256361 0.504539 0.210862 0.417195 0.209599 0.260778 0.213981 0.208054 0.207656 0.381434 0.268476 0.252904 0.254996 0.621893 0.377054 0.208494 0.269989
0.379046 0.2541 0.270333 0.418079 0.208432 0.420485 0.379251 0.258605 0.255809 0.505798 0.210819 0.419992 0.209557 0.259837 0.213596 0.208012 0.207614 0.380932 0.267497 0.252357 0.254446 0.624147 0.376554 0.208451 0.268627
0.378432 0.253547 0.268979 0.420988 0.208389 0.423398 0.378636 0.257673 0.255255 0.507183 0.210776 0.422904 0.209514 0.258904 0.213214 0.207969 0.207571 0.380317 0.266519 0.251807 0.253893 0.626392 0.375941 0.208408 0.267278
0.377694 0.252992 0.267636 0.424022 0.208345 0.426436 0.377899 0.256749 0.254697 0.508701 0.210731 0.425941 0.209469 0.257978 0.212834 0.207925 0.207528 0.379578 0.265541 0.251253 0.253337 0.628629 0.375205 0.208364 0.265939
0.376825 0.252432 0.266304 0.427193 0.2083 0.429611 0.37703 0.255832 0.254135 0.510364 0.210686 0.429115 0.209424 0.257058 0.212456 0.20788 0.207483 0.378708 0.264563 0.250696 0.252777 0.630857 0.374339 0.20832 0.264612
0.375815 0.251868 0.264983 0.430512 0.208254 0.432933 0.37602 0.254921 0.253569 0.512182 0.21064 0.432436 0.209378 0.256145 0.212081 0.207834 0.207437 0.377696 0.263584 0.250134 0.252212 0.633079 0.373331 0.208274 0.263295
0.374654 0.251299 0.263672 0.433991 0.208207 0.436416 0.374858 0.254016 0.252998 0.514167 0.210592 0.435919 0.209331 0.255238 0.211707 0.207787 0.20739 0.376533 0.262603 0.249568 0.251643 0.635296 0.372172 0.208226 0.261989
0.373331 0.250725 0.26237 0.437645 0.208159 0.440074 0.373534 0.253117 0.252422 0.516331 0.210543 0.439576 0.209282 0.254337 0.211335 0.207739 0.207342 0.375207 0.26162 0.248996 0.251069 0.637509 0.370852 0.208178 0.260691
0.371834 0.250145 0.261075 0.441489 0.208109 0.443922 0.372038 0.252221 0.251839 0.518688 0.210493 0.443423 0.209232 0.253439 0.210964 0.207689 0.207292 0.373708 0.260633 0.248418 0.250488 0.639721 0.369359 0.208128 0.2594
0.370154 0.249557 0.259786 0.445539 0.208057 0.447975 0.370357 0.25133 0.251249 0.521252 0.210441 0.447476 0.209181 0.252546 0.210594 0.207638 0.207241 0.372025 0.259641 0.247833 0.2499 0.641936 0.367683 0.208077 0.258116
0.368278 0.248962 0.258501 0.449812 0.208004 0.452251 0.368481 0.25044 0.250651 0.524036 0.210387 0.451751 0.209127 0.251654 0.210223 0.207584 0.207188 0.370145 0.258642 0.24724 0.249304 0.644156 0.365811 0.208023 0.256835
0.366194 0.248356 0.257218 0.454325 0.207948 0.456768 0.366396 0.249551 0.250043 0.527056 0.210331 0.456267 0.209071 0.250762 0.209852 0.207529 0.207132 0.368058 0.257634 0.246637 0.248698 0.646385 0.363732 0.207968 0.255557
0.363891 0.24774 0.255934 0.4591 0.207891 0.461546 0.364093 0.24866 0.249425 0.530327 0.210273 0.461044 0.209013 0.24987 0.20948 0.207471 0.207075 0.36575 0.256615 0.246023 0.248081 0.648629 0.361435 0.20791 0.254278
0.361356 0.247111 0.254647 0.464155 0.20783 0.466604 0.361558 0.247767 0.248793 0.533865 0.210212 0.466102 0.208952 0.248974 0.209104 0.207411 0.207014 0.363211 0.255582 0.245397 0.247451 0.650893 0.358907 0.207849 0.252995
0.358579 0.246467 0.253353 0.469511 0.207766 0.471963 0.35878 0.246868 0.248147 0.537687 0.210148 0.47146 0.208888 0.248073 0.208726 0.207347 0.206951 0.360428 0.254533 0.244756 0.246807 0.653183 0.356136 0.207786 0.251706
0.355548 0.245807 0.252048 0.47519 0.207699 0.477644 0.355748 0.24596 0.247484 0.541807 0.21008 0.477141 0.208821 0.247163 0.208342 0.20728 0.206884 0.357391 0.253463 0.244098 0.246146 0.655505 0.353114 0.207719 0.250406
0.352254 0.245127 0.250729 0.481213 0.207628 0.483669 0.352453 0.245042 0.246801 0.546241 0.210009 0.483166 0.20875 0.246243 0.207953 0.207209 0.206813 0.35409 0.25237 0.243421 0.245466 0.657869 0.349828 0.207648 0.249092
0.348687 0.244425 0.249391 0.487602 0.207553 0.490059 0.348886 0.244109 0.246097 0.551005 0.209932 0.489556 0.208674 0.245308 0.207556 0.207134 0.206738 0.350516 0.251249 0.242722 0.244764 0.660281 0.346272 0.207572 0.247759
0.344842 0.243699 0.24803 0.494376 0.207473 0.496834 0.34504 0.243159 0.245367 0.55611 0.209852 0.49633 0.208594 0.244356 0.207149 0.207054 0.206658 0.346663 0.250096 0.241999 0.244037 0.662752 0.342437 0.207492 0.246402
0.340713 0.242945 0.24664 0.501555 0.207387 0.504012 0.34091 0.242188 0.24461 0.561568 0.209765 0.503509 0.208507 0.243382 0.206733 0.206968 0.206573 0.342525 0.248906 0.241247 0.243282 0.66529 0.338321 0.207406 0.245017
0.336299 0.242159 0.245215 0.509152 0.207295 0.511609 0.336495 0.241192 0.243821 0.567387 0.209673 0.511106 0.208415 0.242383 0.206304 0.206877 0.206481 0.338102 0.247675 0.240465 0.242495 0.667907 0.33392 0.207315 0.243598
0.331603 0.241338 0.243752 0.517182 0.207197 0.519637 0.331797 0.240167 0.242997 0.573571 0.209574 0.519134 0.208317 0.241356 0.205861 0.206779 0.206383 0.333394 0.246397 0.239648 0.241674 0.670611 0.329238 0.207216 0.24214
0.326629 0.24048 0.242245 0.52565 0.207092 0.528102 0.326823 0.23911 0.242135 0.580121 0.209468 0.527599 0.208211 0.240296 0.205402 0.206674 0.206278 0.328409 0.245068 0.238793 0.240815 0.673414 0.32428 0.207111 0.240638
0.321391 0.23958 0.240688 0.534558 0.206979 0.537004 0.321583 0.238016 0.241231 0.587029 0.209354 0.536503 0.208098 0.239199 0.204927 0.206561 0.206166 0.323158 0.243683 0.237897 0.239914 0.676325 0.319059 0.206999 0.239088
0.315903 0.238636 0.239078 0.543896 0.206859 0.546336 0.316094 0.236883 0.240283 0.594283 0.209233 0.545836 0.207977 0.238063 0.204433 0.206441 0.206046 0.317657 0.242238 0.236957 0.238969 0.679351 0.31359 0.206878 0.237484
0.310191 0.237645 0.237411 0.553648 0.206731 0.55608 0.31038 0.235708 0.239288 0.601861 0.209103 0.555581 0.207848 0.236885 0.20392 0.206313 0.205918 0.311929 0.240729 0.23597 0.237977 0.6825 0.307897 0.20675 0.235823
0.304283 0.236605 0.235685 0.563785 0.206594 0.566206 0.30447 0.234488 0.238244 0.609735 0.208966 0.56571 0.207712 0.235662 0.203387 0.206177 0.205782 0.306005 0.239155 0.234935 0.236937 0.685776 0.302011 0.206614 0.234104
0.298216 0.235517 0.2339 0.574265 0.20645 0.576674 0.298402 0.233224 0.237151 0.617863 0.20882 0.57618 0.207567 0.234395 0.202834 0.206033 0.205639 0.299922 0.237515 0.233851 0.235847 0.689178 0.295966 0.20647 0.232327
0.292034 0.234379 0.232058 0.585034 0.206299 0.587428 0.292217 0.231917 0.236009 0.626198 0.208668 0.586938 0.207415 0.233084 0.202262 0.205882 0.205488 0.293721 0.235811 0.232719 0.234709 0.692704 0.289808 0.206318 0.230492
0.285784 0.233195 0.230162 0.596023 0.206141 0.598401 0.285966 0.230568 0.23482 0.634681 0.208509 0.597914 0.207257 0.231731 0.201674 0.205725 0.205331 0.287454 0.234047 0.23154 0.233524 0.696346 0.283583 0.206161 0.228604
0.279522 0.231968 0.22822 0.607152 0.205979 0.609511 0.279702 0.229182 0.233588 0.643244 0.208345 0.609028 0.207094 0.230341 0.201071 0.205562 0.205169 0.281172 0.232228 0.230319 0.232296 0.700089 0.277346 0.205998 0.226669
0.273305 0.230704 0.226241 0.618329 0.205812 0.620667 0.273482 0.227765 0.232318 0.651813 0.208177 0.620188 0.206927 0.228921 0.200457 0.205396 0.205003 0.274935 0.230365 0.22906 0.231031 0.703914 0.271155 0.205832 0.224698
0.26719 0.22941 0.224237 0.629453 0.205644 0.631768 0.267365 0.226326 0.231018 0.66031 0.208007 0.631294 0.206758 0.227478 0.199837 0.205228 0.204835 0.2688 0.228468 0.227772 0.229736 0.707797 0.265067 0.205664 0.222702
0.261236 0.228095 0.222224 0.64042 0.205476 0.64271 0.261409 0.224874 0.229698 0.668654 0.207838 0.642241 0.206589 0.226023 0.199217 0.205061 0.204668 0.262826 0.226552 0.226463 0.22842 0.711709 0.259139 0.205496 0.220697
0.255497 0.226771 0.220218 0.651126 0.205311 0.65339 0.255668 0.223423 0.228368 0.676768 0.207671 0.652926 0.206423 0.224567 0.198601 0.204895 0.204503 0.257068 0.224634 0.225144 0.227094 0.715614 0.253427 0.20533 0.2187
0.250023 0.225448 0.218237 0.66147 0.205149 0.663707 0.250191 0.221984 0.227039 0.684577 0.207508 0.663249 0.206261 0.223124 0.197998 0.204734 0.204342 0.251574 0.222732 0.223827 0.22577 0.719479 0.247978 0.205169 0.216727
0.244854 0.22414 0.2163 0.671363 0.204995 0.673572 0.245021 0.22057 0.225725 0.692017 0.207352 0.67312 0.206105 0.221706 0.197412 0.20458 0.204188 0.246387 0.220863 0.222525 0.224461 0.723265 0.242834 0.205014 0.214799
0.240024 0.222858 0.214425 0.680726 0.204848 0.682908 0.240189 0.219195 0.224438 0.699033 0.207204 0.682461 0.205958 0.220327 0.196849 0.204433 0.204041 0.241539 0.219045 0.221249 0.223178 0.726938 0.238027 0.204867 0.212932
0.235555 0.221615 0.212629 0.6895 0.204711 0.691655 0.235717 0.21787 0.223189 0.705585 0.207066 0.691214 0.205821 0.218999 0.196316 0.204297 0.203905 0.237053 0.217295 0.220011 0.221933 0.730465 0.23358 0.20473 0.211143
0.231459 0.220421 0.210925 0.697642 0.204585 0.699769 0.23162 0.216607 0.221989 0.711644 0.206939 0.699334 0.205694 0.217732 0.195817 0.204171 0.203779 0.232942 0.215628 0.218823 0.220738 0.733817 0.229505 0.204604 0.209446
0.22774 0.219285 0.209325 0.705126 0.20447 0.707228 0.227899 0.215414 0.220848 0.717198 0.206823 0.706798 0.205578 0.216535 0.195354 0.204056 0.203664 0.229208 0.214055 0.217692 0.219601 0.736972 0.225805 0.204489 0.207853
0.224391 0.218215 0.207837 0.711946 0.204366 0.714024 0.224549 0.214297 0.219773 0.722244 0.206718 0.713599 0.205474 0.215416 0.19493 0.203952 0.203561 0.225846 0.212586 0.216627 0.21853 0.739913 0.222474 0.204386 0.206371
0.221401 0.217215 0.206465 0.71811 0.204274 0.720166 0.221557 0.213262 0.218769 0.726792 0.206625 0.719745 0.205382 0.214378 0.194546 0.20386 0.203469 0.222844 0.211225 0.215632 0.21753 0.74263 0.219499 0.204293 0.205006
0.218749 0.216289 0.205213 0.72364 0.204192 0.725675 0.218905 0.21231 0.217839 0.730863 0.206543 0.725259 0.2053 0.213423 0.1942 0.203779 0.203388 0.220182 0.209977 0.21471 0.216603 0.74512 0.216862 0.204212 0.203759
0.216415 0.215439 0.204078 0.728567 0.204121 0.730584 0.216569 0.211441 0.216985 0.73448 0.20647 0.730171 0.205228 0.212552 0.193894 0.203707 0.203316 0.217838 0.208841 0.213864 0.215752 0.747382 0.21454 0.20414 0.20263
0.214371 0.214663 0.203058 0.73293 0.204059 0.73493 0.214525 0.210654 0.216206 0.737677 0.206408 0.73452 0.205165 0.211762 0.193623 0.203645 0.203254 0.215786 0.207814 0.213092 0.214975 0.749424 0.212508 0.204078 0.201614
0.212592 0.21396 0.202146 0.736772 0.204005 0.738756 0.212744 0.209946 0.2155 0.740486 0.206353 0.73835 0.205111 0.211052 0.193387 0.203591 0.203201 0.213999 0.206892 0.212392 0.214272 0.751255 0.210738 0.204024 0.200706
0.21105 0.213328 0.201336 0.740139 0.203959 0.74211 0.211202 0.209312 0.214864 0.742943 0.206307 0.741707 0.205065 0.210417 0.193181 0.203545 0.203155 0.212451 0.20607 0.211763 0.213639 0.752887 0.209205 0.203978 0.1999
0.209719 0.212761 0.200622 0.743078 0.203919 0.745036 0.209871 0.208749 0.214295 0.745083 0.206267 0.744635 0.205025 0.209852 0.193004 0.203506 0.203115 0.211115 0.205341 0.211199 0.213072 0.754333 0.207882 0.203938 0.199188
0.208576 0.212257 0.199994 0.745632 0.203885 0.747579 0.208727 0.20825 0.213788 0.74694 0.206232 0.747181 0.204991 0.209351 0.192852 0.203472 0.203081 0.209966 0.204697 0.210697 0.212567 0.755609 0.206744 0.203904 0.198563
0.207595 0.211809 0.199444 0.747845 0.203856 0.749783 0.207746 0.20781 0.213339 0.748546 0.206203 0.749386 0.204962 0.20891 0.192723 0.203443 0.203052 0.208982 0.204131 0.210251 0.212119 0.756731 0.205769 0.203875 0.198016
0.206757 0.211414 0.198965 0.749757 0.203831 0.751687 0.206907 0.207424 0.212942 0.749932 0.206178 0.751292 0.204937 0.208523 0.192612 0.203418 0.203028 0.20814 0.203636 0.209858 0.211723 0.757713 0.204936 0.20385 0.197539
0.206043 0.211066 0.198549 0.751404 0.20381 0.753328 0.206193 0.207085 0.212593 0.751125 0.206157 0.752934 0.204916 0.208184 0.192519 0.203397 0.203007 0.207423 0.203204 0.209512 0.211375 0.75857 0.204226 0.20383 0.197125
0.205435 0.210761 0.198189 0.752822 0.203793 0.754739 0.205584 0.20679 0.212286 0.752149 0.206139 0.754346 0.204898 0.207888 0.192441 0.20338 0.202989 0.206812 0.202828 0.209208 0.21107 0.759315 0.203621 0.203812 0.196766
0.204918 0.210494 0.197877 0.754038 0.203778 0.75595 0.205067 0.206534 0.212018 0.753027 0.206124 0.755559 0.204883 0.20763 0.192375 0.203364 0.202974 0.206293 0.202502 0.208943 0.210803 0.759962 0.203107 0.203797 0.196456
0.204479 0.210262 0.197609 0.755081 0.203765 0.756988 0.204628 0.206311 0.211784 0.753778 0.206111 0.756598 0.20487 0.207407 0.192319 0.203352 0.202961 0.205852 0.20222 0.208711 0.21057 0.760522 0.202671 0.203784 0.196189
0.204107 0.210059 0.197378 0.755973 0.203754 0.757876 0.204256 0.206117 0.211581 0.754421 0.2061 0.757487 0.204859 0.207213 0.192273 0.203341 0.20295 0.205479 0.201977 0.208509 0.210367 0.761006 0.202301 0.203773 0.195959
0.203792 0.209883 0.197179 0.756736 0.203745 0.758636 0.203941 0.20595 0.211404 0.75497 0.206091 0.758247 0.20485 0.207045 0.192234 0.203332 0.202941 0.205163 0.201767 0.208334 0.210191 0.761424 0.201988 0.203764 0.195761
0.203526 0.209731 0.197009 0.757387 0.203737 0.759285 0.203674 0.205806 0.211251 0.755438 0.206083 0.758896 0.204842 0.2069 0.192202 0.203324 0.202933 0.204895 0.201586 0.208183 0.210038 0.761783 0.201723 0.203756 0.195592
0.2033 0.209599 0.196863 0.757944 0.20373 0.759838 0.203449 0.205681 0.211119 0.755837 0.206076 0.759451 0.204836 0.206776 0.192175 0.203317 0.202927 0.204669 0.20143 0.208051 0.209906 0.762093 0.201499 0.203749 0.195447
0.20311 0.209485 0.196739 0.758418 0.203725 0.76031 0.203258 0.205574 0.211004 0.756177 0.206071 0.759923 0.20483 0.206668 0.192153 0.203312 0.202921 0.204477 0.201297 0.207938 0.209792 0.762359 0.201309 0.203744 0.195323
0.202949 0.209387 0.196632 0.758822 0.20372 0.760713 0.203097 0.205482 0.210905 0.756466 0.206066 0.760326 0.204825 0.206576 0.192135 0.203307 0.202916 0.204315 0.201183 0.20784 0.209694 0.762587 0.201149 0.203739 0.195217
0.202813 0.209302 0.196541 0.759166 0.203716 0.761056 0.202961 0.205403 0.21082 0.756713 0.206062 0.760669 0.204821 0.206496 0.192119 0.203303 0.202912 0.204179 0.201085 0.207755 0.209609 0.762783 0.201014 0.203735 0.195126
0.202698 0.209229 0.196463 0.759459 0.203712 0.761347 0.202846 0.205335 0.210747 0.756923 0.206058 0.760961 0.204818 0.206428 0.192107 0.203299 0.202909 0.204063 0.201001 0.207683 0.209536 0.762951 0.2009 0.203731 0.195048
0.202601 0.209166 0.196397 0.759709 0.203709 0.761596 0.202749 0.205276 0.210683 0.757101 0.206055 0.76121 0.204815 0.206369 0.192096 0.203296 0.202906 0.203966 0.200929 0.20762 0.209473 0.763094 0.200803 0.203729 0.194982
0.202519 0.209112 0.19634 0.759921 0.203707 0.761807 0.202667 0.205226 0.210629 0.757253 0.206053 0.761421 0.204812 0.206319 0.192087 0.203294 0.202904 0.203883 0.200868 0.207566 0.209419 0.763217 0.200722 0.203726 0.194926
0.202449 0.209066 0.196292 0.760102 0.203705 0.761987 0.202597 0.205183 0.210583 0.757382 0.206051 0.761601 0.20481 0.206276 0.19208 0.203292 0.202902 0.203814 0.200815 0.20752 0.209372 0.763322 0.200653 0.203724 0.194878
0.202391 0.209026 0.196251 0.760255 0.203703 0.76214 0.202539 0.205147 0.210543 0.757491 0.206049 0.761754 0.204808 0.206239 0.192074 0.20329 0.2029 0.203755 0.20077 0.207481 0.209333 0.763412 0.200594 0.203722 0.194837
0.202341 0.208992 0.196216 0.760386 0.203702 0.76227 0.202489 0.205115 0.210508 0.757584 0.206047 0.761884 0.204807 0.206208 0.192069 0.203289 0.202898 0.203705 0.200732 0.207447 0.209299 0.763489 0.200545 0.203721 0.194802
0.2023 0.208962 0.196186 0.760497 0.2037 0.76238 0.202448 0.205088 0.210479 0.757663 0.206046 0.761995 0.204806 0.206181 0.192065 0.203287 0.202897 0.203663 0.200699 0.207418 0.209269 0.763554 0.200504 0.203719 0.194772
0.202264 0.208937 0.19616 0.760591 0.203699 0.762474 0.202412 0.205065 0.210454 0.757731 0.206045 0.762089 0.204805 0.206158 0.192062 0.203286 0.202896 0.203628 0.200672 0.207393 0.209244 0.76361 0.200469 0.203718 0.194747
0.202234 0.208916 0.196139 0.760672 0.203698 0.762554 0.202382 0.205046 0.210432 0.757788 0.206044 0.762169 0.204804 0.206138 0.192059 0.203285 0.202895 0.203598 0.200648 0.207371 0.209223 0.763658 0.200439 0.203717 0.194726
0.202209 0.208898 0.19612 0.76074 0.203698 0.762622 0.202357 0.205029 0.210414 0.757836 0.206043 0.762237 0.204803 0.206121 0.192056 0.203285 0.202894 0.203573 0.200628 0.207353 0.209204 0.763699 0.200414 0.203717 0.194707
0.202188 0.208882 0.196105 0.760798 0.203697 0.76268 0.202336 0.205015 0.210398 0.757878 0.206043 0.762295 0.204802 0.206107 0.192054 0.203284 0.202894 0.203551 0.200611 0.207338 0.209189 0.763734 0.200393 0.203716 0.194692
0.20217 0.208869 0.196091 0.760847 0.203696 0.762729 0.202318 0.205002 0.210385 0.757913 0.206042 0.762344 0.204802 0.206095 0.192053 0.203283 0.202893 0.203533 0.200596 0.207324 0.209175 0.763763 0.200375 0.203715 0.194678
0.202155 0.208857 0.19608 0.760889 0.203696 0.762771 0.202303 0.204992 0.210373 0.757942 0.206042 0.762386 0.204801 0.206084 0.192052 0.203283 0.202893 0.203518 0.200583 0.207313 0.209164 0.763789 0.20036 0.203715 0.194667
0.202142 0.208847 0.19607 0.760924 0.203695 0.762806 0.20229 0.204983 0.210363 0.757968 0.206041 0.762421 0.204801 0.206075 0.19205 0.203282 0.202892 0.203505 0.200573 0.207303 0.209154 0.76381 0.200347 0.203715 0.194658
0.202131 0.208839 0.196062 0.760955 0.203695 0.762836 0.202279 0.204975 0.210355 0.757989 0.206041 0.762451 0.2048 0.206068 0.19205 0.203282 0.202892 0.203494 0.200564 0.207295 0.209146 0.763829 0.200336 0.203714 0.194649
0.202122 0.208832 0.196055 0.76098 0.203695 0.762862 0.20227 0.204969 0.210348 0.758007 0.206041 0.762477 0.2048 0.206061 0.192049 0.203282 0.202891 0.203485 0.200556 0.207288 0.209139 0.763844 0.200327 0.203714 0.194642
0.202114 0.208826 0.196049 0.761002 0.203695 0.762883 0.202262 0.204963 0.210342 0.758023 0.20604 0.762498 0.2048 0.206055 0.192048 0.203282 0.202891 0.203477 0.200549 0.207282 0.209132 0.763858 0.200319 0.203714 0.194637
0.202107 0.20882 0.196044 0.761021 0.203694 0.762902 0.202255 0.204959 0.210336 0.758036 0.20604 0.762517 0.2048 0.206051 0.192048 0.203281 0.202891 0.20347 0.200544 0.207276 0.209127 0.763869 0.200312 0.203713 0.194631
0.202102 0.208816 0.19604 0.761036 0.203694 0.762918 0.20225 0.204955 0.210332 0.758047 0.20604 0.762533 0.204799 0.206047 0.192047 0.203281 0.202891 0.203465 0.200539 0.207272 0.209123 0.763879 0.200307 0.203713 0.194627
0.202097 0.208812 0.196036 0.76105 0.203694 0.762931 0.202245 0.204951 0.210328 0.758056 0.20604 0.762546 0.204799 0.206043 0.192047 0.203281 0.202891 0.20346 0.200535 0.207268 0.209119 0.763887 0.200302 0.203713 0.194624
0.202093 0.208809 0.196033 0.761061 0.203694 0.762942 0.202241 0.204948 0.210325 0.758065 0.20604 0.762557 0.204799 0.20604 0.192046 0.203281 0.202891 0.203456 0.200531 0.207265 0.209116 0.763894 0.200298 0.203713 0.194621
0.202089 0.208806 0.196031 0.761071 0.203694 0.762952 0.202237 0.204946 0.210322 0.758071 0.206039 0.762567 0.204799 0.206038 0.192046 0.203281 0.20289 0.203452 0.200529 0.207262 0.209113 0.7639 0.200295 0.203713 0.194618
0.202087 0.208804 0.196028 0.761079 0.203694 0.76296 0.202235 0.204944 0.21032 0.758077 0.206039 0.762575 0.204799 0.206036 0.192046 0.203281 0.20289 0.203449 0.200526 0.20726 0.209111 0.763905 0.200292 0.203713 0.194616
0.202084 0.208802 0.196027 0.761086 0.203694 0.762967 0.202232 0.204942 0.210318 0.758082 0.206039 0.762582 0.204799 0.206034 0.192046 0.203281 0.20289 0.203447 0.200524 0.207258 0.209109 0.763909 0.200289 0.203713 0.194614
0.202082 0.2088 0.196025 0.761092 0.203693 0.762973 0.20223 0.20494 0.210316 0.758086 0.206039 0.762588 0.204799 0.206032 0.192046 0.203281 0.20289 0.203445 0.200522 0.207256 0.209107 0.763913 0.200287 0.203713 0.194612
0.20208 0.208799 0.196024 0.761097 0.203693 0.762978 0.202228 0.204939 0.210315 0.75809 0.206039 0.762593 0.204799 0.206031 0.192046 0.20328 0.20289 0.203443 0.200521 0.207255 0.209105 0.763916 0.200286 0.203713 0.194611
0.202079 0.208798 0.196022 0.761101 0.203693 0.762982 0.202227 0.204938 0.210313 0.758093 0.206039 0.762597 0.204799 0.20603 0.192045 0.20328 0.20289 0.203442 0.200519 0.207254 0.209104 0.763919 0.200284 0.203712 0.19461
0.202078 0.208796 0.196021 0.761105 0.203693 0.762986 0.202226 0.204937 0.210312 0.758095 0.206039 0.762601 0.204799 0.206029 0.192045 0.20328 0.20289 0.20344 0.200518 0.207253 0.209103 0.763921 0.200283 0.203712 0.194609
0.202077 0.208796 0.196021 0.761108 0.203693 0.762989 0.202224 0.204936 0.210311 0.758098 0.206039 0.762604 0.204799 0.206028 0.192045 0.20328 0.20289 0.203439 0.200517 0.207252 0.209102 0.763923 0.200282 0.203712 0.194608
0.202076 0.208795 0.19602 0.761111 0.203693 0.762991 0.202224 0.204935 0.210311 0.7581 0.206039 0.762607 0.204799 0.206027 0.192045 0.20328 0.20289 0.203438 0.200516 0.207251 0.209102 0.763925 0.200281 0.203712 0.194607
0.202075 0.208794 0.196019 0.761113 0.203693 0.762994 0.202223 0.204935 0.21031 0.758101 0.206039 0.762609 0.204798 0.206027 0.192045 0.20328 0.20289 0.203438 0.200516 0.20725 0.209101 0.763926 0.20028 0.203712 0.194606
0.202074 0.208794 0.196019 0.761115 0.203693 0.762996 0.202222 0.204934 0.210309 0.758102 0.206039 0.762611 0.204798 0.206026 0.192045 0.20328 0.20289 0.203437 0.200515 0.20725 0.2091 0.763927 0.20028 0.203712 0.194606
0.202074 0.208793 0.196018 0.761116 0.203693 0.762997 0.202222 0.204934 0.210309 0.758104 0.206039 0.762612 0.204798 0.206026 0.192045 0.20328 0.20289 0.203436 0.200515 0.207249 0.2091 0.763928 0.200279 0.203712 0.194606
0.202073 0.208793 0.196018 0.761118 0.203693 0.762998 0.202221 0.204934 0.210309 0.758105 0.206039 0.762614 0.204798 0.206026 0.192045 0.20328 0.20289 0.203436 0.200514 0.207249 0.209099 0.763929 0.200279 0.203712 0.194605
0.202073 0.208792 0.196018 0.761119 0.203693 0.763 0.202221 0.204933 0.210308 0.758105 0.206039 0.762615 0.204798 0.206025 0.192045 0.20328 0.20289 0.203436 0.200514 0.207249 0.209099 0.76393 0.200278 0.203712 0.194605
0.202072 0.208792 0.196017 0.76112 0.203693 0.763001 0.20222 0.204933 0.210308 0.758106 0.206039 0.762616 0.204798 0.206025 0.192045 0.20328 0.20289 0.203435 0.200514 0.207248 0.209099 0.76393 0.200278 0.203712 0.194605
0.202072 0.208792 0.196017 0.761121 0.203693 0.763001 0.20222 0.204933 0.210308 0.758107 0.206039 0.762617 0.204798 0.206025 0.192045 0.20328 0.20289 0.203435 0.200513 0.207248 0.209099 0.763931 0.200278 0.203712 0.194604
0.202072 0.208792 0.196017 0.761121 0.203693 0.763002 0.20222 0.204933 0.210308 0.758107 0.206039 0.762617 0.204798 0.206025 0.192045 0.20328 0.20289 0.203435 0.200513 0.207248 0.209098 0.763931 0.200277 0.203712 0.194604
0.202072 0.208791 0.196017 0.761122 0.203693 0.763003 0.20222 0.204932 0.210307 0.758108 0.206039 0.762618 0.204798 0.206024 0.192045 0.20328 0.20289 0.203435 0.200513 0.207248 0.209098 0.763932 0.200277 0.203712 0.194604
0.202072 0.208791 0.196017 0.761123 0.203693 0.763003 0.202219 0.204932 0.210307 0.758108 0.206039 0.762618 0.204798 0.206024 0.192045 0.20328 0.20289 0.203434 0.200513 0.207247 0.209098 0.763932 0.200277 0.203712 0.194604
0.202071 0.208791 0.196016 0.761123 0.203693 0.763004 0.202219 0.204932 0.210307 0.758108 0.206039 0.762619 0.204798 0.206024 0.192045 0.20328 0.20289 0.203434 0.200513 0.207247 0.209098 0.763932 0.200277 0.203712 0.194604
0.202071 0.208791 0.196016 0.761123 0.203693 0.763004 0.202219 0.204932 0.210307 0.758109 0.206039 0.762619 0.204798 0.206024 0.192045 0.20328 0.20289 0.203434 0.200512 0.207247 0.209098 0.763933 0.200277 0.203712 0.194604
0.202071 0.208791 0.196016 0.761124 0.203693 0.763004 0.202219 0.204932 0.210307 0.758109 0.206039 0.76262 0.204798 0.206024 0.192045 0.20328 0.20289 0.203434 0.200512 0.207247 0.209098 0.763933 0.200277 0.203712 0.194604
0.202071 0.208791 0.196016 0.761124 0.203693 0.763005 0.202219 0.204932 0.210307 0.758109 0.206039 0.76262 0.204798 0.206024 0.192045 0.20328 0.20289 0.203434 0.200512 0.207247 0.209098 0.763933 0.200276 0.203712 0.194603
0.202071 0.208791 0.196016 0.761124 0.203693 0.763005 0.202219 0.204932 0.210307 0.758109 0.206039 0.76262 0.204798 0.206024 0.192045 0.20328 0.20289 0.203434 0.200512 0.207247 0.209098 0.763933 0.200276 0.203712 0.194603
0.202071 0.208791 0.196016 0.761124 0.203693 0.763005 0.202219 0.204932 0.210307 0.758109 0.206039 0.76262 0.204798 0.206024 0.192045 0.20328 0.20289 0.203434 0.200512 0.207247 0.209097 0.763933 0.200276 0.203712 0.194603
0.202071 0.208791 0.196016 0.761125 0.203693 0.763005 0.202219 0.204932 0.210307 0.758109 0.206039 0.76262 0.204798 0.206024 0.192045 0.20328 0.20289 0.203434 0.200512 0.207247 0.209097 0.763933 0.200276 0.203712 0.194603
0.202071 0.208791 0.196016 0.761125 0.203693 0.763005 0.202219 0.204932 0.210307 0.758109 0.206039 0.762621 0.204798 0.206024 0.192045 0.20328 0.20289 0.203434 0.200512 0.207247 0.209097 0.763934 0.200276 0.203712 0.194603
0.202071 0.208791 0.196016 0.761125 0.203693 0.763005 0.202219 0.204932 0.210307 0.75811 0.206039 0.762621 0.204798 0.206024 0.192045 0.20328 0.20289 0.203434 0.200512 0.207247 0.209097 0.763934 0.200276 0.203712 0.194603
0.202071 0.208791 0.196016 0.761125 0.203693 0.763006 0.202219 0.204932 0.210306 0.75811 0.206039 0.762621 0.204798 0.206024 0.192045 0.20328 0.20289 0.203434 0.200512 0.207247 0.209097 0.763934 0.200276 0.203712 0.194603
0.202071 0.208791 0.196016 0.761125 0.203693 0.763006 0.202219 0.204932 0.210306 0.75811 0.206039 0.762621 0.204798 0.206024 0.192045 0.20328 0.20289 0.203434 0.200512 0.207247 0.209097 0.763934 0.200276 0.203712 0.194603
0.202071 0.208791 0.196016 0.761125 0.203693 0.763006 0.202219 0.204932 0.210306 0.75811 0.206039 0.762621 0.204798 0.206024 0.192045 0.20328 0.20289 0.203434 0.200512 0.207247 0.209097 0.763934 0.200276 0.203712 0.194603
0.202071 0.208791 0.196016 0.761125 0.203693 0.763006 0.202219 0.204932 0.210306 0.75811 0.206039 0.762621 0.204798 0.206024 0.192045 0.20328 0.20289 0.203434 0.200512 0.207247 0.209097 0.763934 0.200276 0.203712 0.194603
0.202071 0.208791 0.196016 0.761125 0.203693 0.763006 0.202219 0.204932 0.210306 0.75811 0.206039 0.762621 0.204798 0.206024 0.192045 0.20328 0.20289 0.203433 0.200512 0.207247 0.209097 0.763934 0.200276 0.203712 0.194603
0.202071 0.208791 0.196016 0.761125 0.203693 0.763006 0.202219 0.204932 0.210306 0.75811 0.206039 0.762621 0.204798 0.206024 0.192045 0.20328 0.20289 0.203433 0.200512 0.207247 0.209097 0.763934 0.200276 0.203712 0.194603
0.202071 0.208791 0.196016 0.761125 0.203693 0.763006 0.202219 0.204932 0.210306 0.75811 0.206039 0.762621 0.204798 0.206024 0.192045 0.20328 0.20289 0.203433 0.200512 0.207247 0.209097 0.763934 0.200276 0.203712 0.194603
0.202071 0.208791 0.196016 0.761125 0.203693 0.763006 0.202219 0.204932 0.210306 0.75811 0.206039 0.762621 0.204798 0.206024 0.192045 0.20328 0.20289 0.203433 0.200512 0.207247 0.209097 0.763934 0.200276 0.203712 0.194603
0.202071 0.208791 0.196016 0.761125 0.203693 0.763006 0.202219 0.204931 0.210306 0.75811 0.206039 0.762621 0.204798 0.206024 0.192045 0.20328 0.20289 0.203433 0.200512 0.207247 0.209097 0.763934 0.200276 0.203712 0.194603
0.202071 0.20879 0.196016 0.761125 0.203693 0.763006 0.202219 0.204931 0.210306 0.75811 0.206039 0.762621 0.204798 0.206024 0.192045 0.20328 0.20289 0.203433 0.200512 0.207247 0.209097 0.763934 0.200276 0.203712 0.194603
0.202071 0.20879 0.196016 0.761125 0.203693 0.763006 0.202219 0.204931 0.210306 0.75811 0.206039 0.762621 0.204798 0.206024 0.192045 0.20328 0.20289 0.203433 0.200512 0.207247 0.209097 0.763934 0.200276 0.203712 0.194603
0.202071 0.20879 0.196016 0.761125 0.203693 0.763006 0.202219 0.204931 0.210306 0.75811 0.206039 0.762621 0.204798 0.206024 0.192045 0.20328 0.20289 0.203433 0.200512 0.207247 0.209097 0.763934 0.200276 0.203712 0.194603
0.202071 0.20879 0.196016 0.761125 0.203693 0.763006 0.202219 0.204931 0.210306 0.75811 0.206039 0.762621 0.204798 0.206024 0.192045 0.20328 0.20289 0.203433 0.200512 0.207247 0.209097 0.763934 0.200276 0.203712 0.194603
0.202071 0.20879 0.196016 0.761125 0.203693 0.763006 0.202219 0.204931 0.210306 0.75811 0.206039 0.762621 0.204798 0.206024 0.192045 0.20328 0.20289 0.203433 0.200512 0.207247 0.209097 0.763934 0.200276 0.203712 0.194603
0.202071 0.20879 0.196016 0.761125 0.203693 0.763006 0.202219 0.204931 0.210306 0.75811 0.206039 0.762621 0.204798 0.206024 0.192045 0.20328 0.20289 0.203433 0.200512 0.207247 0.209097 0.763934 0.200276 0.203712 0.194603
0.202071 0.20879 0.196016 0.761125 0.203693 0.763006 0.202219 0.204931 0.210306 0.75811 0.206039 0.762621 0.204798 0.206024 0.192045 0.20328 0.20289 0.203433 0.200512 0.207247 0.209097 0.763934 0.200276 0.203712 0.194603
0.202071 0.20879 0.196016 0.761125 0.203693 0.763006 0.202219 0.204931 0.210306 0.75811 0.206039 0.762621 0.204798 0.206024 0.192045 0.20328 0.20289 0.203433 0.200512 0.207247 0.209097 0.763934 0.200276 0.203712 0.194603
0.202071 0.20879 0.196016 0.761125 0.203693 0.763006 0.202219 0.204931 0.210306 0.75811 0.206039 0.762621 0.204798 0.206024 0.192045 0.20328 0.20289 0.203433 0.200512 0.207247 0.209097 0.763934 0.200276 0.203712 0.194603
0.202071 0.20879 0.196016 0.761125 0.203693 0.763006 0.202219 0.204931 0.210306 0.75811 0.206039 0.762621 0.204798 0.206024 0.192045 0.20328 0.20289 0.203433 0.200512 0.207247 0.209097 0.763934 0.200276 0.203712 0.194603
0.202071 0.20879 0.196016 0.761125 0.203693 0.763006 0.202219 0.204931 0.210306 0.75811 0.206039 0.762621 0.204798 0.206024 0.192045 0.20328 0.20289 0.203433 0.200512 0.207247 0.209097 0.763934 0.200276 0.203712 0.194603
0.202071 0.20879 0.196016 0.761125 0.203693 0.763006 0.202219 0.204931 0.210306 0.75811 0.206039 0.762621 0.204798 0.206024 0.192045 0.20328 0.20289 0.203433 0.200512 0.207247 0.209097 0.763934 0.200276 0.203712 0.194603
0.202071 0.20879 0.196016 0.761125 0.203693 0.763006 0.202219 0.204931 0.210306 0.75811 0.206039 0.762621 0.204798 0.206024 0.192045 0.20328 0.20289 0.203433 0.200512 0.207247 0.209097 0.763934 0.200276 0.203712 0.194603
0.202071 0.20879 0.196016 0.761125 0.203693 0.763006 0.202219 0.204931 0.210306 0.75811 0.206039 0.762621 0.204798 0.206024 0.192045 0.20328 0.20289 0.203433 0.200512 0.207247 0.209097 0.763934 0.200276 0.203712 0.194603
0.202071 0.20879 0.196016 0.761125 0.203693 0.763006 0.202219 0.204931 0.210306 0.75811 0.206039 0.762621 0.204798 0.206024 0.192045 0.20328 0.20289 0.203433 0.200512 0.207247 0.209097 0.763934 0.200276 0.203712 0.194603
0.202071 0.20879 0.196016 0.761125 0.203693 0.763006 0.202219 0.204931 0.210306 0.75811 0.206039 0.762621 0.204798 0.206024 0.192045 0.20328 0.20289 0.203433 0.200512 0.207247 0.209097 0.763934 0.200276 0.203712 0.194603
0.202071 0.20879 0.196016 0.761125 0.203693 0.763006 0.202219 0.204931 0.210306 0.75811 0.206039 0.762621 0.204798 0.206024 0.192045 0.20328 0.20289 0.203433 0.200512 0.207247 0.209097 0.763934 0.200276 0.203712 0.194603
0.202071 0.20879 0.196016 0.761125 0.203693 0.763006 0.202219 0.204931 0.210306 0.75811 0.206039 0.762621 0.204798 0.206024 0.192045 0.20328 0.20289 0.203433 0.200512 0.207247 0.209097 0.763934 0.200276 0.203712 0.194603
0.202071 0.20879 0.196016 0.761125 0.203693 0.763006 0.202219 0.204931 0.210306 0.75811 0.206039 0.762621 0.204798 0.206024 0.192045 0.20328 0.20289 0.203433 0.200512 0.207247 0.209097 0.763934 0.200276 0.203712 0.194603
0.202071 0.20879 0.196016 0.761125 0.203693 0.763006 0.202219 0.204931 0.210306 0.75811 0.206039 0.762621 0.204798 0.206024 0.192045 0.20328 0.20289 0.203433 0.200512 0.207247 0.209097 0.763934 0.200276 0.203712 0.194603
0.202071 0.20879 0.196016 0.761125 0.203693 0.763006 0.202219 0.204931 0.210306 0.75811 0.206039 0.762621 0.204798 0.206024 0.192045 0.20328 0.20289 0.203433 0.200512 0.207247 0.209097 0.763934 0.200276 0.203712 0.194603
0.202071 0.20879 0.196016 0.761125 0.203693 0.763006 0.202219 0.204931 0.210306 0.75811 0.206039 0.762621 0.204798 0.206024 0.192045 0.20328 0.20289 0.203433 0.200512 0.207247 0.209097 0.763934 0.200276 0.203712 0.194603
0.202071 0.20879 0.196016 0.761125 0.203693 0.763006 0.202219 0.204931 0.210306 0.75811 0.206039 0.762621 0.204798 0.206024 0.192045 0.20328 0.20289 0.203433 0.200512 0.207247 0.209097 0.763934 0.200276 0.203712 0.194603
0.202071 0.20879 0.196016 0.761125 0.203693 0.763006 0.202219 0.204931 0.210306 0.75811 0.206039 0.762621 0.204798 0.206024 0.192045 0.20328 0.20289 0.203433 0.200512 0.207247 0.209097 0.763934 0.200276 0.203712 0.194603
0.202071 0.20879 0.196016 0.761125 0.203693 0.763006 0.202219 0.204931 0.210306 0.75811 0.206039 0.762621 0.204798 0.206024 0.192045 0.20328 0.20289 0.203433 0.200512 0.207247 0.209097 0.763934 0.200276 0.203712 0.194603
0.202071 0.20879 0.196016 0.761125 0.203693 0.763006 0.202219 0.204931 0.210306 0.75811 0.206039 0.762621 0.204798 0.206024 0.192045 0.20328 0.20289 0.203433 0.200512 0.207247 0.209097 0.763934 0.200276 0.203712 0.194603
0.202071 0.20879 0.196016 0.761125 0.203693 0.763006 0.202219 0.204931 0.210306 0.75811 0.206039 0.762621 0.204798 0.206024 0.192045 0.20328 0.20289 0.203433 0.200512 0.207247 0.209097 0.763934 0.200276 0.203712 0.194603
0.202071 0.20879 0.196016 0.761125 0.203693 0.763006 0.202219 0.204931 0.210306 0.75811 0.206039 0.762621 0.204798 0.206024 0.192045 0.20328 0.20289 0.203433 0.200512 0.207247 0.209097 0.763934 0.200276 0.203712 0.194603
0.202071 0.20879 0.196016 0.761125 0.203693 0.763006 0.202219 0.204931 0.210306 0.75811 0.206039 0.762621 0.204798 0.206024 0.192045 0.20328 0.20289 0.203433 0.200512 0.207247 0.209097 0.763934 0.200276 0.203712 0.194603
0.202071 0.20879 0.196016 0.761125 0.203693 0.763006 0.202219 0.204931 0.210306 0.75811 0.206039 0.762621 0.204798 0.206024 0.192045 0.20328 0.20289 0.203433 0.200512 0.207247 0.209097 0.763934 0.200276 0.203712 0.194603
0.202071 0.20879 0.196016 0.761125 0.203693 0.763006 0.202219 0.204931 0.210306 0.75811 0.206039 0.762621 0.204798 0.206024 0.192045 0.20328 0.20289 0.203433 0.200512 0.207247 0.209097 0.763934 0.200276 0.203712 0.194603
0.202071 0.20879 0.196016 0.761125 0.203693 0.763006 0.202219 0.204931 0.210306 0.75811 0.206039 0.762621 0.204798 0.206024 0.192045 0.20328 0.20289 0.203433 0.200512 0.207247 0.209097 0.763934 0.200276 0.203712 0.194603
0.202071 0.20879 0.196016 0.761125 0.203693 0.763006 0.202219 0.204931 0.210306 0.75811 0.206039 0.762621 0.204798 0.206024 0.192045 0.20328 0.20289 0.203433 0.200512 0.207247 0.209097 0.763934 0.200276 0.203712 0.194603
0.202071 0.20879 0.196016 0.761125 0.203693 0.763006 0.202219 0.204931 0.210306 0.75811 0.206039 0.762621 0.204798 0.206024 0.192045 0.20328 0.20289 0.203433 0.200512 0.207247 0.209097 0.763934 0.200276 0.203712 0.194603
0.202071 0.20879 0.196016 0.761125 0.203693 0.763006 0.202219 0.204931 0.210306 0.75811 0.206039 0.762621 0.204798 0.206024 0.192045 0.20328 0.20289 0.203433 0.200512 0.207247 0.209097 0.763934 0.200276 0.203712 0.194603
0.202071 0.20879 0.196016 0.761125 0.203693 0.763006 0.202219 0.204931 0.210306 0.75811 0.206039 0.762621 0.204798 0.206024 0.192045 0.20328 0.20289 0.203433 0.200512 0.207247 0.209097 0.763934 0.200276 0.203712 0.194603
0.202071 0.20879 0.196016 0.761125 0.203693 0.763006 0.202219 0.204931 0.210306 0.75811 0.206039 0.762621 0.204798 0.206024 0.192045 0.20328 0.20289 0.203433 0.200512 0.207247 0.209097 0.763934 0.200276 0.203712 0.194603
0.202071 0.20879 0.196016 0.761125 0.203693 0.763006 0.202219 0.204931 0.210306 0.75811 0.206039 0.762621 0.204798 0.206024 0.192045 0.20328 0.20289 0.203433 0.200512 0.207247 0.209097 0.763934 0.200276 0.203712 0.194603
0.202071 0.20879 0.196016 0.761125 0.203693 0.763006 0.202219 0.204931 0.210306 0.75811 0.206039 0.762621 0.204798 0.206024 0.192045 0.20328 0.20289 0.203433 0.200512 0.207247 0.209097 0.763934 0.200276 0.203712 0.194603
0.202071 0.20879 0.196016 0.761125 0.203693 0.763006 0.202219 0.204931 0.210306 0.75811 0.206039 0.762621 0.204798 0.206024 0.192045 0.20328 0.20289 0.203433 0.200512 0.207247 0.209097 0.763934 0.200276 0.203712 0.194603
0.202071 0.20879 0.196016 0.761125 0.203693 0.763006 0.202219 0.204931 0.210306 0.75811 0.206039 0.762621 0.204798 0.206024 0.192045 0.20328 0.20289 0.203433 0.200512 0.207247 0.209097 0.763934 0.200276 0.203712 0.194603
0.202071 0.20879 0.196016 0.761125 0.203693 0.763006 0.202219 0.204931 0.210306 0.75811 0.206039 0.762621 0.204798 0.206024 0.192045 0.20328 0.20289 0.203433 0.200512 0.207247 0.209097 0.763934 0.200276 0.203712 0.194603
0.202071 0.20879 0.196016 0.761125 0.203693 0.763006 0.202219 0.204931 0.210306 0.75811 0.206039 0.762621 0.204798 0.206024 0.192045 0.20328 0.20289 0.203433 0.200512 0.207247 0.209097 0.763934 0.200276 0.203712 0.194603
0.202071 0.20879 0.196016 0.761125 0.203693 0.763006 0.202219 0.204931 0.210306 0.75811 0.206039 0.762621 0.204798 0.206024 0.192045 0.20328 0.20289 0.203433 0.200512 0.207247 0.209097 0.763934 0.200276 0.203712 0.194603
0.202071 0.20879 0.196016 0.761125 0.203693 0.763006 0.202219 0.204931 0.210306 0.75811 0.206039 0.762621 0.204798 0.206024 0.192045 0.20328 0.20289 0.203433 0.200512 0.207247 0.209097 0.763934 0.200276 0.203712 0.194603
0.202071 0.20879 0.196016 0.761125 0.203693 0.763006 0.202219 0.204931 0.210306 0.75811 0.206039 0.762621 0.204798 0.206024 0.192045 0.20328 0.20289 0.203433 0.200512 0.207247 0.209097 0.763934 0.200276 0.203712 0.194603
0.202071 0.20879 0.196016 0.761125 0.203693 0.763006 0.202219 0.204931 0.210306 0.75811 0.206039 0.762621 0.204798 0.206024 0.192045 0.20328 0.20289 0.203433 0.200512 0.207247 0.209097 0.763934 0.200276 0.203712 0.194603
0.202071 0.20879 0.196016 0.761125 0.203693 0.763006 0.202219 0.204931 0.210306 0.75811 0.206039 0.762621 0.204798 0.206024 0.192045 0.20328 0.20289 0.203433 0.200512 0.207247 0.209097 0.763934 0.200276 0.203712 0.194603
0.202071 0.20879 0.196016 0.761125 0.203693 0.763006 0.202219 0.204931 0.210306 0.75811 0.206039 0.762621 0.204798 0.206024 0.192045 0.20328 0.20289 0.203433 0.200512 0.207247 0.209097 0.763934 0.200276 0.203712 0.194603
0.202071 0.20879 0.196016 0.761125 0.203693 0.763006 0.202219 0.204931 0.210306 0.75811 0.206039 0.762621 0.204798 0.206024 0.192045 0.20328 0.20289 0.203433 0.200512 0.207247 0.209097 0.763934 0.200276 0.203712 0.194603
0.202071 0.20879 0.196016 0.761125 0.203693 0.763006 0.202219 0.204931 0.210306 0.75811 0.206039 0.762621 0.204798 0.206024 0.192045 0.20328 0.20289 0.203433 0.200512 0.207247 0.209097 0.763934 0.200276 0.203712 0.194603
0.202071 0.20879 0.196016 0.761125 0.203693 0.763006 0.202219 0.204931 0.210306 0.75811 0.206039 0.762621 0.204798 0.206024 0.192045 0.20328 0.20289 0.203433 0.200512 0.207247 0.209097 0.763934 0.200276 0.203712 0.194603
0.202071 0.20879 0.196016 0.761125 0.203693 0.763006 0.202219 0.204931 0.210306 0.75811 0.206039 0.762621 0.204798 0.206024 0.192045 0.20328 0.20289 0.203433 0.200512 0.207247 0.209097 0.763934 0.200276 0.203712 0.194603
0.202071 0.20879 0.196016 0.761125 0.203693 0.763006 0.202219 0.204931 0.210306 0.75811 0.206039 0.762621 0.204798 0.206024 0.192045 0.20328 0.20289 0.203433 0.200512 0.207247 0.209097 0.763934 0.200276 0.203712 0.194603
0.202071 0.20879 0.196016 0.761125 0.203693 0.763006 0.202219 0.204931 0.210306 0.75811 0.206039 0.762621 0.204798 0.206024 0.192045 0.20328 0.20289 0.203433 0.200512 0.207247 0.209097 0.763934 0.200276 0.203712 0.194603
0.202071 0.20879 0.196016 0.761125 0.203693 0.763006 0.202219 0.204931 0.210306 0.75811 0.206039 0.762621 0.204798 0.206024 0.192045 0.20328 0.20289 0.203433 0.200512 0.207247 0.209097 0.763934 0.200276 0.203712 0.194603
0.202071 0.20879 0.196016 0.761125 0.203693 0.763006 0.202219 0.204931 0.210306 0.75811 0.206039 0.762621 0.204798 0.206024 0.192045 0.20328 0.20289 0.203433 0.200512 0.207247 0.209097 0.763934 0.200276 0.203712 0.194603
0.202071 0.20879 0.196016 0.761125 0.203693 0.763006 0.202219 0.204931 0.210306 0.75811 0.206039 0.762621 0.204798 0.206024 0.192045 0.20328 0.20289 0.203433 0.200512 0.207247 0.209097 0.763934 0.200276 0.203712 0.194603
0.202071 0.20879 0.196016 0.761125 0.203693 0.763006 0.202219 0.204931 0.210306 0.75811 0.206039 0.762621 0.204798 0.206024 0.192045 0.20328 0.20289 0.203433 0.200512 0.207247 0.209097 0.763934 0.200276 0.203712 0.194603
0.202071 0.20879 0.196016 0.761125 0.203693 0.763006 0.202219 0.204931 0.210306 0.75811 0.206039 0.762621 0.204798 0.206024 0.192045 0.20328 0.20289 0.203433 0.200512 0.207247 0.209097 0.763934 0.200276 0.203712 0.194603
0.202071 0.20879 0.196016 0.761125 0.203693 0.763006 0.202219 0.204931 0.210306 0.75811 0.206039 0.762621 0.204798 0.206024 0.192045 0.20328 0.20289 0.203433 0.200512 0.207247 0.209097 0.763934 0.200276 0.203712 0.194603
0.202071 0.20879 0.196016 0.761125 0.203693 0.763006 0.202219 0.204931 0.210306 0.75811 0.206039 0.762621 0.204798 0.206024 0.192045 0.20328 0.20289 0.203433 0.200512 0.207247 0.209097 0.763934 0.200276 0.203712 0.194603
0.202071 0.20879 0.196016 0.761125 0.203693 0.763006 0.202219 0.204931 0.210306 0.75811 0.206039 0.762621 0.204798 0.206024 0.192045 0.20328 0.20289 0.203433 0.200512 0.207247 0.209097 0.763934 0.200276 0.203712 0.194603
0.202071 0.20879 0.196016 0.761125 0.203693 0.763006 0.202219 0.204931 0.210306 0.75811 0.206039 0.762621 0.204798 0.206024 0.192045 0.20328 0.20289 0.203433 0.200512 0.207247 0.209097 0.763934 0.200276 0.203712 0.194603
0.202071 0.20879 0.196016 0.761125 0.203693 0.763006 0.202219 0.204931 0.210306 0.75811 0.206039 0.762621 0.204798 0.206024 0.192045 0.20328 0.20289 0.203433 0.200512 0.207247 0.209097 0.763934 0.200276 0.203712 0.194603
0.202071 0.20879 0.196016 0.761125 0.203693 0.763006 0.202219 0.204931 0.210306 0.75811 0.206039 0.762621 0.204798 0.206024 0.192045 0.20328 0.20289 0.203433 0.200512 0.207247 0.209097 0.763934 0.200276 0.203712 0.194603
0.202071 0.20879 0.196016 0.761125 0.203693 0.763006 0.202219 0.204931 0.210306 0.75811 0.206039 0.762621 0.204798 0.206024 0.192045 0.20328 0.20289 0.203433 0.200512 0.207247 0.209097 0.763934 0.200276 0.203712 0.194603
0.202071 0.20879 0.196016 0.761125 0.203693 0.763006 0.202219 0.204931 0.210306 0.75811 0.206039 0.762621 0.204798 0.206024 0.192045 0.20328 0.20289 0.203433 0.200512 0.207247 0.209097 0.763934 0.200276 0.203712 0.194603
0.202071 0.20879 0.196016 0.761125 0.203693 0.763006 0.202219 0.204931 0.210306 0.75811 0.206039 0.762621 0.204798 0.206024 0.192045 0.20328 0.20289 0.203433 0.200512 0.207247 0.209097 0.763934 0.200276 0.203712 0.194603
0.202071 0.20879 0.196016 0.761125 0.203693 0.763006 0.202219 0.204931 0.210306 0.75811 0.206039 0.762621 0.204798 0.206024 0.192045 0.20328 0.20289 0.203433 0.200512 0.207247 0.209097 0.763934 0.200276 0.203712 0.194603
0.202071 0.20879 0.196016 0.761125 0.203693 0.763006 0.202219 0.204931 0.210306 0.75811 0.206039 0.762621 0.204798 0.206024 0.192045 0.20328 0.20289 0.203433 0.200512 0.207247 0.209097 0.763934 0.200276 0.203712 0.194603
0.202071 0.20879 0.196016 0.761125 0.203693 0.763006 0.202219 0.204931 0.210306 0.75811 0.206039 0.762621 0.204798 0.206024 0.192045 0.20328 0.20289 0.203433 0.200512 0.207247 0.209097 0.763934 0.200276 0.203712 0.194603
0.202071 0.20879 0.196016 0.761125 0.203693 0.763006 0.202219 0.204931 0.210306 0.75811 0.206039 0.762621 0.204798 0.206024 0.192045 0.20328 0.20289 0.203433 0.200512 0.207247 0.209097 0.763934 0.200276 0.203712 0.194603
0.202071 0.20879 0.196016 0.761125 0.203693 0.763006 0.202219 0.204931 0.210306 0.75811 0.206039 0.762621 0.204798 0.206024 0.192045 0.20328 0.20289 0.203433 0.200512 0.207247 0.209097 0.763934 0.200276 0.203712 0.194603
0.202071 0.20879 0.196016 0.761125 0.203693 0.763006 0.202219 0.204931 0.210306 0.75811 0.206039 0.762621 0.204798 0.206024 0.192045 0.20328 0.20289 0.203433 0.200512 0.207247 0.209097 0.763934 0.200276 0.203712 0.194603
0.202071 0.20879 0.196016 0.761125 0.203693 0.763006 0.202219 0.204931 0.210306 0.75811 0.206039 0.762621 0.204798 0.206024 0.192045 0.20328 0.20289 0.203433 0.200512 0.207247 0.209097 0.763934 0.200276 0.203712 0.194603
0.202071 0.20879 0.196016 0.761125 0.203693 0.763006 0.202219 0.204931 0.210306 0.75811 0.206039 0.762621 0.204798 0.206024 0.192045 0.20328 0.20289 0.203433 0.200512 0.207247 0.209097 0.763934 0.200276 0.203712 0.194603
0.202071 0.20879 0.196016 0.761125 0.203693 0.763006 0.202219 0.204931 0.210306 0.75811 0.206039 0.762621 0.204798 0.206024 0.192045 0.20328 0.20289 0.203433 0.200512 0.207247 0.209097 0.763934 0.200276 0.203712 0.194603
0.202071 0.20879 0.196016 0.761125 0.203693 0.763006 0.202219 0.204931 0.210306 0.75811 0.206039 0.762621 0.204798 0.206024 0.192045 0.20328 0.20289 0.203433 0.200512 0.207247 0.209097 0.763934 0.200276 0.203712 0.194603
0.202071 0.20879 0.196016 0.761125 0.203693 0.763006 0.202219 0.204931 0.210306 0.75811 0.206039 0.762621 0.204798 0.206024 0.192045 0.20328 0.20289 0.203433 0.200512 0.207247 0.209097 0.763934 0.200276 0.203712 0.194603
0.202071 0.20879 0.196016 0.761125 0.203693 0.763006 0.202219 0.204931 0.210306 0.75811 0.206039 0.762621 0.204798 0.206024 0.192045 0.20328 0.20289 0.203433 0.200512 0.207247 0.209097 0.763934 0.200276 0.203712 0.194603
0.202071 0.20879 0.196016 0.761125 0.203693 0.763006 0.202219 0.204931 0.210306 0.75811 0.206039 0.762621 0.204798 0.206024 0.192045 0.20328 0.20289 0.203433 0.200512 0.207247 0.209097 0.763934 0.200276 0.203712 0.194603
0.202071 0.20879 0.196016 0.761125 0.203693 0.763006 0.202219 0.204931 0.210306 0.75811 0.206039 0.762621 0.204798 0.206024 0.192045 0.20328 0.20289 0.203433 0.200512 0.207247 0.209097 0.763934 0.200276 0.203712 0.194603
0.202071 0.20879 0.196016 0.761125 0.203693 0.763006 0.202219 0.204931 0.210306 0.75811 0.206039 0.762621 0.204798 0.206024 0.192045 0.20328 0.20289 0.203433 0.200512 0.207247 0.209097 0.763934 0.200276 0.203712 0.194603
0.202071 0.20879 0.196016 0.761125 0.203693 0.763006 0.202219 0.204931 0.210306 0.75811 0.206039 0.762621 0.204798 0.206024 0.192045 0.20328 0.20289 0.203433 0.200512 0.207247 0.209097 0.763934 0.200276 0.203712 0.194603
0.202071 0.20879 0.196016 0.761125 0.203693 0.763006 0.202219 0.204931 0.210306 0.75811 0.206039 0.762621 0.204798 0.206024 0.192045 0.20328 0.20289 0.203433 0.200512 0.207247 0.209097 0.763934 0.200276 0.203712 0.194603
0.202071 0.20879 0.196016 0.761125 0.203693 0.763006 0.202219 0.204931 0.210306 0.75811 0.206039 0.762621 0.204798 0.206024 0.192045 0.20328 0.20289 0.203433 0.200512 0.207247 0.209097 0.763934 0.200276 0.203712 0.194603
0.202071 0.20879 0.196016 0.761125 0.203693 0.763006 0.202219 0.204931 0.210306 0.75811 0.206039 0.762621 0.204798 0.206024 0.192045 0.20328 0.20289 0.203433 0.200512 0.207247 0.209097 0.763934 0.200276 0.203712 0.194603
0.202071 0.20879 0.196016 0.761125 0.203693 0.763006 0.202219 0.204931 0.210306 0.75811 0.206039 0.762621 0.204798 0.206024 0.192045 0.20328 0.20289 0.203433 0.200512 0.207247 0.209097 0.763934 0.200276 0.203712 0.194603
0.202071 0.20879 0.196016 0.761125 0.203693 0.763006 0.202219 0.204931 0.210306 0.75811 0.206039 0.762621 0.204798 0.206024 0.192045 0.20328 0.20289 0.203433 0.200512 0.207247 0.209097 0.763934 0.200276 0.203712 0.194603
0.202071 0.20879 0.196016 0.761125 0.203693 0.763006 0.202219 0.204931 0.210306 0.75811 0.206039 0.762621 0.204798 0.206024 0.192045 0.20328 0.20289 0.203433 0.200512 0.207247 0.209097 0.763934 0.200276 0.203712 0.194603
0.202071 0.20879 0.196016 0.761125 0.203693 0.763006 0.202219 0.204931 0.210306 0.75811 0.206039 0.762621 0.204798 0.206024 0.192045 0.20328 0.20289 0.203433 0.200512 0.207247 0.209097 0.763934 0.200276 0.203712 0.194603
0.202071 0.20879 0.196016 0.761125 0.203693 0.763006 0.202219 0.204931 0.210306 0.75811 0.206039 0.762621 0.204798 0.206024 0.192045 0.20328 0.20289 0.203433 0.200512 0.207247 0.209097 0.763934 0.200276 0.203712 0.194603
0.202071 0.20879 0.196016 0.761125 0.203693 0.763006 0.202219 0.204931 0.210306 0.75811 0.206039 0.762621 0.204798 0.206024 0.192045 0.20328 0.20289 0.203433 0.200512 0.207247 0.209097 0.763934 0.200276 0.203712 0.194603
0.202071 0.20879 0.196016 0.761125 0.203693 0.763006 0.202219 0.204931 0.210306 0.75811 0.206039 0.762621 0.204798 0.206024 0.192045 0.20328 0.20289 0.203433 0.200512 0.207247 0.209097 0.763934 0.200276 0.203712 0.194603
0.202071 0.20879 0.196016 0.761125 0.203693 0.763006 0.202219 0.204931 0.210306 0.75811 0.206039 0.762621 0.204798 0.206024 0.192045 0.20328 0.20289 0.203433 0.200512 0.207247 0.209097 0.763934 0.200276 0.203712 0.194603
0.202071 0.20879 0.196016 0.761125 0.203693 0.763006 0.202219 0.204931 0.210306 0.75811 0.206039 0.762621 0.204798 0.206024 0.192045 0.20328 0.20289 0.203433 0.200512 0.207247 0.209097 0.763934 0.200276 0.203712 0.194603
0.202071 0.20879 0.196016 0.761125 0.203693 0.763006 0.202219 0.204931 0.210306 0.75811 0.206039 0.762621 0.204798 0.206024 0.192045 0.20328 0.20289 0.203433 0.200512 0.207247 0.209097 0.763934 0.200276 0.203712 0.194603
0.202071 0.20879 0.196016 0.761125 0.203693 0.763006 0.202219 0.204931 0.210306 0.75811 0.206039 0.762621 0.204798 0.206024 0.192045 0.20328 0.20289 0.203433 0.200512 0.207247 0.209097 0.763934 0.200276 0.203712 0.194603
0.202071 0.20879 0.196016 0.761125 0.203693 0.763006 0.202219 0.204931 0.210306 0.75811 0.206039 0.762621 0.204798 0.206024 0.192045 0.20328 0.20289 0.203433 0.200512 0.207247 0.209097 0.763934 0.200276 0.203712 0.194603
0.202071 0.20879 0.196016 0.761125 0.203693 0.763006 0.202219 0.204931 0.210306 0.75811 0.206039 0.762621 0.204798 0.206024 0.192045 0.20328 0.20289 0.203433 0.200512 0.207247 0.209097 0.763934 0.200276 0.203712 0.194603
0.202071 0.20879 0.196016 0.761125 0.203693 0.763006 0.202219 0.204931 0.210306 0.75811 0.206039 0.762621 0.204798 0.206024 0.192045 0.20328 0.20289 0.203433 0.200512 0.207247 0.209097 0.763934 0.200276 0.203712 0.194603
0.202071 0.20879 0.196016 0.761125 0.203693 0.763006 0.202219 0.204931 0.210306 0.75811 0.206039 0.762621 0.204798 0.206024 0.192045 0.20328 0.20289 0.203433 0.200512 0.207247 0.209097 0.763934 0.200276 0.203712 0.194603
0.202071 0.20879 0.196016 0.761125 0.203693 0.763006 0.202219 0.204931 0.210306 0.75811 0.206039 0.762621 0.204798 0.206024 0.192045 0.20328 0.20289 0.203433 0.200512 0.207247 0.209097 0.763934 0.200276 0.203712 0.194603
0.202071 0.20879 0.196016 0.761125 0.203693 0.763006 0.202219 0.204931 0.210306 0.75811 0.206039 0.762621 0.204798 0.206024 0.192045 0.20328 0.20289 0.203433 0.200512 0.207247 0.209097 0.763934 0.200276 0.203712 0.194603
0.202071 0.20879 0.196016 0.761125 0.203693 0.763006 0.202219 0.204931 0.210306 0.75811 0.206039 0.762621 0.204798 0.206024 0.192045 0.20328 0.20289 0.203433 0.200512 0.207247 0.209097 0.763934 0.200276 0.203712 0.194603
0.202071 0.20879 0.196016 0.761125 0.203693 0.763006 0.202219 0.204931 0.210306 0.75811 0.206039 0.762621 0.204798 0.206024 0.192045 0.20328 0.20289 0.203433 0.200512 0.207247 0.209097 0.763934 0.200276 0.203712 0.194603
0.202071 0.20879 0.196016 0.761125 0.203693 0.763006 0.202219 0.204931 0.210306 0.75811 0.206039 0.762621 0.204798 0.206024 0.192045 0.20328 0.20289 0.203433 0.200512 0.207247 0.209097 0.763934 0.200276 0.203712 0.194603
0.202071 0.20879 0.196016 0.761125 0.203693 0.763006 0.202219 0.204931 0.210306 0.75811 0.206039 0.762621 0.204798 0.206024 0.192045 0.20328 0.20289 0.203433 0.200512 0.207247 0.209097 0.763934 0.200276 0.203712 0.194603
0.202071 0.20879 0.196016 0.761125 0.203693 0.763006 0.202219 0.204931 0.210306 0.75811 0.206039 0.762621 0.204798 0.206024 0.192045 0.20328 0.20289 0.203433 0.200512 0.207247 0.209097 0.763934 0.200276 0.203712 0.194603
0.202071 0.20879 0.196016 0.761125 0.203693 0.763006 0.202219 0.204931 0.210306 0.75811 0.206039 0.762621 0.204798 0.206024 0.192045 0.20328 0.20289 0.203433 0.200512 0.207247 0.209097 0.763934 0.200276 0.203712 0.194603
0.202071 0.20879 0.196016 0.761125 0.203693 0.763006 0.202219 0.204931 0.210306 0.75811 0.206039 0.762621 0.204798 0.206024 0.192045 0.20328 0.20289 0.203433 0.200512 0.207247 0.209097 0.763934 0.200276 0.203712 0.194603
0.202071 0.20879 0.196016 0.761125 0.203693 0.763006 0.202219 0.204931 0.210306 0.75811 0.206039 0.762621 0.204798 0.206024 0.192045 0.20328 0.20289 0.203433 0.200512 0.207247 0.209097 0.763934 0.200276 0.203712 0.194603
0.202071 0.20879 0.196016 0.761125 0.203693 0.763006 0.202219 0.204931 0.210306 0.75811 0.206039 0.762621 0.204798 0.206024 0.192045 0.20328 0.20289 0.203433 0.200512 0.207247 0.209097 0.763934 0.200276 0.203712 0.194603
0.202071 0.20879 0.196016 0.761125 0.203693 0.763006 0.202219 0.204931 0.210306 0.75811 0.206039 0.762621 0.204798 0.206024 0.192045 0.20328 0.20289 0.203433 0.200512 0.207247 0.209097 0.763934 0.200276 0.203712 0.194603
0.202071 0.20879 0.196016 0.761125 0.203693 0.763006 0.202219 0.204931 0.210306 0.75811 0.206039 0.762621 0.204798 0.206024 0.192045 0.20328 0.20289 0.203433 0.200512 0.207247 0.209097 0.763934 0.200276 0.203712 0.194603
0.202071 0.20879 0.196016 0.761125 0.203693 0.763006 0.202219 0.204931 0.210306 0.75811 0.206039 0.762621 0.204798 0.206024 0.192045 0.20328 0.20289 0.203433 0.200512 0.207247 0.209097 0.763934 0.200276 0.203712 0.194603
0.202071 0.20879 0.196016 0.761125 0.203693 0.763006 0.202219 0.204931 0.210306 0.75811 0.206039 0.762621 0.204798 0.206024 0.192045 0.20328 0.20289 0.203433 0.200512 0.207247 0.209097 0.763934 0.200276 0.203712 0.194603
0.202071 0.20879 0.196016 0.761125 0.203693 0.763006 0.202219 0.204931 0.210306 0.75811 0.206039 0.762621 0.204798 0.206024 0.192045 0.20328 0.20289 0.203433 0.200512 0.207247 0.209097 0.763934 0.200276 0.203712 0.194603
0.202071 0.20879 0.196016 0.761125 0.203693 0.763006 0.202219 0.204931 0.210306 0.75811 0.206039 0.762621 0.204798 0.206024 0.192045 0.20328 0.20289 0.203433 0.200512 0.207247 0.209097 0.763934 0.200276 0.203712 0.194603
0.202071 0.20879 0.196016 0.761125 0.203693 0.763006 0.202219 0.204931 0.210306 0.75811 0.206039 0.762621 0.204798 0.206024 0.192045 0.20328 0.20289 0.203433 0.200512 0.207247 0.209097 0.763934 0.200276 0.203712 0.194603
0.202071 0.20879 0.196016 0.761125 0.203693 0.763006 0.202219 0.204931 0.210306 0.75811 0.206039 0.762621 0.204798 0.206024 0.192045 0.20328 0.20289 0.203433 0.200512 0.207247 0.209097 0.763934 0.200276 0.203712 0.194603
0.202071 0.20879 0.196016 0.761125 0.203693 0.763006 0.202219 0.204931 0.210306 0.75811 0.206039 0.762621 0.204798 0.206024 0.192045 0.20328 0.20289 0.203433 0.200512 0.207247 0.209097 0.763934 0.200276 0.203712 0.194603
0.202071 0.20879 0.196016 0.761125 0.203693 0.763006 0.202219 0.204931 0.210306 0.75811 0.206039 0.762621 0.204798 0.206024 0.192045 0.20328 0.20289 0.203433 0.200512 0.207247 0.209097 0.763934 0.200276 0.203712 0.194603
0.202071 0.20879 0.196016 0.761125 0.203693 0.763006 0.202219 0.204931 0.210306 0.75811 0.206039 0.762621 0.204798 0.206024 0.192045 0.20328 0.20289 0.203433 0.200512 0.207247 0.209097 0.763934 0.200276 0.203712 0.194603
0.202071 0.20879 0.196016 0.761125 0.203693 0.763006 0.202219 0.204931 0.210306 0.75811 0.206039 0.762621 0.204798 0.206024 0.192045 0.20328 0.20289 0.203433 0.200512 0.207247 0.209097 0.763934 0.200276 0.203712 0.194603
0.202071 0.20879 0.196016 0.761125 0.203693 0.763006 0.202219 0.204931 0.210306 0.75811 0.206039 0.762621 0.204798 0.206024 0.192045 0.20328 0.20289 0.203433 0.200512 0.207247 0.209097 0.763934 0.200276 0.203712 0.194603
0.202071 0.20879 0.196016 0.761125 0.203693 0.763006 0.202219 0.204931 0.210306 0.75811 0.206039 0.762621 0.204798 0.206024 0.192045 0.20328 0.20289 0.203433 0.200512 0.207247 0.209097 0.763934 0.200276 0.203712 0.194603
0.202071 0.20879 0.196016 0.761125 0.203693 0.763006 0.202219 0.204931 0.210306 0.75811 0.206039 0.762621 0.204798 0.206024 0.192045 0.20328 0.20289 0.203433 0.200512 0.207247 0.209097 0.763934 0.200276 0.203712 0.194603
0.202071 0.20879 0.196016 0.761125 0.203693 0.763006 0.202219 0.204931 0.210306 0.75811 0.206039 0.762621 0.204798 0.206024 0.192045 0.20328 0.20289 0.203433 0.200512 0.207247 0.209097 0.763934 0.200276 0.203712 0.194603
0.202071 0.20879 0.196016 0.761125 0.203693 0.763006 0.202219 0.204931 0.210306 0.75811 0.206039 0.762621 0.204798 0.206024 0.192045 0.20328 0.20289 0.203433 0.200512 0.207247 0.209097 0.763934 0.200276 0.203712 0.194603
0.202071 0.20879 0.196016 0.761125 0.203693 0.763006 0.202219 0.204931 0.210306 0.75811 0.206039 0.762621 0.204798 0.206024 0.192045 0.20328 0.20289 0.203433 0.200512 0.207247 0.209097 0.763934 0.200276 0.203712 0.194603
0.202071 0.20879 0.196016 0.761125 0.203693 0.763006 0.202219 0.204931 0.210306 0.75811 0.206039 0.762621 0.204798 0.206024 0.192045 0.20328 0.20289 0.203433 0.200512 0.207247 0.209097 0.763934 0.200276 0.203712 0.194603
0.202071 0.20879 0.196016 0.761125 0.203693 0.763006 0.202219 0.204931 0.210306 0.75811 0.206039 0.762621 0.204798 0.206024 0.192045 0.20328 0.20289 0.203433 0.200512 0.207247 0.209097 0.763934 0.200276 0.203712 0.194603
0.202071 0.20879 0.196016 0.761125 0.203693 0.763006 0.202219 0.204931 0.210306 0.75811 0.206039 0.762621 0.204798 0.206024 0.192045 0.20328 0.20289 0.203433 0.200512 0.207247 0.209097 0.763934 0.200276 0.203712 0.194603
0.202071 0.20879 0.196016 0.761125 0.203693 0.763006 0.202219 0.204931 0.210306 0.75811 0.206039 0.762621 0.204798 0.206024 0.192045 0.20328 0.20289 0.203433 0.200512 0.207247 0.209097 0.763934 0.200276 0.203712 0.194603
0.202071 0.20879 0.196016 0.761125 0.203693 0.763006 0.202219 0.204931 0.210306 0.75811 0.206039 0.762621 0.204798 0.206024 0.192045 0.20328 0.20289 0.203433 0.200512 0.207247 0.209097 0.763934 0.200276 0.203712 0.194603
0.202071 0.20879 0.196016 0.761125 0.203693 0.763006 0.202219 0.204931 0.210306 0.75811 0.206039 0.762621 0.204798 0.206024 0.192045 0.20328 0.20289 0.203433 0.200512 0.207247 0.209097 0.763934 0.200276 0.203712 0.194603
0.202071 0.20879 0.196016 0.761125 0.203693 0.763006 0.202219 0.204931 0.210306 0.75811 0.206039 0.762621 0.204798 0.206024 0.192045 0.20328 0.20289 0.203433 0.200512 0.207247 0.209097 0.763934 0.200276 0.203712 0.194603
0.202071 0.20879 0.196016 0.761125 0.203693 0.763006 0.202219 0.204931 0.210306 0.75811 0.206039 0.762621 0.204798 0.206024 0.192045 0.20328 0.20289 0.203433 0.200512 0.207247 0.209097 0.763934 0.200276 0.203712 0.194603
0.202071 0.20879 0.196016 0.761125 0.203693 0.763006 0.202219 0.204931 0.210306 0.75811 0.206039 0.762621 0.204798 0.206024 0.192045 0.20328 0.20289 0.203433 0.200512 0.207247 0.209097 0.763934 0.200276 0.203712 0.194603
0.202071 0.20879 0.196016 0.761125 0.203693 0.763006 0.202219 0.204931 0.210306 0.75811 0.206039 0.762621 0.204798 0.206024 0.192045 0.20328 0.20289 0.203433 0.200512 0.207247 0.209097 0.763934 0.200276 0.203712 0.194603
0.202071 0.20879 0.196016 0.761125 0.203693 0.763006 0.202219 0.204931 0.210306 0.75811 0.206039 0.762621 0.204798 0.206024 0.192045 0.20328 0.20289 0.203433 0.200512 0.207247 0.209097 0.763934 0.200276 0.203712 0.194603
0.202071 0.20879 0.196016 0.761125 0.203693 0.763006 0.202219 0.204931 0.210306 0.75811 0.206039 0.762621 0.204798 0.206024 0.192045 0.20328 0.20289 0.203433 0.200512 0.207247 0.209097 0.763934 0.200276 0.203712 0.194603
0.202071 0.20879 0.196016 0.761125 0.203693 0.763006 0.202219 0.204931 0.210306 0.75811 0.206039 0.762621 0.204798 0.206024 0.192045 0.20328 0.20289 0.203433 0.200512 0.207247 0.209097 0.763934 0.200276 0.203712 0.194603
0.202071 0.20879 0.196016 0.761125 0.203693 0.763006 0.202219 0.204931 0.210306 0.75811 0.206039 0.762621 0.204798 0.206024 0.192045 0.20328 0.20289 0.203433 0.200512 0.207247 0.209097 0.763934 0.200276 0.203712 0.194603
0.202071 0.20879 0.196016 0.761125 0.203693 0.763006 0.202219 0.204931 0.210306 0.75811 0.206039 0.762621 0.204798 0.206024 0.192045 0.20328 0.20289 0.203433 0.200512 0.207247 0.209097 0.763934 0.200276 0.203712 0.194603
0.202071 0.20879 0.196016 0.761125 0.203693 0.763006 0.202219 0.204931 0.210306 0.75811 0.206039 0.762621 0.204798 0.206024 0.192045 0.20328 0.20289 0.203433 0.200512 0.207247 0.209097 0.763934 0.200276 0.203712 0.194603
0.202071 0.20879 0.196016 0.761125 0.203693 0.763006 0.202219 0.204931 0.210306 0.75811 0.206039 0.762621 0.204798 0.206024 0.192045 0.20328 0.20289 0.203433 0.200512 0.207247 0.209097 0.763934 0.200276 0.203712 0.194603
0.202071 0.20879 0.196016 0.761125 0.203693 0.763006 0.202219 0.204931 0.210306 0.75811 0.206039 0.762621 0.204798 0.206024 0.192045 0.20328 0.20289 0.203433 0.200512 0.207247 0.209097 0.763934 0.200276 0.203712 0.194603
0.202071 0.20879 0.196016 0.761125 0.203693 0.763006 0.202219 0.204931 0.210306 0.75811 0.206039 0.762621 0.204798 0.206024 0.192045 0.20328 0.20289 0.203433 0.200512 0.207247 0.209097 0.763934 0.200276 0.203712 0.194603
0.202071 0.20879 0.196016 0.761125 0.203693 0.763006 0.202219 0.204931 0.210306 0.75811 0.206039 0.762621 0.204798 0.206024 0.192045 0.20328 0.20289 0.203433 0.200512 0.207247 0.209097 0.763934 0.200276 0.203712 0.194603
0.202071 0.20879 0.196016 0.761125 0.203693 0.763006 0.202219 0.204931 0.210306 0.75811 0.206039 0.762621 0.204798 0.206024 0.192045 0.20328 0.20289 0.203433 0.200512 0.207247 0.209097 0.763934 0.200276 0.203712 0.194603
0.202071 0.20879 0.196016 0.761125 0.203693 0.763006 0.202219 0.204931 0.210306 0.75811 0.206039 0.762621 0.204798 0.206024 0.192045 0.20328 0.20289 0.203433 0.200512 0.207247 0.209097 0.763934 0.200276 0.203712 0.194603
0.202071 0.20879 0.196016 0.761125 0.203693 0.763006 0.202219 0.204931 0.210306 0.75811 0.206039 0.762621 0.204798 0.206024 0.192045 0.20328 0.20289 0.203433 0.200512 0.207247 0.209097 0.763934 0.200276 0.203712 0.194603
0.202071 0.20879 0.196016 0.761125 0.203693 0.763006 0.202219 0.204931 0.210306 0.75811 0.206039 0.762621 0.204798 0.206024 0.192045 0.20328 0.20289 0.203433 0.200512 0.207247 0.209097 0.763934 0.200276 0.203712 0.194603
0.202071 0.20879 0.196016 0.761125 0.203693 0.763006 0.202219 0.204931 0.210306 0.75811 0.206039 0.762621 0.204798 0.206024 0.192045 0.20328 0.20289 0.203433 0.200512 0.207247 0.209097 0.763934 0.200276 0.203712 0.194603
0.202071 0.20879 0.196016 0.761125 0.203693 0.763006 0.202219 0.204931 0.210306 0.75811 0.206039 0.762621 0.204798 0.206024 0.192045 0.20328 0.20289 0.203433 0.200512 0.207247 0.209097 0.763934 0.200276 0.203712 0.194603
0.202071 0.20879 0.196016 0.761125 0.203693 0.763006 0.202219 0.204931 0.210306 0.75811 0.206039 0.762621 0.204798 0.206024 0.192045 0.20328 0.20289 0.203433 0.200512 0.207247 0.209097 0.763934 0.200276 0.203712 0.194603
0.202071 0.20879 0.196016 0.761125 0.203693 0.763006 0.202219 0.204931 0.210306 0.75811 0.206039 0.762621 0.204798 0.206024 0.192045 0.20328 0.20289 0.203433 0.200512 0.207247 0.209097 0.763934 0.200276 0.203712 0.194603
0.202071 0.20879 0.196016 0.761125 0.203693 0.763006 0.202219 0.204931 0.210306 0.75811 0.206039 0.762621 0.204798 0.206024 0.192045 0.20328 0.20289 0.203433 0.200512 0.207247 0.209097 0.763934 0.200276 0.203712 0.194603
0.202071 0.20879 0.196016 0.761125 0.203693 0.763006 0.202219 0.204931 0.210306 0.75811 0.206039 0.762621 0.204798 0.206024 0.192045 0.20328 0.20289 0.203433 0.200512 0.207247 0.209097 0.763934 0.200276 0.203712 0.194603
0.202071 0.20879 0.196016 0.761125 0.203693 0.763006 0.202219 0.204931 0.210306 0.75811 0.206039 0.762621 0.204798 0.206024 0.192045 0.20328 0.20289 0.203433 0.200512 0.207247 0.209097 0.763934 0.200276 0.203712 0.194603
0.202071 0.20879 0.196016 0.761125 0.203693 0.763006 0.202219 0.204931 0.210306 0.75811 0.206039 0.762621 0.204798 0.206024 0.192045 0.20328 0.20289 0.203433 0.200512 0.207247 0.209097 0.763934 0.200276 0.203712 0.194603
0.202071 0.20879 0.196016 0.761125 0.203693 0.763006 0.202219 0.204931 0.210306 0.75811 0.206039 0.762621 0.204798 0.206024 0.192045 0.20328 0.20289 0.203433 0.200512 0.207247 0.209097 0.763934 0.200276 0.203712 0.194603
0.202071 0.20879 0.196016 0.761125 0.203693 0.763006 0.202219 0.204931 0.210306 0.75811 0.206039 0.762621 0.204798 0.206024 0.192045 0.20328 0.20289 0.203433 0.200512 0.207247 0.209097 0.763934 0.200276 0.203712 0.194603
0.202071 0.20879 0.196016 0.761125 0.203693 0.763006 0.202219 0.204931 0.210306 0.75811 0.206039 0.762621 0.204798 0.206024 0.192045 0.20328 0.20289 0.203433 0.200512 0.207247 0.209097 0.763934 0.200276 0.203712 0.194603
0.202071 0.20879 0.196016 0.761125 0.203693 0.763006 0.202219 0.204931 0.210306 0.75811 0.206039 0.762621 0.204798 0.206024 0.192045 0.20328 0.20289 0.203433 0.200512 0.207247 0.209097 0.763934 0.200276 0.203712 0.194603
0.202071 0.20879 0.196016 0.761125 0.203693 0.763006 0.202219 0.204931 0.210306 0.75811 0.206039 0.762621 0.204798 0.206024 0.192045 0.20328 0.20289 0.203433 0.200512 0.207247 0.209097 0.763934 0.200276 0.203712 0.194603
0.202071 0.20879 0.196016 0.761125 0.203693 0.763006 0.202219 0.204931 0.210306 0.75811 0.206039 0.762621 0.204798 0.206024 0.192045 0.20328 0.20289 0.203433 0.200512 0.207247 0.209097 0.763934 0.200276 0.203712 0.194603
0.202071 0.20879 0.196016 0.761125 0.203693 0.763006 0.202219 0.204931 0.210306 0.75811 0.206039 0.762621 0.204798 0.206024 0.192045 0.20328 0.20289 0.203433 0.200512 0.207247 0.209097 0.763934 0.200276 0.203712 0.194603
