0.00161986 0.00171117 0.00177617 0.00481169 0.00322597 0.00123634 0.00162112 0.00138458 0.00172445 0.00370211 0.00325977 0.00484646 0.00324189 0.00139366 0.00297079 0.00322002 0.00321441 0.00163147 0.0025439 0.00169768 0.00171385 0.00322753 0.00629503 0.00322624 0.00176222
0.162591 0.163853 0.166886 0.203073 0.187538 0.153423 0.162724 0.156907 0.165459 0.193545 0.189288 0.204548 0.188617 0.157983 0.184474 0.187573 0.187235 0.164193 0.178232 0.161782 0.164807 0.18735 0.214657 0.187554 0.165515
0.0664746 0.0674711 0.0711017 0.0965517 0.0795249 0.055904 0.0665555 0.0609736 0.0681293 0.08898 0.0785026 0.0975574 0.0807897 0.0606949 0.0802512 0.0823197 0.0832987 0.0687887 0.0763508 0.0608008 0.0706443 0.080789 0.114061 0.0795358 0.0702498
0.164556 0.165055 0.173838 0.201761 0.183275 0.147697 0.164731 0.155836 0.168888 0.193356 0.180523 0.203611 0.185024 0.15764 0.183965 0.188804 0.188565 0.170055 0.179971 0.15454 0.173536 0.183828 0.224318 0.183297 0.172014
0.0653625 0.0657583 0.0701203 0.0965822 0.0809574 0.0547401 0.0654522 0.0587954 0.0669731 0.088087 0.0786365 0.0976841 0.0816525 0.0597493 0.0814179 0.0846358 0.0847255 0.0678326 0.0774228 0.0601548 0.069671 0.0810157 0.114642 0.0809701 0.069178
0.165294 0.165149 0.174618 0.202181 0.183066 0.147534 0.165478 0.155068 0.168573 0.193551 0.17926 0.204099 0.184569 0.15698 0.185449 0.189537 0.189769 0.17093 0.181056 0.153516 0.174241 0.183575 0.226123 0.183089 0.172707
0.065107 0.0652471 0.0700306 0.0962801 0.0810081 0.0543839 0.0651984 0.0582504 0.0666191 0.0877375 0.0782908 0.0973957 0.081493 0.0593688 0.0817302 0.0849294 0.0849942 0.067594 0.0776889 0.0597993 0.069528 0.0808136 0.114607 0.0810212 0.0690696
0.165637 0.165204 0.17499 0.202313 0.183253 0.147629 0.165823 0.15493 0.168566 0.19368 0.179093 0.204243 0.184574 0.156858 0.186134 0.189944 0.190326 0.171237 0.181628 0.153425 0.174517 0.183617 0.226617 0.183276 0.17306
0.0649842 0.0650211 0.069935 0.0960739 0.0809081 0.0542218 0.0650759 0.0580122 0.0664173 0.0875406 0.0780668 0.0971902 0.0813064 0.0591493 0.0817664 0.0848857 0.0849876 0.0674483 0.0776954 0.0596155 0.0693955 0.0806239 0.114488 0.0809213 0.0689712
0.165854 0.165305 0.175224 0.202441 0.183437 0.147765 0.16604 0.154983 0.168667 0.19382 0.17916 0.204373 0.184677 0.156912 0.186485 0.190182 0.190624 0.171427 0.181943 0.153518 0.174703 0.183724 0.226852 0.183461 0.173288
0.0648814 0.0648791 0.069833 0.0959207 0.0807971 0.0541101 0.0649731 0.0578699 0.0662794 0.0873971 0.0779175 0.097036 0.0811613 0.0590072 0.0817075 0.0847845 0.0849074 0.0673298 0.0776255 0.0594933 0.0692769 0.080478 0.114358 0.0808103 0.0688695
0.166017 0.165423 0.175394 0.202568 0.18359 0.147898 0.166204 0.155088 0.168791 0.193955 0.179275 0.204501 0.184799 0.157017 0.186697 0.190348 0.190814 0.171579 0.182142 0.153639 0.174854 0.183845 0.227013 0.183614 0.173457
0.0647889 0.0647727 0.0697364 0.0957987 0.0806954 0.054021 0.0648805 0.0577673 0.0661729 0.0872811 0.0778053 0.0969128 0.0810464 0.0589031 0.0816231 0.0846815 0.0848132 0.0672285 0.0775382 0.059399 0.0691736 0.0803629 0.114236 0.0807086 0.0687738
0.166149 0.165539 0.17553 0.202685 0.183719 0.148018 0.166336 0.1552 0.16891 0.194077 0.179391 0.204618 0.184916 0.157128 0.186845 0.190479 0.190954 0.171707 0.182286 0.153756 0.174982 0.18396 0.22714 0.183743 0.173592
0.0647071 0.0646863 0.0696497 0.0956973 0.0806058 0.0539466 0.0647986 0.0576859 0.0660854 0.0871838 0.0777143 0.0968104 0.0809519 0.0588202 0.081538 0.0845883 0.0847233 0.0671414 0.077453 0.0593213 0.0690844 0.0802685 0.114127 0.080619 0.0686881
0.166259 0.165644 0.175643 0.202789 0.183827 0.148124 0.166447 0.155304 0.169018 0.194184 0.179497 0.204723 0.185021 0.157233 0.186961 0.190588 0.191066 0.171818 0.1824 0.15386 0.175092 0.184065 0.227246 0.183851 0.173704
0.0646357 0.0646139 0.0695737 0.0956114 0.080528 0.0538832 0.0647271 0.0576183 0.0660115 0.0871009 0.0776379 0.0967236 0.0808722 0.0587512 0.0814601 0.0845067 0.0846427 0.0670664 0.0773761 0.0592555 0.0690076 0.080189 0.114032 0.0805412 0.068613
0.166354 0.165737 0.175739 0.20288 0.18392 0.148216 0.166541 0.155396 0.169112 0.194277 0.17959 0.204814 0.185113 0.157325 0.187055 0.190681 0.19116 0.171913 0.182495 0.153951 0.175186 0.184157 0.227336 0.183944 0.173799
0.0645739 0.0645522 0.0695078 0.0955379 0.0804608 0.053829 0.0646653 0.057561 0.0659484 0.0870298 0.0775729 0.0966494 0.0808042 0.0586928 0.0813913 0.0844359 0.0845722 0.0670018 0.0773084 0.0591993 0.0689414 0.0801213 0.11395 0.0804739 0.0685479
0.166434 0.165817 0.175821 0.202959 0.184 0.148296 0.166622 0.155477 0.169193 0.194357 0.179671 0.204893 0.185194 0.157406 0.187135 0.19076 0.19124 0.171994 0.182575 0.15403 0.175268 0.184236 0.227413 0.184024 0.17388
0.0645206 0.0644994 0.0694509 0.0954749 0.0804028 0.0537825 0.0646119 0.057512 0.0658943 0.0869688 0.0775172 0.0965858 0.080746 0.0586429 0.0813316 0.084375 0.0845111 0.0669463 0.0772498 0.0591511 0.0688845 0.0800633 0.113879 0.0804159 0.0684917
0.166504 0.165886 0.175891 0.203027 0.184069 0.148364 0.166691 0.155546 0.169264 0.194426 0.17974 0.204962 0.185263 0.157475 0.187203 0.190828 0.191308 0.172064 0.182643 0.154097 0.175338 0.184305 0.227479 0.184092 0.17395
0.0644748 0.064454 0.069402 0.0954208 0.0803529 0.0537425 0.064566 0.0574699 0.0658479 0.0869163 0.0774693 0.0965311 0.080696 0.0586001 0.0812799 0.0843225 0.0844584 0.0668986 0.0771991 0.0591096 0.0688356 0.0800136 0.113818 0.0803661 0.0684433
0.166563 0.165946 0.175952 0.203085 0.184127 0.148423 0.16675 0.155606 0.169324 0.194486 0.179801 0.20502 0.185323 0.157536 0.187262 0.190886 0.191366 0.172125 0.182702 0.154156 0.175398 0.184365 0.227535 0.184151 0.17401
0.0644353 0.0644151 0.0693599 0.0953743 0.08031 0.0537081 0.0645265 0.0574339 0.065808 0.0868713 0.0774282 0.0964841 0.080653 0.0585634 0.0812355 0.0842773 0.084413 0.0668575 0.0771556 0.0590741 0.0687935 0.0799709 0.113765 0.0803232 0.0684017
0.166614 0.165997 0.176003 0.203135 0.184178 0.148474 0.166802 0.155658 0.169376 0.194537 0.179852 0.205071 0.185374 0.157587 0.187312 0.190937 0.191416 0.172177 0.182752 0.154206 0.17545 0.184416 0.227584 0.184202 0.174062
0.0644014 0.0643817 0.0693237 0.0953343 0.0802732 0.0536786 0.0644926 0.0574029 0.0657737 0.0868325 0.0773929 0.0964438 0.0806161 0.0585318 0.0811972 0.0842385 0.0843741 0.0668223 0.0771181 0.0590435 0.0687574 0.0799342 0.11372 0.0802863 0.068366
0.166658 0.166041 0.176048 0.203178 0.184222 0.148517 0.166846 0.155703 0.169421 0.194581 0.179896 0.205114 0.185418 0.157632 0.187355 0.19098 0.191459 0.172221 0.182796 0.154249 0.175494 0.18446 0.227626 0.184245 0.174106
0.0643723 0.064353 0.0692926 0.0953 0.0802415 0.0536533 0.0644634 0.0573763 0.0657443 0.0867993 0.0773626 0.0964091 0.0805844 0.0585047 0.0811644 0.0842052 0.0843406 0.066792 0.0770859 0.0590173 0.0687263 0.0799027 0.113682 0.0802547 0.0683353
0.166696 0.166079 0.176086 0.203215 0.184259 0.148555 0.166883 0.155741 0.16946 0.194619 0.179935 0.205151 0.185456 0.15767 0.187392 0.191017 0.191496 0.17226 0.182833 0.154286 0.175532 0.184497 0.227662 0.184283 0.174144
0.0643473 0.0643284 0.0692659 0.0952706 0.0802143 0.0536315 0.0644384 0.0573535 0.0657191 0.0867708 0.0773366 0.0963794 0.0805572 0.0584815 0.0811362 0.0841766 0.0843118 0.066766 0.0770583 0.0589948 0.0686997 0.0798756 0.113648 0.0802275 0.0683089
0.166728 0.166112 0.176119 0.203247 0.184291 0.148587 0.166916 0.155773 0.169493 0.194651 0.179967 0.205183 0.185488 0.157703 0.187423 0.191049 0.191527 0.172293 0.182864 0.154318 0.175565 0.18453 0.227693 0.184315 0.174177
0.0643259 0.0643072 0.069243 0.0952453 0.080191 0.0536129 0.0644169 0.0573339 0.0656974 0.0867463 0.0773143 0.0963538 0.0805339 0.0584615 0.081112 0.084152 0.0842872 0.0667437 0.0770345 0.0589754 0.0686768 0.0798524 0.11362 0.0802041 0.0682863
0.166756 0.16614 0.176147 0.203274 0.184318 0.148615 0.166944 0.155802 0.169521 0.194679 0.179995 0.205211 0.185516 0.157731 0.187451 0.191076 0.191555 0.172321 0.182892 0.154346 0.175593 0.184558 0.227719 0.184342 0.174205
0.0643075 0.0642891 0.0692234 0.0952236 0.080171 0.0535969 0.0643985 0.0573171 0.0656788 0.0867252 0.0772952 0.0963319 0.0805139 0.0584444 0.0810912 0.0841309 0.084266 0.0667246 0.0770142 0.0589588 0.0686572 0.0798325 0.113595 0.0801841 0.0682669
0.16678 0.166164 0.176171 0.203298 0.184342 0.148638 0.166967 0.155826 0.169545 0.194703 0.18002 0.205234 0.18554 0.157755 0.187474 0.191099 0.191578 0.172345 0.182915 0.154369 0.175617 0.184581 0.227742 0.184366 0.174229
0.0642917 0.0642735 0.0692065 0.095205 0.0801538 0.0535831 0.0643827 0.0573027 0.0656628 0.0867072 0.0772787 0.0963131 0.0804967 0.0584297 0.0810734 0.0841129 0.0842478 0.0667082 0.0769967 0.0589446 0.0686404 0.0798154 0.113574 0.0801669 0.0682502
0.1668 0.166184 0.176192 0.203318 0.184362 0.148659 0.166988 0.155846 0.169566 0.194723 0.18004 0.205255 0.185561 0.157776 0.187494 0.19112 0.191598 0.172366 0.182935 0.154389 0.175638 0.184602 0.227762 0.184386 0.174249
0.0642782 0.0642602 0.0691921 0.095189 0.0801391 0.0535713 0.0643691 0.0572903 0.0656491 0.0866917 0.0772646 0.096297 0.0804819 0.0584171 0.0810581 0.0840974 0.0842322 0.0666941 0.0769817 0.0589324 0.0686259 0.0798007 0.113556 0.0801522 0.068236
0.166818 0.166202 0.17621 0.203335 0.18438 0.148676 0.167005 0.155864 0.169584 0.194741 0.180058 0.205272 0.185578 0.157794 0.187511 0.191137 0.191615 0.172384 0.182953 0.154406 0.175656 0.184619 0.227778 0.184403 0.174267
0.0642665 0.0642487 0.0691797 0.0951753 0.0801265 0.0535612 0.0643575 0.0572797 0.0656374 0.0866785 0.0772525 0.0962832 0.0804693 0.0584063 0.081045 0.0840841 0.0842189 0.066682 0.0769689 0.0589219 0.0686135 0.0797882 0.113541 0.0801396 0.0682237
0.166833 0.166217 0.176225 0.20335 0.184394 0.148691 0.16702 0.155879 0.169599 0.194756 0.180073 0.205287 0.185593 0.157809 0.187526 0.191152 0.19163 0.172399 0.182967 0.154421 0.175671 0.184634 0.227793 0.184418 0.174282
0.0642566 0.0642389 0.069169 0.0951636 0.0801156 0.0535526 0.0643475 0.0572706 0.0656273 0.0866671 0.0772422 0.0962713 0.0804585 0.0583971 0.0810338 0.0840727 0.0842074 0.0666716 0.0769579 0.058913 0.0686029 0.0797774 0.113527 0.0801287 0.0682132
0.166846 0.16623 0.176238 0.203363 0.184407 0.148704 0.167033 0.155892 0.169612 0.194769 0.180086 0.205299 0.185606 0.157822 0.187538 0.191164 0.191643 0.172412 0.18298 0.154434 0.175684 0.184647 0.227805 0.184431 0.174295
0.064248 0.0642305 0.0691599 0.0951535 0.0801064 0.0535451 0.064339 0.0572628 0.0656187 0.0866573 0.0772333 0.0962612 0.0804492 0.0583891 0.0810241 0.0840629 0.0841976 0.0666628 0.0769484 0.0589053 0.0685938 0.0797681 0.113516 0.0801195 0.0682042
0.166857 0.166241 0.176249 0.203374 0.184418 0.148715 0.167044 0.155904 0.169624 0.19478 0.180097 0.20531 0.185617 0.157833 0.187549 0.191175 0.191653 0.172423 0.182991 0.154445 0.175695 0.184658 0.227816 0.184442 0.174306
0.0642407 0.0642233 0.0691521 0.0951449 0.0800984 0.0535388 0.0643316 0.0572562 0.0656113 0.086649 0.0772257 0.0962525 0.0804412 0.0583823 0.0810159 0.0840545 0.0841892 0.0666552 0.0769403 0.0588987 0.068586 0.0797602 0.113506 0.0801115 0.0681965
0.166866 0.166251 0.176259 0.203383 0.184428 0.148724 0.167054 0.155913 0.169633 0.194789 0.180107 0.20532 0.185627 0.157843 0.187558 0.191184 0.191663 0.172433 0.183 0.154454 0.175705 0.184668 0.227825 0.184451 0.174316
0.0642345 0.0642171 0.0691454 0.0951375 0.0800916 0.0535333 0.0643254 0.0572504 0.065605 0.0866418 0.0772191 0.096245 0.0804344 0.0583765 0.0810088 0.0840473 0.0841819 0.0666486 0.0769334 0.058893 0.0685793 0.0797534 0.113498 0.0801047 0.0681899
0.166875 0.166259 0.176267 0.203391 0.184436 0.148732 0.167062 0.155921 0.169642 0.194797 0.180115 0.205328 0.185635 0.157851 0.187566 0.191192 0.191671 0.172441 0.183008 0.154462 0.175713 0.184676 0.227832 0.18446 0.174324
0.0642291 0.0642118 0.0691397 0.0951311 0.0800857 0.0535286 0.06432 0.0572455 0.0655995 0.0866356 0.0772135 0.0962386 0.0804285 0.0583715 0.0810027 0.0840411 0.0841758 0.066643 0.0769274 0.0588882 0.0685736 0.0797476 0.113491 0.0800988 0.0681842
0.166882 0.166266 0.176274 0.203398 0.184443 0.148739 0.167069 0.155928 0.169649 0.194804 0.180122 0.205335 0.185642 0.157858 0.187573 0.191199 0.191677 0.172448 0.183015 0.154469 0.17572 0.184683 0.227839 0.184466 0.174331
0.0642245 0.0642072 0.0691347 0.0951257 0.0800807 0.0535246 0.0643154 0.0572413 0.0655949 0.0866304 0.0772087 0.0962331 0.0804235 0.0583672 0.0809975 0.0840359 0.0841704 0.0666382 0.0769223 0.058884 0.0685687 0.0797426 0.113485 0.0800938 0.0681793
0.166888 0.166272 0.17628 0.203404 0.184448 0.148745 0.167075 0.155934 0.169655 0.19481 0.180128 0.205341 0.185648 0.157864 0.187579 0.191205 0.191683 0.172454 0.183021 0.154475 0.175726 0.184689 0.227845 0.184472 0.174337
0.0642205 0.0642033 0.0691305 0.095121 0.0800764 0.0535212 0.0643114 0.0572377 0.0655909 0.0866259 0.0772046 0.0962284 0.0804192 0.0583635 0.080993 0.0840313 0.0841659 0.0666341 0.076918 0.0588804 0.0685645 0.0797383 0.113479 0.0800895 0.0681752
0.166893 0.166277 0.176286 0.203409 0.184454 0.14875 0.16708 0.15594 0.16966 0.194815 0.180133 0.205346 0.185653 0.157869 0.187584 0.19121 0.191688 0.172459 0.183026 0.15448 0.175731 0.184694 0.22785 0.184477 0.174342
0.0642171 0.0642 0.0691269 0.0951171 0.0800727 0.0535182 0.064308 0.0572346 0.0655875 0.086622 0.0772011 0.0962243 0.0804155 0.0583604 0.0809892 0.0840275 0.084162 0.0666306 0.0769142 0.0588774 0.0685609 0.0797347 0.113475 0.0800858 0.0681716
0.166897 0.166282 0.17629 0.203413 0.184458 0.148755 0.167085 0.155944 0.169665 0.19482 0.180138 0.20535 0.185657 0.157874 0.187588 0.191215 0.191693 0.172464 0.18303 0.154484 0.175736 0.184698 0.227854 0.184482 0.174347
0.0642142 0.0641971 0.0691238 0.0951136 0.0800696 0.0535157 0.0643051 0.057232 0.0655845 0.0866187 0.0771981 0.0962209 0.0804123 0.0583577 0.0809859 0.0840241 0.0841587 0.0666276 0.076911 0.0588748 0.0685578 0.0797315 0.113471 0.0800827 0.0681685
0.166901 0.166285 0.176294 0.203417 0.184462 0.148758 0.167088 0.155948 0.169668 0.194823 0.180142 0.205354 0.185661 0.157878 0.187592 0.191218 0.191696 0.172468 0.183034 0.154488 0.17574 0.184702 0.227857 0.184485 0.17435
0.0642117 0.0641947 0.0691212 0.0951107 0.0800668 0.0535135 0.0643026 0.0572297 0.065582 0.0866158 0.0771955 0.0962179 0.0804096 0.0583553 0.0809831 0.0840213 0.0841558 0.066625 0.0769083 0.0588725 0.0685551 0.0797288 0.113468 0.0800799 0.0681659
0.166904 0.166289 0.176297 0.20342 0.184465 0.148761 0.167092 0.155951 0.169672 0.194827 0.180145 0.205357 0.185665 0.157881 0.187595 0.191221 0.191699 0.172471 0.183037 0.154491 0.175743 0.184705 0.22786 0.184489 0.174354
0.0642096 0.0641926 0.0691189 0.0951082 0.0800645 0.0535117 0.0643005 0.0572277 0.0655799 0.0866134 0.0771932 0.0962154 0.0804073 0.0583534 0.0809807 0.0840188 0.0841533 0.0666228 0.0769059 0.0588706 0.0685528 0.0797265 0.113465 0.0800776 0.0681637
0.166907 0.166291 0.1763 0.203422 0.184468 0.148764 0.167094 0.155954 0.169674 0.194829 0.180148 0.20536 0.185667 0.157884 0.187598 0.191224 0.191702 0.172474 0.18304 0.154494 0.175746 0.184708 0.227863 0.184491 0.174356
0.0642078 0.0641908 0.0691169 0.095106 0.0800625 0.0535101 0.0642986 0.0572261 0.065578 0.0866113 0.0771913 0.0962132 0.0804053 0.0583517 0.0809787 0.0840168 0.0841512 0.0666209 0.0769039 0.058869 0.0685509 0.0797245 0.113462 0.0800756 0.0681617
0.166909 0.166294 0.176302 0.203425 0.18447 0.148767 0.167097 0.155956 0.169677 0.194832 0.18015 0.205362 0.18567 0.157886 0.1876 0.191226 0.191704 0.172476 0.183042 0.154496 0.175748 0.18471 0.227865 0.184494 0.174359
0.0642062 0.0641892 0.0691153 0.0951042 0.0800608 0.0535087 0.0642971 0.0572247 0.0655764 0.0866095 0.0771897 0.0962113 0.0804036 0.0583502 0.0809769 0.084015 0.0841494 0.0666193 0.0769021 0.0588676 0.0685492 0.0797228 0.11346 0.0800739 0.0681601
0.166911 0.166296 0.176304 0.203427 0.184472 0.148769 0.167099 0.155958 0.169679 0.194834 0.180152 0.205364 0.185672 0.157888 0.187602 0.191228 0.191706 0.172478 0.183044 0.154498 0.17575 0.184713 0.227867 0.184496 0.174361
0.0642049 0.0641879 0.0691138 0.0951026 0.0800594 0.0535076 0.0642957 0.0572234 0.0655751 0.086608 0.0771883 0.0962097 0.0804022 0.058349 0.0809754 0.0840134 0.0841479 0.0666179 0.0769007 0.0588663 0.0685478 0.0797214 0.113458 0.0800725 0.0681587
0.166913 0.166298 0.176306 0.203428 0.184474 0.14877 0.1671 0.15596 0.169681 0.194836 0.180154 0.205366 0.185673 0.15789 0.187604 0.19123 0.191708 0.17248 0.183046 0.1545 0.175752 0.184714 0.227869 0.184497 0.174363
0.0642037 0.0641868 0.0691126 0.0951012 0.0800581 0.0535066 0.0642946 0.0572224 0.0655739 0.0866067 0.0771871 0.0962084 0.0804009 0.0583479 0.0809741 0.0840121 0.0841466 0.0666167 0.0768994 0.0588653 0.0685466 0.0797201 0.113457 0.0800712 0.0681574
0.166914 0.166299 0.176308 0.20343 0.184475 0.148772 0.167102 0.155962 0.169682 0.194837 0.180155 0.205367 0.185675 0.157891 0.187605 0.191232 0.19171 0.172482 0.183047 0.154501 0.175753 0.184716 0.22787 0.184499 0.174364
0.0642027 0.0641858 0.0691115 0.0951001 0.0800571 0.0535057 0.0642936 0.0572215 0.0655729 0.0866055 0.0771861 0.0962072 0.0803998 0.058347 0.080973 0.084011 0.0841454 0.0666156 0.0768983 0.0588644 0.0685455 0.0797191 0.113456 0.0800702 0.0681564
0.166916 0.1663 0.176309 0.203431 0.184476 0.148773 0.167103 0.155963 0.169684 0.194838 0.180157 0.205368 0.185676 0.157893 0.187607 0.191233 0.191711 0.172483 0.183049 0.154503 0.175755 0.184717 0.227872 0.1845 0.174365
0.0642019 0.064185 0.0691106 0.0950991 0.0800561 0.053505 0.0642928 0.0572207 0.0655721 0.0866046 0.0771852 0.0962062 0.0803989 0.0583462 0.080972 0.08401 0.0841445 0.0666148 0.0768974 0.0588637 0.0685446 0.0797182 0.113454 0.0800692 0.0681555
0.166917 0.166301 0.17631 0.203432 0.184477 0.148774 0.167104 0.155964 0.169685 0.194839 0.180158 0.205369 0.185677 0.157894 0.187608 0.191234 0.191712 0.172484 0.18305 0.154504 0.175756 0.184718 0.227873 0.184501 0.174367
0.0642012 0.0641843 0.0691099 0.0950982 0.0800554 0.0535043 0.064292 0.05722 0.0655713 0.0866038 0.0771845 0.0962053 0.0803981 0.0583455 0.0809712 0.0840092 0.0841436 0.066614 0.0768966 0.058863 0.0685438 0.0797174 0.113454 0.0800685 0.0681548
0.166918 0.166302 0.176311 0.203433 0.184478 0.148775 0.167105 0.155965 0.169686 0.19484 0.180159 0.20537 0.185678 0.157895 0.187609 0.191235 0.191713 0.172485 0.183051 0.154505 0.175757 0.184719 0.227874 0.184502 0.174367
0.0642005 0.0641837 0.0691092 0.0950975 0.0800547 0.0535038 0.0642914 0.0572195 0.0655707 0.0866031 0.0771838 0.0962046 0.0803975 0.0583449 0.0809705 0.0840085 0.0841429 0.0666134 0.0768959 0.0588624 0.0685432 0.0797167 0.113453 0.0800678 0.0681541
0.166919 0.166303 0.176312 0.203434 0.184479 0.148776 0.167106 0.155966 0.169686 0.194841 0.18016 0.205371 0.185679 0.157896 0.187609 0.191236 0.191714 0.172486 0.183051 0.154505 0.175757 0.18472 0.227874 0.184503 0.174368
0.0642 0.0641831 0.0691086 0.0950969 0.0800541 0.0535033 0.0642909 0.057219 0.0655702 0.0866024 0.0771833 0.096204 0.0803969 0.0583444 0.0809699 0.0840079 0.0841423 0.0666128 0.0768953 0.058862 0.0685426 0.0797161 0.113452 0.0800672 0.0681535
0.166919 0.166304 0.176313 0.203435 0.18448 0.148777 0.167107 0.155966 0.169687 0.194842 0.18016 0.205372 0.18568 0.157896 0.18761 0.191236 0.191714 0.172486 0.183052 0.154506 0.175758 0.184721 0.227875 0.184504 0.174369
0.0641996 0.0641827 0.0691082 0.0950963 0.0800536 0.053503 0.0642904 0.0572186 0.0655697 0.0866019 0.0771828 0.0962034 0.0803964 0.058344 0.0809694 0.0840073 0.0841418 0.0666123 0.0768948 0.0588616 0.0685421 0.0797156 0.113451 0.0800667 0.0681531
0.16692 0.166305 0.176313 0.203435 0.18448 0.148777 0.167107 0.155967 0.169688 0.194842 0.180161 0.205372 0.18568 0.157897 0.187611 0.191237 0.191715 0.172487 0.183053 0.154507 0.175759 0.184721 0.227875 0.184504 0.17437
0.0641992 0.0641823 0.0691077 0.0950959 0.0800532 0.0535026 0.06429 0.0572182 0.0655693 0.0866015 0.0771824 0.096203 0.080396 0.0583437 0.080969 0.0840069 0.0841413 0.0666119 0.0768944 0.0588612 0.0685417 0.0797152 0.113451 0.0800663 0.0681527
0.16692 0.166305 0.176314 0.203436 0.184481 0.148778 0.167108 0.155968 0.169688 0.194843 0.180161 0.205373 0.185681 0.157897 0.187611 0.191237 0.191715 0.172488 0.183053 0.154507 0.175759 0.184722 0.227876 0.184505 0.17437
0.0641988 0.064182 0.0691074 0.0950955 0.0800528 0.0535023 0.0642897 0.0572179 0.065569 0.0866011 0.077182 0.0962026 0.0803956 0.0583433 0.0809686 0.0840065 0.084141 0.0666116 0.076894 0.0588609 0.0685414 0.0797149 0.11345 0.0800659 0.0681523
0.166921 0.166305 0.176314 0.203436 0.184481 0.148778 0.167108 0.155968 0.169689 0.194843 0.180162 0.205373 0.185681 0.157898 0.187612 0.191238 0.191716 0.172488 0.183054 0.154507 0.17576 0.184722 0.227876 0.184505 0.17437
0.0641985 0.0641817 0.0691071 0.0950952 0.0800525 0.0535021 0.0642894 0.0572177 0.0655687 0.0866008 0.0771817 0.0962022 0.0803953 0.0583431 0.0809683 0.0840062 0.0841406 0.0666113 0.0768937 0.0588606 0.0685411 0.0797146 0.11345 0.0800656 0.068152
0.166921 0.166306 0.176315 0.203437 0.184482 0.148778 0.167109 0.155968 0.169689 0.194844 0.180162 0.205374 0.185682 0.157898 0.187612 0.191238 0.191716 0.172488 0.183054 0.154508 0.17576 0.184722 0.227877 0.184506 0.174371
0.0641983 0.0641815 0.0691068 0.0950949 0.0800522 0.0535019 0.0642892 0.0572174 0.0655685 0.0866005 0.0771815 0.0962019 0.080395 0.0583429 0.080968 0.0840059 0.0841403 0.066611 0.0768934 0.0588604 0.0685408 0.0797143 0.11345 0.0800653 0.0681517
0.166921 0.166306 0.176315 0.203437 0.184482 0.148779 0.167109 0.155969 0.169689 0.194844 0.180163 0.205374 0.185682 0.157899 0.187612 0.191238 0.191716 0.172489 0.183054 0.154508 0.17576 0.184723 0.227877 0.184506 0.174371
0.0641981 0.0641812 0.0691066 0.0950946 0.080052 0.0535017 0.064289 0.0572172 0.0655682 0.0866002 0.0771813 0.0962017 0.0803948 0.0583427 0.0809677 0.0840057 0.0841401 0.0666108 0.0768932 0.0588602 0.0685406 0.0797141 0.113449 0.0800651 0.0681515
0.166922 0.166306 0.176315 0.203437 0.184482 0.148779 0.167109 0.155969 0.16969 0.194844 0.180163 0.205374 0.185682 0.157899 0.187612 0.191239 0.191717 0.172489 0.183055 0.154508 0.175761 0.184723 0.227877 0.184506 0.174371
0.0641979 0.0641811 0.0691064 0.0950944 0.0800518 0.0535015 0.0642888 0.0572171 0.0655681 0.0866 0.0771811 0.0962015 0.0803946 0.0583425 0.0809675 0.0840055 0.0841399 0.0666106 0.076893 0.0588601 0.0685404 0.0797139 0.113449 0.0800649 0.0681513
0.166922 0.166307 0.176315 0.203437 0.184483 0.148779 0.167109 0.155969 0.16969 0.194845 0.180163 0.205375 0.185682 0.157899 0.187613 0.191239 0.191717 0.172489 0.183055 0.154509 0.175761 0.184723 0.227878 0.184506 0.174372
0.0641978 0.0641809 0.0691062 0.0950942 0.0800516 0.0535014 0.0642886 0.0572169 0.0655679 0.0865999 0.0771809 0.0962013 0.0803944 0.0583423 0.0809674 0.0840053 0.0841397 0.0666105 0.0768928 0.0588599 0.0685402 0.0797137 0.113449 0.0800647 0.0681512
0.166922 0.166307 0.176316 0.203438 0.184483 0.148779 0.16711 0.155969 0.16969 0.194845 0.180163 0.205375 0.185683 0.157899 0.187613 0.191239 0.191717 0.172489 0.183055 0.154509 0.175761 0.184723 0.227878 0.184507 0.174372
0.0641976 0.0641808 0.0691061 0.0950941 0.0800515 0.0535013 0.0642885 0.0572168 0.0655678 0.0865997 0.0771808 0.0962011 0.0803943 0.0583422 0.0809672 0.0840051 0.0841396 0.0666103 0.0768926 0.0588598 0.0685401 0.0797136 0.113449 0.0800646 0.068151
0.166922 0.166307 0.176316 0.203438 0.184483 0.14878 0.16711 0.15597 0.16969 0.194845 0.180163 0.205375 0.185683 0.157899 0.187613 0.191239 0.191717 0.17249 0.183055 0.154509 0.175761 0.184724 0.227878 0.184507 0.174372
0.0641975 0.0641807 0.069106 0.0950939 0.0800514 0.0535012 0.0642884 0.0572167 0.0655677 0.0865996 0.0771807 0.096201 0.0803942 0.0583421 0.0809671 0.084005 0.0841394 0.0666102 0.0768925 0.0588597 0.0685399 0.0797134 0.113449 0.0800645 0.0681509
0.166922 0.166307 0.176316 0.203438 0.184483 0.14878 0.16711 0.15597 0.16969 0.194845 0.180164 0.205375 0.185683 0.1579 0.187613 0.191239 0.191717 0.17249 0.183055 0.154509 0.175761 0.184724 0.227878 0.184507 0.174372
0.0641974 0.0641806 0.0691059 0.0950938 0.0800513 0.0535011 0.0642883 0.0572166 0.0655676 0.0865995 0.0771806 0.0962009 0.0803941 0.058342 0.080967 0.0840049 0.0841393 0.0666101 0.0768924 0.0588596 0.0685398 0.0797133 0.113449 0.0800644 0.0681508
0.166923 0.166307 0.176316 0.203438 0.184483 0.14878 0.16711 0.15597 0.169691 0.194845 0.180164 0.205375 0.185683 0.1579 0.187613 0.19124 0.191717 0.17249 0.183055 0.154509 0.175762 0.184724 0.227878 0.184507 0.174372
0.0641973 0.0641805 0.0691058 0.0950937 0.0800512 0.053501 0.0642882 0.0572165 0.0655675 0.0865994 0.0771805 0.0962008 0.080394 0.0583419 0.0809669 0.0840048 0.0841392 0.06661 0.0768923 0.0588596 0.0685398 0.0797132 0.113448 0.0800643 0.0681507
0.166923 0.166307 0.176316 0.203438 0.184483 0.14878 0.16711 0.15597 0.169691 0.194845 0.180164 0.205375 0.185683 0.1579 0.187613 0.19124 0.191718 0.17249 0.183056 0.154509 0.175762 0.184724 0.227878 0.184507 0.174372
0.0641973 0.0641804 0.0691057 0.0950936 0.0800511 0.053501 0.0642881 0.0572165 0.0655674 0.0865993 0.0771804 0.0962007 0.0803939 0.0583419 0.0809668 0.0840047 0.0841391 0.06661 0.0768922 0.0588595 0.0685397 0.0797132 0.113448 0.0800642 0.0681506
0.166923 0.166307 0.176316 0.203438 0.184483 0.14878 0.16711 0.15597 0.169691 0.194845 0.180164 0.205375 0.185683 0.1579 0.187614 0.19124 0.191718 0.17249 0.183056 0.154509 0.175762 0.184724 0.227878 0.184507 0.174373
0.0641972 0.0641804 0.0691056 0.0950936 0.080051 0.0535009 0.0642881 0.0572164 0.0655673 0.0865992 0.0771803 0.0962006 0.0803938 0.0583418 0.0809667 0.0840046 0.0841391 0.0666099 0.0768922 0.0588594 0.0685396 0.0797131 0.113448 0.0800641 0.0681506
0.166923 0.166308 0.176316 0.203438 0.184483 0.14878 0.16711 0.15597 0.169691 0.194846 0.180164 0.205375 0.185683 0.1579 0.187614 0.19124 0.191718 0.17249 0.183056 0.15451 0.175762 0.184724 0.227878 0.184507 0.174373
0.0641971 0.0641803 0.0691056 0.0950935 0.080051 0.0535009 0.064288 0.0572164 0.0655673 0.0865992 0.0771803 0.0962006 0.0803938 0.0583418 0.0809667 0.0840046 0.084139 0.0666098 0.0768921 0.0588594 0.0685396 0.079713 0.113448 0.0800641 0.0681505
0.166923 0.166308 0.176316 0.203438 0.184483 0.14878 0.16711 0.15597 0.169691 0.194846 0.180164 0.205376 0.185683 0.1579 0.187614 0.19124 0.191718 0.17249 0.183056 0.15451 0.175762 0.184724 0.227878 0.184507 0.174373
0.0641971 0.0641803 0.0691055 0.0950934 0.0800509 0.0535008 0.064288 0.0572163 0.0655672 0.0865991 0.0771802 0.0962005 0.0803937 0.0583417 0.0809666 0.0840045 0.084139 0.0666098 0.0768921 0.0588593 0.0685395 0.079713 0.113448 0.080064 0.0681505
0.166923 0.166308 0.176316 0.203438 0.184484 0.14878 0.167111 0.15597 0.169691 0.194846 0.180164 0.205376 0.185684 0.1579 0.187614 0.19124 0.191718 0.17249 0.183056 0.15451 0.175762 0.184724 0.227879 0.184507 0.174373
0.0641971 0.0641802 0.0691055 0.0950934 0.0800509 0.0535008 0.0642879 0.0572163 0.0655672 0.0865991 0.0771802 0.0962005 0.0803937 0.0583417 0.0809666 0.0840045 0.0841389 0.0666097 0.076892 0.0588593 0.0685395 0.0797129 0.113448 0.080064 0.0681504
0.166923 0.166308 0.176316 0.203438 0.184484 0.14878 0.167111 0.15597 0.169691 0.194846 0.180164 0.205376 0.185684 0.1579 0.187614 0.19124 0.191718 0.17249 0.183056 0.15451 0.175762 0.184724 0.227879 0.184507 0.174373
0.064197 0.0641802 0.0691055 0.0950934 0.0800509 0.0535008 0.0642879 0.0572163 0.0655672 0.086599 0.0771802 0.0962004 0.0803936 0.0583417 0.0809665 0.0840044 0.0841389 0.0666097 0.076892 0.0588593 0.0685394 0.0797129 0.113448 0.080064 0.0681504
0.166923 0.166308 0.176317 0.203438 0.184484 0.14878 0.167111 0.15597 0.169691 0.194846 0.180164 0.205376 0.185684 0.1579 0.187614 0.19124 0.191718 0.17249 0.183056 0.15451 0.175762 0.184724 0.227879 0.184508 0.174373
0.064197 0.0641802 0.0691054 0.0950933 0.0800508 0.0535007 0.0642879 0.0572162 0.0655671 0.086599 0.0771801 0.0962004 0.0803936 0.0583416 0.0809665 0.0840044 0.0841388 0.0666097 0.076892 0.0588593 0.0685394 0.0797129 0.113448 0.0800639 0.0681504
0.166923 0.166308 0.176317 0.203438 0.184484 0.14878 0.167111 0.15597 0.169691 0.194846 0.180164 0.205376 0.185684 0.1579 0.187614 0.19124 0.191718 0.17249 0.183056 0.15451 0.175762 0.184724 0.227879 0.184508 0.174373
0.064197 0.0641801 0.0691054 0.0950933 0.0800508 0.0535007 0.0642878 0.0572162 0.0655671 0.086599 0.0771801 0.0962004 0.0803936 0.0583416 0.0809665 0.0840044 0.0841388 0.0666097 0.0768919 0.0588592 0.0685394 0.0797129 0.113448 0.0800639 0.0681503
0.166923 0.166308 0.176317 0.203439 0.184484 0.14878 0.167111 0.15597 0.169691 0.194846 0.180164 0.205376 0.185684 0.1579 0.187614 0.19124 0.191718 0.17249 0.183056 0.15451 0.175762 0.184724 0.227879 0.184508 0.174373
0.064197 0.0641801 0.0691054 0.0950933 0.0800508 0.0535007 0.0642878 0.0572162 0.0655671 0.086599 0.0771801 0.0962003 0.0803936 0.0583416 0.0809665 0.0840044 0.0841388 0.0666096 0.0768919 0.0588592 0.0685394 0.0797128 0.113448 0.0800639 0.0681503
0.166923 0.166308 0.176317 0.203439 0.184484 0.14878 0.167111 0.155971 0.169691 0.194846 0.180164 0.205376 0.185684 0.1579 0.187614 0.19124 0.191718 0.17249 0.183056 0.15451 0.175762 0.184725 0.227879 0.184508 0.174373
0.0641969 0.0641801 0.0691054 0.0950933 0.0800508 0.0535007 0.0642878 0.0572162 0.0655671 0.0865989 0.0771801 0.0962003 0.0803935 0.0583416 0.0809664 0.0840043 0.0841388 0.0666096 0.0768919 0.0588592 0.0685393 0.0797128 0.113448 0.0800639 0.0681503
0.166923 0.166308 0.176317 0.203439 0.184484 0.148781 0.167111 0.155971 0.169691 0.194846 0.180164 0.205376 0.185684 0.1579 0.187614 0.19124 0.191718 0.17249 0.183056 0.15451 0.175762 0.184725 0.227879 0.184508 0.174373
0.0641969 0.0641801 0.0691054 0.0950932 0.0800507 0.0535007 0.0642878 0.0572162 0.0655671 0.0865989 0.0771801 0.0962003 0.0803935 0.0583416 0.0809664 0.0840043 0.0841388 0.0666096 0.0768919 0.0588592 0.0685393 0.0797128 0.113448 0.0800638 0.0681503
0.166923 0.166308 0.176317 0.203439 0.184484 0.148781 0.167111 0.155971 0.169691 0.194846 0.180164 0.205376 0.185684 0.1579 0.187614 0.19124 0.191718 0.17249 0.183056 0.15451 0.175762 0.184725 0.227879 0.184508 0.174373
0.0641969 0.0641801 0.0691053 0.0950932 0.0800507 0.0535007 0.0642878 0.0572162 0.0655671 0.0865989 0.07718 0.0962003 0.0803935 0.0583416 0.0809664 0.0840043 0.0841387 0.0666096 0.0768919 0.0588592 0.0685393 0.0797128 0.113448 0.0800638 0.0681503
0.166923 0.166308 0.176317 0.203439 0.184484 0.148781 0.167111 0.155971 0.169691 0.194846 0.180164 0.205376 0.185684 0.1579 0.187614 0.19124 0.191718 0.172491 0.183056 0.15451 0.175762 0.184725 0.227879 0.184508 0.174373
0.0641969 0.0641801 0.0691053 0.0950932 0.0800507 0.0535006 0.0642878 0.0572162 0.065567 0.0865989 0.07718 0.0962003 0.0803935 0.0583415 0.0809664 0.0840043 0.0841387 0.0666096 0.0768918 0.0588592 0.0685393 0.0797128 0.113448 0.0800638 0.0681503
0.166923 0.166308 0.176317 0.203439 0.184484 0.148781 0.167111 0.155971 0.169691 0.194846 0.180164 0.205376 0.185684 0.1579 0.187614 0.19124 0.191718 0.172491 0.183056 0.15451 0.175762 0.184725 0.227879 0.184508 0.174373
0.0641969 0.0641801 0.0691053 0.0950932 0.0800507 0.0535006 0.0642878 0.0572161 0.065567 0.0865989 0.07718 0.0962003 0.0803935 0.0583415 0.0809664 0.0840043 0.0841387 0.0666096 0.0768918 0.0588592 0.0685393 0.0797128 0.113448 0.0800638 0.0681503
0.166923 0.166308 0.176317 0.203439 0.184484 0.148781 0.167111 0.155971 0.169691 0.194846 0.180164 0.205376 0.185684 0.1579 0.187614 0.19124 0.191718 0.172491 0.183056 0.15451 0.175762 0.184725 0.227879 0.184508 0.174373
0.0641969 0.0641801 0.0691053 0.0950932 0.0800507 0.0535006 0.0642877 0.0572161 0.065567 0.0865989 0.07718 0.0962002 0.0803935 0.0583415 0.0809664 0.0840043 0.0841387 0.0666096 0.0768918 0.0588591 0.0685393 0.0797128 0.113448 0.0800638 0.0681502
0.166923 0.166308 0.176317 0.203439 0.184484 0.148781 0.167111 0.155971 0.169691 0.194846 0.180164 0.205376 0.185684 0.1579 0.187614 0.19124 0.191718 0.172491 0.183056 0.15451 0.175762 0.184725 0.227879 0.184508 0.174373
0.0641969 0.06418 0.0691053 0.0950932 0.0800507 0.0535006 0.0642877 0.0572161 0.065567 0.0865989 0.07718 0.0962002 0.0803935 0.0583415 0.0809664 0.0840043 0.0841387 0.0666096 0.0768918 0.0588591 0.0685393 0.0797127 0.113448 0.0800638 0.0681502
0.166923 0.166308 0.176317 0.203439 0.184484 0.148781 0.167111 0.155971 0.169691 0.194846 0.180164 0.205376 0.185684 0.1579 0.187614 0.19124 0.191718 0.172491 0.183056 0.15451 0.175762 0.184725 0.227879 0.184508 0.174373
0.0641969 0.06418 0.0691053 0.0950932 0.0800507 0.0535006 0.0642877 0.0572161 0.065567 0.0865989 0.07718 0.0962002 0.0803935 0.0583415 0.0809664 0.0840043 0.0841387 0.0666095 0.0768918 0.0588591 0.0685393 0.0797127 0.113448 0.0800638 0.0681502
0.166923 0.166308 0.176317 0.203439 0.184484 0.148781 0.167111 0.155971 0.169691 0.194846 0.180164 0.205376 0.185684 0.1579 0.187614 0.19124 0.191718 0.172491 0.183056 0.15451 0.175762 0.184725 0.227879 0.184508 0.174373
0.0641969 0.06418 0.0691053 0.0950932 0.0800507 0.0535006 0.0642877 0.0572161 0.065567 0.0865988 0.07718 0.0962002 0.0803935 0.0583415 0.0809664 0.0840043 0.0841387 0.0666095 0.0768918 0.0588591 0.0685393 0.0797127 0.113448 0.0800638 0.0681502
0.166923 0.166308 0.176317 0.203439 0.184484 0.148781 0.167111 0.155971 0.169691 0.194846 0.180164 0.205376 0.185684 0.1579 0.187614 0.19124 0.191718 0.172491 0.183056 0.15451 0.175762 0.184725 0.227879 0.184508 0.174373
0.0641969 0.06418 0.0691053 0.0950932 0.0800507 0.0535006 0.0642877 0.0572161 0.065567 0.0865988 0.07718 0.0962002 0.0803935 0.0583415 0.0809663 0.0840043 0.0841387 0.0666095 0.0768918 0.0588591 0.0685393 0.0797127 0.113448 0.0800638 0.0681502
0.166923 0.166308 0.176317 0.203439 0.184484 0.148781 0.167111 0.155971 0.169691 0.194846 0.180164 0.205376 0.185684 0.1579 0.187614 0.19124 0.191718 0.172491 0.183056 0.15451 0.175762 0.184725 0.227879 0.184508 0.174373
0.0641969 0.06418 0.0691053 0.0950932 0.0800507 0.0535006 0.0642877 0.0572161 0.065567 0.0865988 0.07718 0.0962002 0.0803934 0.0583415 0.0809663 0.0840042 0.0841387 0.0666095 0.0768918 0.0588591 0.0685392 0.0797127 0.113448 0.0800638 0.0681502
0.166923 0.166308 0.176317 0.203439 0.184484 0.148781 0.167111 0.155971 0.169691 0.194846 0.180164 0.205376 0.185684 0.1579 0.187614 0.19124 0.191718 0.172491 0.183056 0.15451 0.175762 0.184725 0.227879 0.184508 0.174373
0.0641969 0.06418 0.0691053 0.0950932 0.0800507 0.0535006 0.0642877 0.0572161 0.065567 0.0865988 0.07718 0.0962002 0.0803934 0.0583415 0.0809663 0.0840042 0.0841387 0.0666095 0.0768918 0.0588591 0.0685392 0.0797127 0.113448 0.0800638 0.0681502
0.166923 0.166308 0.176317 0.203439 0.184484 0.148781 0.167111 0.155971 0.169691 0.194846 0.180164 0.205376 0.185684 0.157901 0.187614 0.19124 0.191718 0.172491 0.183056 0.15451 0.175762 0.184725 0.227879 0.184508 0.174373
0.0641969 0.06418 0.0691053 0.0950932 0.0800507 0.0535006 0.0642877 0.0572161 0.065567 0.0865988 0.07718 0.0962002 0.0803934 0.0583415 0.0809663 0.0840042 0.0841387 0.0666095 0.0768918 0.0588591 0.0685392 0.0797127 0.113448 0.0800638 0.0681502
0.166923 0.166308 0.176317 0.203439 0.184484 0.148781 0.167111 0.155971 0.169691 0.194846 0.180164 0.205376 0.185684 0.157901 0.187614 0.19124 0.191718 0.172491 0.183056 0.15451 0.175762 0.184725 0.227879 0.184508 0.174373
0.0641969 0.06418 0.0691053 0.0950931 0.0800507 0.0535006 0.0642877 0.0572161 0.065567 0.0865988 0.07718 0.0962002 0.0803934 0.0583415 0.0809663 0.0840042 0.0841387 0.0666095 0.0768918 0.0588591 0.0685392 0.0797127 0.113448 0.0800638 0.0681502
0.166923 0.166308 0.176317 0.203439 0.184484 0.148781 0.167111 0.155971 0.169691 0.194846 0.180164 0.205376 0.185684 0.157901 0.187614 0.19124 0.191718 0.172491 0.183056 0.15451 0.175762 0.184725 0.227879 0.184508 0.174373
0.0641968 0.06418 0.0691053 0.0950931 0.0800507 0.0535006 0.0642877 0.0572161 0.065567 0.0865988 0.07718 0.0962002 0.0803934 0.0583415 0.0809663 0.0840042 0.0841387 0.0666095 0.0768918 0.0588591 0.0685392 0.0797127 0.113448 0.0800638 0.0681502
0.166923 0.166308 0.176317 0.203439 0.184484 0.148781 0.167111 0.155971 0.169691 0.194846 0.180164 0.205376 0.185684 0.157901 0.187614 0.19124 0.191718 0.172491 0.183056 0.15451 0.175762 0.184725 0.227879 0.184508 0.174373
0.0641968 0.06418 0.0691053 0.0950931 0.0800507 0.0535006 0.0642877 0.0572161 0.065567 0.0865988 0.07718 0.0962002 0.0803934 0.0583415 0.0809663 0.0840042 0.0841387 0.0666095 0.0768918 0.0588591 0.0685392 0.0797127 0.113448 0.0800638 0.0681502
0.166923 0.166308 0.176317 0.203439 0.184484 0.148781 0.167111 0.155971 0.169691 0.194846 0.180164 0.205376 0.185684 0.157901 0.187614 0.19124 0.191718 0.172491 0.183056 0.15451 0.175762 0.184725 0.227879 0.184508 0.174373
0.0641968 0.06418 0.0691053 0.0950931 0.0800507 0.0535006 0.0642877 0.0572161 0.065567 0.0865988 0.07718 0.0962002 0.0803934 0.0583415 0.0809663 0.0840042 0.0841387 0.0666095 0.0768918 0.0588591 0.0685392 0.0797127 0.113448 0.0800638 0.0681502
0.166923 0.166308 0.176317 0.203439 0.184484 0.148781 0.167111 0.155971 0.169691 0.194846 0.180164 0.205376 0.185684 0.157901 0.187614 0.19124 0.191718 0.172491 0.183056 0.15451 0.175762 0.184725 0.227879 0.184508 0.174373
0.0641968 0.06418 0.0691053 0.0950931 0.0800507 0.0535006 0.0642877 0.0572161 0.065567 0.0865988 0.07718 0.0962002 0.0803934 0.0583415 0.0809663 0.0840042 0.0841387 0.0666095 0.0768918 0.0588591 0.0685392 0.0797127 0.113448 0.0800638 0.0681502
0.166923 0.166308 0.176317 0.203439 0.184484 0.148781 0.167111 0.155971 0.169691 0.194846 0.180164 0.205376 0.185684 0.157901 0.187614 0.19124 0.191718 0.172491 0.183056 0.15451 0.175762 0.184725 0.227879 0.184508 0.174373
0.0641968 0.06418 0.0691053 0.0950931 0.0800507 0.0535006 0.0642877 0.0572161 0.065567 0.0865988 0.07718 0.0962002 0.0803934 0.0583415 0.0809663 0.0840042 0.0841387 0.0666095 0.0768918 0.0588591 0.0685392 0.0797127 0.113448 0.0800637 0.0681502
0.166923 0.166308 0.176317 0.203439 0.184484 0.148781 0.167111 0.155971 0.169691 0.194846 0.180164 0.205376 0.185684 0.157901 0.187614 0.19124 0.191718 0.172491 0.183056 0.15451 0.175762 0.184725 0.227879 0.184508 0.174373
0.0641968 0.06418 0.0691053 0.0950931 0.0800506 0.0535006 0.0642877 0.0572161 0.065567 0.0865988 0.07718 0.0962002 0.0803934 0.0583415 0.0809663 0.0840042 0.0841387 0.0666095 0.0768918 0.0588591 0.0685392 0.0797127 0.113448 0.0800637 0.0681502
0.166923 0.166308 0.176317 0.203439 0.184484 0.148781 0.167111 0.155971 0.169691 0.194846 0.180164 0.205376 0.185684 0.157901 0.187614 0.19124 0.191718 0.172491 0.183056 0.15451 0.175762 0.184725 0.227879 0.184508 0.174373
0.0641968 0.06418 0.0691053 0.0950931 0.0800506 0.0535006 0.0642877 0.0572161 0.065567 0.0865988 0.07718 0.0962002 0.0803934 0.0583415 0.0809663 0.0840042 0.0841387 0.0666095 0.0768918 0.0588591 0.0685392 0.0797127 0.113448 0.0800637 0.0681502
0.166923 0.166308 0.176317 0.203439 0.184484 0.148781 0.167111 0.155971 0.169691 0.194846 0.180164 0.205376 0.185684 0.157901 0.187614 0.19124 0.191718 0.172491 0.183056 0.15451 0.175762 0.184725 0.227879 0.184508 0.174373
0.0641968 0.06418 0.0691053 0.0950931 0.0800506 0.0535006 0.0642877 0.0572161 0.065567 0.0865988 0.07718 0.0962002 0.0803934 0.0583415 0.0809663 0.0840042 0.0841387 0.0666095 0.0768918 0.0588591 0.0685392 0.0797127 0.113448 0.0800637 0.0681502
0.166923 0.166308 0.176317 0.203439 0.184484 0.148781 0.167111 0.155971 0.169691 0.194846 0.180164 0.205376 0.185684 0.157901 0.187614 0.19124 0.191718 0.172491 0.183056 0.15451 0.175762 0.184725 0.227879 0.184508 0.174373
0.0641968 0.06418 0.0691053 0.0950931 0.0800506 0.0535006 0.0642877 0.0572161 0.065567 0.0865988 0.07718 0.0962002 0.0803934 0.0583415 0.0809663 0.0840042 0.0841387 0.0666095 0.0768918 0.0588591 0.0685392 0.0797127 0.113448 0.0800637 0.0681502
0.166923 0.166308 0.176317 0.203439 0.184484 0.148781 0.167111 0.155971 0.169691 0.194846 0.180164 0.205376 0.185684 0.157901 0.187614 0.19124 0.191718 0.172491 0.183056 0.15451 0.175762 0.184725 0.227879 0.184508 0.174373
0.0641968 0.06418 0.0691053 0.0950931 0.0800506 0.0535006 0.0642877 0.0572161 0.065567 0.0865988 0.07718 0.0962002 0.0803934 0.0583415 0.0809663 0.0840042 0.0841387 0.0666095 0.0768918 0.0588591 0.0685392 0.0797127 0.113448 0.0800637 0.0681502
0.166923 0.166308 0.176317 0.203439 0.184484 0.148781 0.167111 0.155971 0.169691 0.194846 0.180164 0.205376 0.185684 0.157901 0.187614 0.19124 0.191718 0.172491 0.183056 0.15451 0.175762 0.184725 0.227879 0.184508 0.174373
0.0641968 0.06418 0.0691053 0.0950931 0.0800506 0.0535006 0.0642877 0.0572161 0.065567 0.0865988 0.07718 0.0962002 0.0803934 0.0583415 0.0809663 0.0840042 0.0841387 0.0666095 0.0768918 0.0588591 0.0685392 0.0797127 0.113448 0.0800637 0.0681502
0.166923 0.166308 0.176317 0.203439 0.184484 0.148781 0.167111 0.155971 0.169691 0.194846 0.180164 0.205376 0.185684 0.157901 0.187614 0.19124 0.191718 0.172491 0.183056 0.15451 0.175762 0.184725 0.227879 0.184508 0.174373
0.0641968 0.06418 0.0691053 0.0950931 0.0800506 0.0535006 0.0642877 0.0572161 0.065567 0.0865988 0.07718 0.0962002 0.0803934 0.0583415 0.0809663 0.0840042 0.0841387 0.0666095 0.0768918 0.0588591 0.0685392 0.0797127 0.113448 0.0800637 0.0681502
0.166923 0.166308 0.176317 0.203439 0.184484 0.148781 0.167111 0.155971 0.169691 0.194846 0.180164 0.205376 0.185684 0.157901 0.187614 0.19124 0.191718 0.172491 0.183056 0.15451 0.175762 0.184725 0.227879 0.184508 0.174373
0.0641968 0.06418 0.0691053 0.0950931 0.0800506 0.0535006 0.0642877 0.0572161 0.065567 0.0865988 0.07718 0.0962002 0.0803934 0.0583415 0.0809663 0.0840042 0.0841387 0.0666095 0.0768918 0.0588591 0.0685392 0.0797127 0.113448 0.0800637 0.0681502
0.166923 0.166308 0.176317 0.203439 0.184484 0.148781 0.167111 0.155971 0.169691 0.194846 0.180164 0.205376 0.185684 0.157901 0.187614 0.19124 0.191718 0.172491 0.183056 0.15451 0.175762 0.184725 0.227879 0.184508 0.174373
0.0641968 0.06418 0.0691053 0.0950931 0.0800506 0.0535006 0.0642877 0.0572161 0.065567 0.0865988 0.07718 0.0962002 0.0803934 0.0583415 0.0809663 0.0840042 0.0841387 0.0666095 0.0768918 0.0588591 0.0685392 0.0797127 0.113448 0.0800637 0.0681502
0.166923 0.166308 0.176317 0.203439 0.184484 0.148781 0.167111 0.155971 0.169691 0.194846 0.180164 0.205376 0.185684 0.157901 0.187614 0.19124 0.191718 0.172491 0.183056 0.15451 0.175762 0.184725 0.227879 0.184508 0.174373
0.0641968 0.06418 0.0691053 0.0950931 0.0800506 0.0535006 0.0642877 0.0572161 0.065567 0.0865988 0.07718 0.0962002 0.0803934 0.0583415 0.0809663 0.0840042 0.0841387 0.0666095 0.0768918 0.0588591 0.0685392 0.0797127 0.113448 0.0800637 0.0681502
0.166923 0.166308 0.176317 0.203439 0.184484 0.148781 0.167111 0.155971 0.169691 0.194846 0.180164 0.205376 0.185684 0.157901 0.187614 0.19124 0.191718 0.172491 0.183056 0.15451 0.175762 0.184725 0.227879 0.184508 0.174373
0.0641968 0.06418 0.0691053 0.0950931 0.0800506 0.0535006 0.0642877 0.0572161 0.065567 0.0865988 0.07718 0.0962002 0.0803934 0.0583415 0.0809663 0.0840042 0.0841387 0.0666095 0.0768918 0.0588591 0.0685392 0.0797127 0.113448 0.0800637 0.0681502
0.166923 0.166308 0.176317 0.203439 0.184484 0.148781 0.167111 0.155971 0.169691 0.194846 0.180164 0.205376 0.185684 0.157901 0.187614 0.19124 0.191718 0.172491 0.183056 0.15451 0.175762 0.184725 0.227879 0.184508 0.174373
0.0641968 0.06418 0.0691053 0.0950931 0.0800506 0.0535006 0.0642877 0.0572161 0.065567 0.0865988 0.07718 0.0962002 0.0803934 0.0583415 0.0809663 0.0840042 0.0841387 0.0666095 0.0768918 0.0588591 0.0685392 0.0797127 0.113448 0.0800637 0.0681502
0.166923 0.166308 0.176317 0.203439 0.184484 0.148781 0.167111 0.155971 0.169691 0.194846 0.180164 0.205376 0.185684 0.157901 0.187614 0.19124 0.191718 0.172491 0.183056 0.15451 0.175762 0.184725 0.227879 0.184508 0.174373
0.0641968 0.06418 0.0691053 0.0950931 0.0800506 0.0535006 0.0642877 0.0572161 0.065567 0.0865988 0.07718 0.0962002 0.0803934 0.0583415 0.0809663 0.0840042 0.0841387 0.0666095 0.0768918 0.0588591 0.0685392 0.0797127 0.113448 0.0800637 0.0681502
0.166923 0.166308 0.176317 0.203439 0.184484 0.148781 0.167111 0.155971 0.169691 0.194846 0.180164 0.205376 0.185684 0.157901 0.187614 0.19124 0.191718 0.172491 0.183056 0.15451 0.175762 0.184725 0.227879 0.184508 0.174373
0.0641968 0.06418 0.0691053 0.0950931 0.0800506 0.0535006 0.0642877 0.0572161 0.065567 0.0865988 0.07718 0.0962002 0.0803934 0.0583415 0.0809663 0.0840042 0.0841387 0.0666095 0.0768918 0.0588591 0.0685392 0.0797127 0.113448 0.0800637 0.0681502
0.166923 0.166308 0.176317 0.203439 0.184484 0.148781 0.167111 0.155971 0.169691 0.194846 0.180164 0.205376 0.185684 0.157901 0.187614 0.19124 0.191718 0.172491 0.183056 0.15451 0.175762 0.184725 0.227879 0.184508 0.174373
0.0641968 0.06418 0.0691053 0.0950931 0.0800506 0.0535006 0.0642877 0.0572161 0.065567 0.0865988 0.07718 0.0962002 0.0803934 0.0583415 0.0809663 0.0840042 0.0841387 0.0666095 0.0768918 0.0588591 0.0685392 0.0797127 0.113448 0.0800637 0.0681502
0.166923 0.166308 0.176317 0.203439 0.184484 0.148781 0.167111 0.155971 0.169691 0.194846 0.180164 0.205376 0.185684 0.157901 0.187614 0.19124 0.191718 0.172491 0.183056 0.15451 0.175762 0.184725 0.227879 0.184508 0.174373
0.0641968 0.06418 0.0691053 0.0950931 0.0800506 0.0535006 0.0642877 0.0572161 0.065567 0.0865988 0.07718 0.0962002 0.0803934 0.0583415 0.0809663 0.0840042 0.0841387 0.0666095 0.0768918 0.0588591 0.0685392 0.0797127 0.113448 0.0800637 0.0681502
0.166923 0.166308 0.176317 0.203439 0.184484 0.148781 0.167111 0.155971 0.169691 0.194846 0.180164 0.205376 0.185684 0.157901 0.187614 0.19124 0.191718 0.172491 0.183056 0.15451 0.175762 0.184725 0.227879 0.184508 0.174373
0.0641968 0.06418 0.0691053 0.0950931 0.0800506 0.0535006 0.0642877 0.0572161 0.065567 0.0865988 0.07718 0.0962002 0.0803934 0.0583415 0.0809663 0.0840042 0.0841387 0.0666095 0.0768918 0.0588591 0.0685392 0.0797127 0.113448 0.0800637 0.0681502
0.166923 0.166308 0.176317 0.203439 0.184484 0.148781 0.167111 0.155971 0.169691 0.194846 0.180164 0.205376 0.185684 0.157901 0.187614 0.19124 0.191718 0.172491 0.183056 0.15451 0.175762 0.184725 0.227879 0.184508 0.174373
0.0641968 0.06418 0.0691053 0.0950931 0.0800506 0.0535006 0.0642877 0.0572161 0.065567 0.0865988 0.07718 0.0962002 0.0803934 0.0583415 0.0809663 0.0840042 0.0841387 0.0666095 0.0768918 0.0588591 0.0685392 0.0797127 0.113448 0.0800637 0.0681502
0.166923 0.166308 0.176317 0.203439 0.184484 0.148781 0.167111 0.155971 0.169691 0.194846 0.180164 0.205376 0.185684 0.157901 0.187614 0.19124 0.191718 0.172491 0.183056 0.15451 0.175762 0.184725 0.227879 0.184508 0.174373
0.0641968 0.06418 0.0691053 0.0950931 0.0800506 0.0535006 0.0642877 0.0572161 0.065567 0.0865988 0.07718 0.0962002 0.0803934 0.0583415 0.0809663 0.0840042 0.0841387 0.0666095 0.0768918 0.0588591 0.0685392 0.0797127 0.113448 0.0800637 0.0681502
0.166923 0.166308 0.176317 0.203439 0.184484 0.148781 0.167111 0.155971 0.169691 0.194846 0.180164 0.205376 0.185684 0.157901 0.187614 0.19124 0.191718 0.172491 0.183056 0.15451 0.175762 0.184725 0.227879 0.184508 0.174373
0.0641968 0.06418 0.0691053 0.0950931 0.0800506 0.0535006 0.0642877 0.0572161 0.065567 0.0865988 0.07718 0.0962002 0.0803934 0.0583415 0.0809663 0.0840042 0.0841387 0.0666095 0.0768918 0.0588591 0.0685392 0.0797127 0.113448 0.0800637 0.0681502
0.166923 0.166308 0.176317 0.203439 0.184484 0.148781 0.167111 0.155971 0.169691 0.194846 0.180164 0.205376 0.185684 0.157901 0.187614 0.19124 0.191718 0.172491 0.183056 0.15451 0.175762 0.184725 0.227879 0.184508 0.174373
0.0641968 0.06418 0.0691053 0.0950931 0.0800506 0.0535006 0.0642877 0.0572161 0.065567 0.0865988 0.07718 0.0962002 0.0803934 0.0583415 0.0809663 0.0840042 0.0841387 0.0666095 0.0768918 0.0588591 0.0685392 0.0797127 0.113448 0.0800637 0.0681502
0.166923 0.166308 0.176317 0.203439 0.184484 0.148781 0.167111 0.155971 0.169691 0.194846 0.180164 0.205376 0.185684 0.157901 0.187614 0.19124 0.191718 0.172491 0.183056 0.15451 0.175762 0.184725 0.227879 0.184508 0.174373
0.0641968 0.06418 0.0691053 0.0950931 0.0800506 0.0535006 0.0642877 0.0572161 0.065567 0.0865988 0.07718 0.0962002 0.0803934 0.0583415 0.0809663 0.0840042 0.0841387 0.0666095 0.0768918 0.0588591 0.0685392 0.0797127 0.113448 0.0800637 0.0681502
0.166923 0.166308 0.176317 0.203439 0.184484 0.148781 0.167111 0.155971 0.169691 0.194846 0.180164 0.205376 0.185684 0.157901 0.187614 0.19124 0.191718 0.172491 0.183056 0.15451 0.175762 0.184725 0.227879 0.184508 0.174373
0.0641968 0.06418 0.0691053 0.0950931 0.0800506 0.0535006 0.0642877 0.0572161 0.065567 0.0865988 0.07718 0.0962002 0.0803934 0.0583415 0.0809663 0.0840042 0.0841387 0.0666095 0.0768918 0.0588591 0.0685392 0.0797127 0.113448 0.0800637 0.0681502
0.166923 0.166308 0.176317 0.203439 0.184484 0.148781 0.167111 0.155971 0.169691 0.194846 0.180164 0.205376 0.185684 0.157901 0.187614 0.19124 0.191718 0.172491 0.183056 0.15451 0.175762 0.184725 0.227879 0.184508 0.174373
0.0641968 0.06418 0.0691053 0.0950931 0.0800506 0.0535006 0.0642877 0.0572161 0.065567 0.0865988 0.07718 0.0962002 0.0803934 0.0583415 0.0809663 0.0840042 0.0841387 0.0666095 0.0768918 0.0588591 0.0685392 0.0797127 0.113448 0.0800637 0.0681502
0.166923 0.166308 0.176317 0.203439 0.184484 0.148781 0.167111 0.155971 0.169691 0.194846 0.180164 0.205376 0.185684 0.157901 0.187614 0.19124 0.191718 0.172491 0.183056 0.15451 0.175762 0.184725 0.227879 0.184508 0.174373
0.0641968 0.06418 0.0691053 0.0950931 0.0800506 0.0535006 0.0642877 0.0572161 0.065567 0.0865988 0.07718 0.0962002 0.0803934 0.0583415 0.0809663 0.0840042 0.0841387 0.0666095 0.0768918 0.0588591 0.0685392 0.0797127 0.113448 0.0800637 0.0681502
0.166923 0.166308 0.176317 0.203439 0.184484 0.148781 0.167111 0.155971 0.169691 0.194846 0.180164 0.205376 0.185684 0.157901 0.187614 0.19124 0.191718 0.172491 0.183056 0.15451 0.175762 0.184725 0.227879 0.184508 0.174373
0.0641968 0.06418 0.0691053 0.0950931 0.0800506 0.0535006 0.0642877 0.0572161 0.065567 0.0865988 0.07718 0.0962002 0.0803934 0.0583415 0.0809663 0.0840042 0.0841387 0.0666095 0.0768918 0.0588591 0.0685392 0.0797127 0.113448 0.0800637 0.0681502
0.166923 0.166308 0.176317 0.203439 0.184484 0.148781 0.167111 0.155971 0.169691 0.194846 0.180164 0.205376 0.185684 0.157901 0.187614 0.19124 0.191718 0.172491 0.183056 0.15451 0.175762 0.184725 0.227879 0.184508 0.174373
0.0641968 0.06418 0.0691053 0.0950931 0.0800506 0.0535006 0.0642877 0.0572161 0.065567 0.0865988 0.07718 0.0962002 0.0803934 0.0583415 0.0809663 0.0840042 0.0841387 0.0666095 0.0768918 0.0588591 0.0685392 0.0797127 0.113448 0.0800637 0.0681502
0.166923 0.166308 0.176317 0.203439 0.184484 0.148781 0.167111 0.155971 0.169691 0.194846 0.180164 0.205376 0.185684 0.157901 0.187614 0.19124 0.191718 0.172491 0.183056 0.15451 0.175762 0.184725 0.227879 0.184508 0.174373
0.0641968 0.06418 0.0691053 0.0950931 0.0800506 0.0535006 0.0642877 0.0572161 0.065567 0.0865988 0.07718 0.0962002 0.0803934 0.0583415 0.0809663 0.0840042 0.0841387 0.0666095 0.0768918 0.0588591 0.0685392 0.0797127 0.113448 0.0800637 0.0681502
0.166923 0.166308 0.176317 0.203439 0.184484 0.148781 0.167111 0.155971 0.169691 0.194846 0.180164 0.205376 0.185684 0.157901 0.187614 0.19124 0.191718 0.172491 0.183056 0.15451 0.175762 0.184725 0.227879 0.184508 0.174373
0.0641968 0.06418 0.0691053 0.0950931 0.0800506 0.0535006 0.0642877 0.0572161 0.065567 0.0865988 0.07718 0.0962002 0.0803934 0.0583415 0.0809663 0.0840042 0.0841387 0.0666095 0.0768918 0.0588591 0.0685392 0.0797127 0.113448 0.0800637 0.0681502
0.166923 0.166308 0.176317 0.203439 0.184484 0.148781 0.167111 0.155971 0.169691 0.194846 0.180164 0.205376 0.185684 0.157901 0.187614 0.19124 0.191718 0.172491 0.183056 0.15451 0.175762 0.184725 0.227879 0.184508 0.174373
0.0641968 0.06418 0.0691053 0.0950931 0.0800506 0.0535006 0.0642877 0.0572161 0.065567 0.0865988 0.07718 0.0962002 0.0803934 0.0583415 0.0809663 0.0840042 0.0841387 0.0666095 0.0768918 0.0588591 0.0685392 0.0797127 0.113448 0.0800637 0.0681502
0.166923 0.166308 0.176317 0.203439 0.184484 0.148781 0.167111 0.155971 0.169691 0.194846 0.180164 0.205376 0.185684 0.157901 0.187614 0.19124 0.191718 0.172491 0.183056 0.15451 0.175762 0.184725 0.227879 0.184508 0.174373
0.0641968 0.06418 0.0691053 0.0950931 0.0800506 0.0535006 0.0642877 0.0572161 0.065567 0.0865988 0.07718 0.0962002 0.0803934 0.0583415 0.0809663 0.0840042 0.0841387 0.0666095 0.0768918 0.0588591 0.0685392 0.0797127 0.113448 0.0800637 0.0681502
0.166923 0.166308 0.176317 0.203439 0.184484 0.148781 0.167111 0.155971 0.169691 0.194846 0.180164 0.205376 0.185684 0.157901 0.187614 0.19124 0.191718 0.172491 0.183056 0.15451 0.175762 0.184725 0.227879 0.184508 0.174373
0.0641968 0.06418 0.0691053 0.0950931 0.0800506 0.0535006 0.0642877 0.0572161 0.065567 0.0865988 0.07718 0.0962002 0.0803934 0.0583415 0.0809663 0.0840042 0.0841387 0.0666095 0.0768918 0.0588591 0.0685392 0.0797127 0.113448 0.0800637 0.0681502
0.166923 0.166308 0.176317 0.203439 0.184484 0.148781 0.167111 0.155971 0.169691 0.194846 0.180164 0.205376 0.185684 0.157901 0.187614 0.19124 0.191718 0.172491 0.183056 0.15451 0.175762 0.184725 0.227879 0.184508 0.174373
0.0641968 0.06418 0.0691053 0.0950931 0.0800506 0.0535006 0.0642877 0.0572161 0.065567 0.0865988 0.07718 0.0962002 0.0803934 0.0583415 0.0809663 0.0840042 0.0841387 0.0666095 0.0768918 0.0588591 0.0685392 0.0797127 0.113448 0.0800637 0.0681502
0.166923 0.166308 0.176317 0.203439 0.184484 0.148781 0.167111 0.155971 0.169691 0.194846 0.180164 0.205376 0.185684 0.157901 0.187614 0.19124 0.191718 0.172491 0.183056 0.15451 0.175762 0.184725 0.227879 0.184508 0.174373
0.0641968 0.06418 0.0691053 0.0950931 0.0800506 0.0535006 0.0642877 0.0572161 0.065567 0.0865988 0.07718 0.0962002 0.0803934 0.0583415 0.0809663 0.0840042 0.0841387 0.0666095 0.0768918 0.0588591 0.0685392 0.0797127 0.113448 0.0800637 0.0681502
0.166923 0.166308 0.176317 0.203439 0.184484 0.148781 0.167111 0.155971 0.169691 0.194846 0.180164 0.205376 0.185684 0.157901 0.187614 0.19124 0.191718 0.172491 0.183056 0.15451 0.175762 0.184725 0.227879 0.184508 0.174373
0.0641968 0.06418 0.0691053 0.0950931 0.0800506 0.0535006 0.0642877 0.0572161 0.065567 0.0865988 0.07718 0.0962002 0.0803934 0.0583415 0.0809663 0.0840042 0.0841387 0.0666095 0.0768918 0.0588591 0.0685392 0.0797127 0.113448 0.0800637 0.0681502
0.166923 0.166308 0.176317 0.203439 0.184484 0.148781 0.167111 0.155971 0.169691 0.194846 0.180164 0.205376 0.185684 0.157901 0.187614 0.19124 0.191718 0.172491 0.183056 0.15451 0.175762 0.184725 0.227879 0.184508 0.174373
0.0641968 0.06418 0.0691053 0.0950931 0.0800506 0.0535006 0.0642877 0.0572161 0.065567 0.0865988 0.07718 0.0962002 0.0803934 0.0583415 0.0809663 0.0840042 0.0841387 0.0666095 0.0768918 0.0588591 0.0685392 0.0797127 0.113448 0.0800637 0.0681502
0.166923 0.166308 0.176317 0.203439 0.184484 0.148781 0.167111 0.155971 0.169691 0.194846 0.180164 0.205376 0.185684 0.157901 0.187614 0.19124 0.191718 0.172491 0.183056 0.15451 0.175762 0.184725 0.227879 0.184508 0.174373
0.0641968 0.06418 0.0691053 0.0950931 0.0800506 0.0535006 0.0642877 0.0572161 0.065567 0.0865988 0.07718 0.0962002 0.0803934 0.0583415 0.0809663 0.0840042 0.0841387 0.0666095 0.0768918 0.0588591 0.0685392 0.0797127 0.113448 0.0800637 0.0681502
0.166923 0.166308 0.176317 0.203439 0.184484 0.148781 0.167111 0.155971 0.169691 0.194846 0.180164 0.205376 0.185684 0.157901 0.187614 0.19124 0.191718 0.172491 0.183056 0.15451 0.175762 0.184725 0.227879 0.184508 0.174373
0.0641968 0.06418 0.0691053 0.0950931 0.0800506 0.0535006 0.0642877 0.0572161 0.065567 0.0865988 0.07718 0.0962002 0.0803934 0.0583415 0.0809663 0.0840042 0.0841387 0.0666095 0.0768918 0.0588591 0.0685392 0.0797127 0.113448 0.0800637 0.0681502
0.166923 0.166308 0.176317 0.203439 0.184484 0.148781 0.167111 0.155971 0.169691 0.194846 0.180164 0.205376 0.185684 0.157901 0.187614 0.19124 0.191718 0.172491 0.183056 0.15451 0.175762 0.184725 0.227879 0.184508 0.174373
0.0641968 0.06418 0.0691053 0.0950931 0.0800506 0.0535006 0.0642877 0.0572161 0.065567 0.0865988 0.07718 0.0962002 0.0803934 0.0583415 0.0809663 0.0840042 0.0841387 0.0666095 0.0768918 0.0588591 0.0685392 0.0797127 0.113448 0.0800637 0.0681502
0.166923 0.166308 0.176317 0.203439 0.184484 0.148781 0.167111 0.155971 0.169691 0.194846 0.180164 0.205376 0.185684 0.157901 0.187614 0.19124 0.191718 0.172491 0.183056 0.15451 0.175762 0.184725 0.227879 0.184508 0.174373
0.0641968 0.06418 0.0691053 0.0950931 0.0800506 0.0535006 0.0642877 0.0572161 0.065567 0.0865988 0.07718 0.0962002 0.0803934 0.0583415 0.0809663 0.0840042 0.0841387 0.0666095 0.0768918 0.0588591 0.0685392 0.0797127 0.113448 0.0800637 0.0681502
0.166923 0.166308 0.176317 0.203439 0.184484 0.148781 0.167111 0.155971 0.169691 0.194846 0.180164 0.205376 0.185684 0.157901 0.187614 0.19124 0.191718 0.172491 0.183056 0.15451 0.175762 0.184725 0.227879 0.184508 0.174373
0.0641968 0.06418 0.0691053 0.0950931 0.0800506 0.0535006 0.0642877 0.0572161 0.065567 0.0865988 0.07718 0.0962002 0.0803934 0.0583415 0.0809663 0.0840042 0.0841387 0.0666095 0.0768918 0.0588591 0.0685392 0.0797127 0.113448 0.0800637 0.0681502
0.166923 0.166308 0.176317 0.203439 0.184484 0.148781 0.167111 0.155971 0.169691 0.194846 0.180164 0.205376 0.185684 0.157901 0.187614 0.19124 0.191718 0.172491 0.183056 0.15451 0.175762 0.184725 0.227879 0.184508 0.174373
0.0641968 0.06418 0.0691053 0.0950931 0.0800506 0.0535006 0.0642877 0.0572161 0.065567 0.0865988 0.07718 0.0962002 0.0803934 0.0583415 0.0809663 0.0840042 0.0841387 0.0666095 0.0768918 0.0588591 0.0685392 0.0797127 0.113448 0.0800637 0.0681502
0.166923 0.166308 0.176317 0.203439 0.184484 0.148781 0.167111 0.155971 0.169691 0.194846 0.180164 0.205376 0.185684 0.157901 0.187614 0.19124 0.191718 0.172491 0.183056 0.15451 0.175762 0.184725 0.227879 0.184508 0.174373
0.0641968 0.06418 0.0691053 0.0950931 0.0800506 0.0535006 0.0642877 0.0572161 0.065567 0.0865988 0.07718 0.0962002 0.0803934 0.0583415 0.0809663 0.0840042 0.0841387 0.0666095 0.0768918 0.0588591 0.0685392 0.0797127 0.113448 0.0800637 0.0681502
0.166923 0.166308 0.176317 0.203439 0.184484 0.148781 0.167111 0.155971 0.169691 0.194846 0.180164 0.205376 0.185684 0.157901 0.187614 0.19124 0.191718 0.172491 0.183056 0.15451 0.175762 0.184725 0.227879 0.184508 0.174373
0.0641968 0.06418 0.0691053 0.0950931 0.0800506 0.0535006 0.0642877 0.0572161 0.065567 0.0865988 0.07718 0.0962002 0.0803934 0.0583415 0.0809663 0.0840042 0.0841387 0.0666095 0.0768918 0.0588591 0.0685392 0.0797127 0.113448 0.0800637 0.0681502
0.166923 0.166308 0.176317 0.203439 0.184484 0.148781 0.167111 0.155971 0.169691 0.194846 0.180164 0.205376 0.185684 0.157901 0.187614 0.19124 0.191718 0.172491 0.183056 0.15451 0.175762 0.184725 0.227879 0.184508 0.174373
0.0641968 0.06418 0.0691053 0.0950931 0.0800506 0.0535006 0.0642877 0.0572161 0.065567 0.0865988 0.07718 0.0962002 0.0803934 0.0583415 0.0809663 0.0840042 0.0841387 0.0666095 0.0768918 0.0588591 0.0685392 0.0797127 0.113448 0.0800637 0.0681502
0.166923 0.166308 0.176317 0.203439 0.184484 0.148781 0.167111 0.155971 0.169691 0.194846 0.180164 0.205376 0.185684 0.157901 0.187614 0.19124 0.191718 0.172491 0.183056 0.15451 0.175762 0.184725 0.227879 0.184508 0.174373
0.0641968 0.06418 0.0691053 0.0950931 0.0800506 0.0535006 0.0642877 0.0572161 0.065567 0.0865988 0.07718 0.0962002 0.0803934 0.0583415 0.0809663 0.0840042 0.0841387 0.0666095 0.0768918 0.0588591 0.0685392 0.0797127 0.113448 0.0800637 0.0681502
0.166923 0.166308 0.176317 0.203439 0.184484 0.148781 0.167111 0.155971 0.169691 0.194846 0.180164 0.205376 0.185684 0.157901 0.187614 0.19124 0.191718 0.172491 0.183056 0.15451 0.175762 0.184725 0.227879 0.184508 0.174373
0.0641968 0.06418 0.0691053 0.0950931 0.0800506 0.0535006 0.0642877 0.0572161 0.065567 0.0865988 0.07718 0.0962002 0.0803934 0.0583415 0.0809663 0.0840042 0.0841387 0.0666095 0.0768918 0.0588591 0.0685392 0.0797127 0.113448 0.0800637 0.0681502
0.166923 0.166308 0.176317 0.203439 0.184484 0.148781 0.167111 0.155971 0.169691 0.194846 0.180164 0.205376 0.185684 0.157901 0.187614 0.19124 0.191718 0.172491 0.183056 0.15451 0.175762 0.184725 0.227879 0.184508 0.174373
0.0641968 0.06418 0.0691053 0.0950931 0.0800506 0.0535006 0.0642877 0.0572161 0.065567 0.0865988 0.07718 0.0962002 0.0803934 0.0583415 0.0809663 0.0840042 0.0841387 0.0666095 0.0768918 0.0588591 0.0685392 0.0797127 0.113448 0.0800637 0.0681502
0.166923 0.166308 0.176317 0.203439 0.184484 0.148781 0.167111 0.155971 0.169691 0.194846 0.180164 0.205376 0.185684 0.157901 0.187614 0.19124 0.191718 0.172491 0.183056 0.15451 0.175762 0.184725 0.227879 0.184508 0.174373
0.0641968 0.06418 0.0691053 0.0950931 0.0800506 0.0535006 0.0642877 0.0572161 0.065567 0.0865988 0.07718 0.0962002 0.0803934 0.0583415 0.0809663 0.0840042 0.0841387 0.0666095 0.0768918 0.0588591 0.0685392 0.0797127 0.113448 0.0800637 0.0681502
0.166923 0.166308 0.176317 0.203439 0.184484 0.148781 0.167111 0.155971 0.169691 0.194846 0.180164 0.205376 0.185684 0.157901 0.187614 0.19124 0.191718 0.172491 0.183056 0.15451 0.175762 0.184725 0.227879 0.184508 0.174373
0.0641968 0.06418 0.0691053 0.0950931 0.0800506 0.0535006 0.0642877 0.0572161 0.065567 0.0865988 0.07718 0.0962002 0.0803934 0.0583415 0.0809663 0.0840042 0.0841387 0.0666095 0.0768918 0.0588591 0.0685392 0.0797127 0.113448 0.0800637 0.0681502
0.166923 0.166308 0.176317 0.203439 0.184484 0.148781 0.167111 0.155971 0.169691 0.194846 0.180164 0.205376 0.185684 0.157901 0.187614 0.19124 0.191718 0.172491 0.183056 0.15451 0.175762 0.184725 0.227879 0.184508 0.174373
0.0641968 0.06418 0.0691053 0.0950931 0.0800506 0.0535006 0.0642877 0.0572161 0.065567 0.0865988 0.07718 0.0962002 0.0803934 0.0583415 0.0809663 0.0840042 0.0841387 0.0666095 0.0768918 0.0588591 0.0685392 0.0797127 0.113448 0.0800637 0.0681502
0.166923 0.166308 0.176317 0.203439 0.184484 0.148781 0.167111 0.155971 0.169691 0.194846 0.180164 0.205376 0.185684 0.157901 0.187614 0.19124 0.191718 0.172491 0.183056 0.15451 0.175762 0.184725 0.227879 0.184508 0.174373
0.0641968 0.06418 0.0691053 0.0950931 0.0800506 0.0535006 0.0642877 0.0572161 0.065567 0.0865988 0.07718 0.0962002 0.0803934 0.0583415 0.0809663 0.0840042 0.0841387 0.0666095 0.0768918 0.0588591 0.0685392 0.0797127 0.113448 0.0800637 0.0681502
0.166923 0.166308 0.176317 0.203439 0.184484 0.148781 0.167111 0.155971 0.169691 0.194846 0.180164 0.205376 0.185684 0.157901 0.187614 0.19124 0.191718 0.172491 0.183056 0.15451 0.175762 0.184725 0.227879 0.184508 0.174373
0.0641968 0.06418 0.0691053 0.0950931 0.0800506 0.0535006 0.0642877 0.0572161 0.065567 0.0865988 0.07718 0.0962002 0.0803934 0.0583415 0.0809663 0.0840042 0.0841387 0.0666095 0.0768918 0.0588591 0.0685392 0.0797127 0.113448 0.0800637 0.0681502
0.166923 0.166308 0.176317 0.203439 0.184484 0.148781 0.167111 0.155971 0.169691 0.194846 0.180164 0.205376 0.185684 0.157901 0.187614 0.19124 0.191718 0.172491 0.183056 0.15451 0.175762 0.184725 0.227879 0.184508 0.174373
0.0641968 0.06418 0.0691053 0.0950931 0.0800506 0.0535006 0.0642877 0.0572161 0.065567 0.0865988 0.07718 0.0962002 0.0803934 0.0583415 0.0809663 0.0840042 0.0841387 0.0666095 0.0768918 0.0588591 0.0685392 0.0797127 0.113448 0.0800637 0.0681502
0.166923 0.166308 0.176317 0.203439 0.184484 0.148781 0.167111 0.155971 0.169691 0.194846 0.180164 0.205376 0.185684 0.157901 0.187614 0.19124 0.191718 0.172491 0.183056 0.15451 0.175762 0.184725 0.227879 0.184508 0.174373
0.0641968 0.06418 0.0691053 0.0950931 0.0800506 0.0535006 0.0642877 0.0572161 0.065567 0.0865988 0.07718 0.0962002 0.0803934 0.0583415 0.0809663 0.0840042 0.0841387 0.0666095 0.0768918 0.0588591 0.0685392 0.0797127 0.113448 0.0800637 0.0681502
0.166923 0.166308 0.176317 0.203439 0.184484 0.148781 0.167111 0.155971 0.169691 0.194846 0.180164 0.205376 0.185684 0.157901 0.187614 0.19124 0.191718 0.172491 0.183056 0.15451 0.175762 0.184725 0.227879 0.184508 0.174373
0.0641968 0.06418 0.0691053 0.0950931 0.0800506 0.0535006 0.0642877 0.0572161 0.065567 0.0865988 0.07718 0.0962002 0.0803934 0.0583415 0.0809663 0.0840042 0.0841387 0.0666095 0.0768918 0.0588591 0.0685392 0.0797127 0.113448 0.0800637 0.0681502
0.166923 0.166308 0.176317 0.203439 0.184484 0.148781 0.167111 0.155971 0.169691 0.194846 0.180164 0.205376 0.185684 0.157901 0.187614 0.19124 0.191718 0.172491 0.183056 0.15451 0.175762 0.184725 0.227879 0.184508 0.174373
0.0641968 0.06418 0.0691053 0.0950931 0.0800506 0.0535006 0.0642877 0.0572161 0.065567 0.0865988 0.07718 0.0962002 0.0803934 0.0583415 0.0809663 0.0840042 0.0841387 0.0666095 0.0768918 0.0588591 0.0685392 0.0797127 0.113448 0.0800637 0.0681502
0.166923 0.166308 0.176317 0.203439 0.184484 0.148781 0.167111 0.155971 0.169691 0.194846 0.180164 0.205376 0.185684 0.157901 0.187614 0.19124 0.191718 0.172491 0.183056 0.15451 0.175762 0.184725 0.227879 0.184508 0.174373
0.0641968 0.06418 0.0691053 0.0950931 0.0800506 0.0535006 0.0642877 0.0572161 0.065567 0.0865988 0.07718 0.0962002 0.0803934 0.0583415 0.0809663 0.0840042 0.0841387 0.0666095 0.0768918 0.0588591 0.0685392 0.0797127 0.113448 0.0800637 0.0681502
0.166923 0.166308 0.176317 0.203439 0.184484 0.148781 0.167111 0.155971 0.169691 0.194846 0.180164 0.205376 0.185684 0.157901 0.187614 0.19124 0.191718 0.172491 0.183056 0.15451 0.175762 0.184725 0.227879 0.184508 0.174373
0.0641968 0.06418 0.0691053 0.0950931 0.0800506 0.0535006 0.0642877 0.0572161 0.065567 0.0865988 0.07718 0.0962002 0.0803934 0.0583415 0.0809663 0.0840042 0.0841387 0.0666095 0.0768918 0.0588591 0.0685392 0.0797127 0.113448 0.0800637 0.0681502
0.166923 0.166308 0.176317 0.203439 0.184484 0.148781 0.167111 0.155971 0.169691 0.194846 0.180164 0.205376 0.185684 0.157901 0.187614 0.19124 0.191718 0.172491 0.183056 0.15451 0.175762 0.184725 0.227879 0.184508 0.174373
0.0641968 0.06418 0.0691053 0.0950931 0.0800506 0.0535006 0.0642877 0.0572161 0.065567 0.0865988 0.07718 0.0962002 0.0803934 0.0583415 0.0809663 0.0840042 0.0841387 0.0666095 0.0768918 0.0588591 0.0685392 0.0797127 0.113448 0.0800637 0.0681502
0.166923 0.166308 0.176317 0.203439 0.184484 0.148781 0.167111 0.155971 0.169691 0.194846 0.180164 0.205376 0.185684 0.157901 0.187614 0.19124 0.191718 0.172491 0.183056 0.15451 0.175762 0.184725 0.227879 0.184508 0.174373
0.0641968 0.06418 0.0691053 0.0950931 0.0800506 0.0535006 0.0642877 0.0572161 0.065567 0.0865988 0.07718 0.0962002 0.0803934 0.0583415 0.0809663 0.0840042 0.0841387 0.0666095 0.0768918 0.0588591 0.0685392 0.0797127 0.113448 0.0800637 0.0681502
0.166923 0.166308 0.176317 0.203439 0.184484 0.148781 0.167111 0.155971 0.169691 0.194846 0.180164 0.205376 0.185684 0.157901 0.187614 0.19124 0.191718 0.172491 0.183056 0.15451 0.175762 0.184725 0.227879 0.184508 0.174373
0.0641968 0.06418 0.0691053 0.0950931 0.0800506 0.0535006 0.0642877 0.0572161 0.065567 0.0865988 0.07718 0.0962002 0.0803934 0.0583415 0.0809663 0.0840042 0.0841387 0.0666095 0.0768918 0.0588591 0.0685392 0.0797127 0.113448 0.0800637 0.0681502
0.166923 0.166308 0.176317 0.203439 0.184484 0.148781 0.167111 0.155971 0.169691 0.194846 0.180164 0.205376 0.185684 0.157901 0.187614 0.19124 0.191718 0.172491 0.183056 0.15451 0.175762 0.184725 0.227879 0.184508 0.174373
0.0641968 0.06418 0.0691053 0.0950931 0.0800506 0.0535006 0.0642877 0.0572161 0.065567 0.0865988 0.07718 0.0962002 0.0803934 0.0583415 0.0809663 0.0840042 0.0841387 0.0666095 0.0768918 0.0588591 0.0685392 0.0797127 0.113448 0.0800637 0.0681502
0.166923 0.166308 0.176317 0.203439 0.184484 0.148781 0.167111 0.155971 0.169691 0.194846 0.180164 0.205376 0.185684 0.157901 0.187614 0.19124 0.191718 0.172491 0.183056 0.15451 0.175762 0.184725 0.227879 0.184508 0.174373
0.0641968 0.06418 0.0691053 0.0950931 0.0800506 0.0535006 0.0642877 0.0572161 0.065567 0.0865988 0.07718 0.0962002 0.0803934 0.0583415 0.0809663 0.0840042 0.0841387 0.0666095 0.0768918 0.0588591 0.0685392 0.0797127 0.113448 0.0800637 0.0681502
0.166923 0.166308 0.176317 0.203439 0.184484 0.148781 0.167111 0.155971 0.169691 0.194846 0.180164 0.205376 0.185684 0.157901 0.187614 0.19124 0.191718 0.172491 0.183056 0.15451 0.175762 0.184725 0.227879 0.184508 0.174373
0.0641968 0.06418 0.0691053 0.0950931 0.0800506 0.0535006 0.0642877 0.0572161 0.065567 0.0865988 0.07718 0.0962002 0.0803934 0.0583415 0.0809663 0.0840042 0.0841387 0.0666095 0.0768918 0.0588591 0.0685392 0.0797127 0.113448 0.0800637 0.0681502
0.166923 0.166308 0.176317 0.203439 0.184484 0.148781 0.167111 0.155971 0.169691 0.194846 0.180164 0.205376 0.185684 0.157901 0.187614 0.19124 0.191718 0.172491 0.183056 0.15451 0.175762 0.184725 0.227879 0.184508 0.174373
0.0641968 0.06418 0.0691053 0.0950931 0.0800506 0.0535006 0.0642877 0.0572161 0.065567 0.0865988 0.07718 0.0962002 0.0803934 0.0583415 0.0809663 0.0840042 0.0841387 0.0666095 0.0768918 0.0588591 0.0685392 0.0797127 0.113448 0.0800637 0.0681502
0.166923 0.166308 0.176317 0.203439 0.184484 0.148781 0.167111 0.155971 0.169691 0.194846 0.180164 0.205376 0.185684 0.157901 0.187614 0.19124 0.191718 0.172491 0.183056 0.15451 0.175762 0.184725 0.227879 0.184508 0.174373
0.0641968 0.06418 0.0691053 0.0950931 0.0800506 0.0535006 0.0642877 0.0572161 0.065567 0.0865988 0.07718 0.0962002 0.0803934 0.0583415 0.0809663 0.0840042 0.0841387 0.0666095 0.0768918 0.0588591 0.0685392 0.0797127 0.113448 0.0800637 0.0681502
0.166923 0.166308 0.176317 0.203439 0.184484 0.148781 0.167111 0.155971 0.169691 0.194846 0.180164 0.205376 0.185684 0.157901 0.187614 0.19124 0.191718 0.172491 0.183056 0.15451 0.175762 0.184725 0.227879 0.184508 0.174373
0.0641968 0.06418 0.0691053 0.0950931 0.0800506 0.0535006 0.0642877 0.0572161 0.065567 0.0865988 0.07718 0.0962002 0.0803934 0.0583415 0.0809663 0.0840042 0.0841387 0.0666095 0.0768918 0.0588591 0.0685392 0.0797127 0.113448 0.0800637 0.0681502
0.166923 0.166308 0.176317 0.203439 0.184484 0.148781 0.167111 0.155971 0.169691 0.194846 0.180164 0.205376 0.185684 0.157901 0.187614 0.19124 0.191718 0.172491 0.183056 0.15451 0.175762 0.184725 0.227879 0.184508 0.174373
0.0641968 0.06418 0.0691053 0.0950931 0.0800506 0.0535006 0.0642877 0.0572161 0.065567 0.0865988 0.07718 0.0962002 0.0803934 0.0583415 0.0809663 0.0840042 0.0841387 0.0666095 0.0768918 0.0588591 0.0685392 0.0797127 0.113448 0.0800637 0.0681502
0.166923 0.166308 0.176317 0.203439 0.184484 0.148781 0.167111 0.155971 0.169691 0.194846 0.180164 0.205376 0.185684 0.157901 0.187614 0.19124 0.191718 0.172491 0.183056 0.15451 0.175762 0.184725 0.227879 0.184508 0.174373
0.0641968 0.06418 0.0691053 0.0950931 0.0800506 0.0535006 0.0642877 0.0572161 0.065567 0.0865988 0.07718 0.0962002 0.0803934 0.0583415 0.0809663 0.0840042 0.0841387 0.0666095 0.0768918 0.0588591 0.0685392 0.0797127 0.113448 0.0800637 0.0681502
0.166923 0.166308 0.176317 0.203439 0.184484 0.148781 0.167111 0.155971 0.169691 0.194846 0.180164 0.205376 0.185684 0.157901 0.187614 0.19124 0.191718 0.172491 0.183056 0.15451 0.175762 0.184725 0.227879 0.184508 0.174373
0.0641968 0.06418 0.0691053 0.0950931 0.0800506 0.0535006 0.0642877 0.0572161 0.065567 0.0865988 0.07718 0.0962002 0.0803934 0.0583415 0.0809663 0.0840042 0.0841387 0.0666095 0.0768918 0.0588591 0.0685392 0.0797127 0.113448 0.0800637 0.0681502
0.166923 0.166308 0.176317 0.203439 0.184484 0.148781 0.167111 0.155971 0.169691 0.194846 0.180164 0.205376 0.185684 0.157901 0.187614 0.19124 0.191718 0.172491 0.183056 0.15451 0.175762 0.184725 0.227879 0.184508 0.174373
0.0641968 0.06418 0.0691053 0.0950931 0.0800506 0.0535006 0.0642877 0.0572161 0.065567 0.0865988 0.07718 0.0962002 0.0803934 0.0583415 0.0809663 0.0840042 0.0841387 0.0666095 0.0768918 0.0588591 0.0685392 0.0797127 0.113448 0.0800637 0.0681502
0.166923 0.166308 0.176317 0.203439 0.184484 0.148781 0.167111 0.155971 0.169691 0.194846 0.180164 0.205376 0.185684 0.157901 0.187614 0.19124 0.191718 0.172491 0.183056 0.15451 0.175762 0.184725 0.227879 0.184508 0.174373
0.0641968 0.06418 0.0691053 0.0950931 0.0800506 0.0535006 0.0642877 0.0572161 0.065567 0.0865988 0.07718 0.0962002 0.0803934 0.0583415 0.0809663 0.0840042 0.0841387 0.0666095 0.0768918 0.0588591 0.0685392 0.0797127 0.113448 0.0800637 0.0681502
0.166923 0.166308 0.176317 0.203439 0.184484 0.148781 0.167111 0.155971 0.169691 0.194846 0.180164 0.205376 0.185684 0.157901 0.187614 0.19124 0.191718 0.172491 0.183056 0.15451 0.175762 0.184725 0.227879 0.184508 0.174373
0.0641968 0.06418 0.0691053 0.0950931 0.0800506 0.0535006 0.0642877 0.0572161 0.065567 0.0865988 0.07718 0.0962002 0.0803934 0.0583415 0.0809663 0.0840042 0.0841387 0.0666095 0.0768918 0.0588591 0.0685392 0.0797127 0.113448 0.0800637 0.0681502
0.166923 0.166308 0.176317 0.203439 0.184484 0.148781 0.167111 0.155971 0.169691 0.194846 0.180164 0.205376 0.185684 0.157901 0.187614 0.19124 0.191718 0.172491 0.183056 0.15451 0.175762 0.184725 0.227879 0.184508 0.174373
0.0641968 0.06418 0.0691053 0.0950931 0.0800506 0.0535006 0.0642877 0.0572161 0.065567 0.0865988 0.07718 0.0962002 0.0803934 0.0583415 0.0809663 0.0840042 0.0841387 0.0666095 0.0768918 0.0588591 0.0685392 0.0797127 0.113448 0.0800637 0.0681502
0.166923 0.166308 0.176317 0.203439 0.184484 0.148781 0.167111 0.155971 0.169691 0.194846 0.180164 0.205376 0.185684 0.157901 0.187614 0.19124 0.191718 0.172491 0.183056 0.15451 0.175762 0.184725 0.227879 0.184508 0.174373
0.0641968 0.06418 0.0691053 0.0950931 0.0800506 0.0535006 0.0642877 0.0572161 0.065567 0.0865988 0.07718 0.0962002 0.0803934 0.0583415 0.0809663 0.0840042 0.0841387 0.0666095 0.0768918 0.0588591 0.0685392 0.0797127 0.113448 0.0800637 0.0681502
0.166923 0.166308 0.176317 0.203439 0.184484 0.148781 0.167111 0.155971 0.169691 0.194846 0.180164 0.205376 0.185684 0.157901 0.187614 0.19124 0.191718 0.172491 0.183056 0.15451 0.175762 0.184725 0.227879 0.184508 0.174373
0.0641968 0.06418 0.0691053 0.0950931 0.0800506 0.0535006 0.0642877 0.0572161 0.065567 0.0865988 0.07718 0.0962002 0.0803934 0.0583415 0.0809663 0.0840042 0.0841387 0.0666095 0.0768918 0.0588591 0.0685392 0.0797127 0.113448 0.0800637 0.0681502
0.166923 0.166308 0.176317 0.203439 0.184484 0.148781 0.167111 0.155971 0.169691 0.194846 0.180164 0.205376 0.185684 0.157901 0.187614 0.19124 0.191718 0.172491 0.183056 0.15451 0.175762 0.184725 0.227879 0.184508 0.174373
0.0641968 0.06418 0.0691053 0.0950931 0.0800506 0.0535006 0.0642877 0.0572161 0.065567 0.0865988 0.07718 0.0962002 0.0803934 0.0583415 0.0809663 0.0840042 0.0841387 0.0666095 0.0768918 0.0588591 0.0685392 0.0797127 0.113448 0.0800637 0.0681502
0.166923 0.166308 0.176317 0.203439 0.184484 0.148781 0.167111 0.155971 0.169691 0.194846 0.180164 0.205376 0.185684 0.157901 0.187614 0.19124 0.191718 0.172491 0.183056 0.15451 0.175762 0.184725 0.227879 0.184508 0.174373
0.0641968 0.06418 0.0691053 0.0950931 0.0800506 0.0535006 0.0642877 0.0572161 0.065567 0.0865988 0.07718 0.0962002 0.0803934 0.0583415 0.0809663 0.0840042 0.0841387 0.0666095 0.0768918 0.0588591 0.0685392 0.0797127 0.113448 0.0800637 0.0681502
0.166923 0.166308 0.176317 0.203439 0.184484 0.148781 0.167111 0.155971 0.169691 0.194846 0.180164 0.205376 0.185684 0.157901 0.187614 0.19124 0.191718 0.172491 0.183056 0.15451 0.175762 0.184725 0.227879 0.184508 0.174373
0.0641968 0.06418 0.0691053 0.0950931 0.0800506 0.0535006 0.0642877 0.0572161 0.065567 0.0865988 0.07718 0.0962002 0.0803934 0.0583415 0.0809663 0.0840042 0.0841387 0.0666095 0.0768918 0.0588591 0.0685392 0.0797127 0.113448 0.0800637 0.0681502
0.166923 0.166308 0.176317 0.203439 0.184484 0.148781 0.167111 0.155971 0.169691 0.194846 0.180164 0.205376 0.185684 0.157901 0.187614 0.19124 0.191718 0.172491 0.183056 0.15451 0.175762 0.184725 0.227879 0.184508 0.174373
0.0641968 0.06418 0.0691053 0.0950931 0.0800506 0.0535006 0.0642877 0.0572161 0.065567 0.0865988 0.07718 0.0962002 0.0803934 0.0583415 0.0809663 0.0840042 0.0841387 0.0666095 0.0768918 0.0588591 0.0685392 0.0797127 0.113448 0.0800637 0.0681502
0.166923 0.166308 0.176317 0.203439 0.184484 0.148781 0.167111 0.155971 0.169691 0.194846 0.180164 0.205376 0.185684 0.157901 0.187614 0.19124 0.191718 0.172491 0.183056 0.15451 0.175762 0.184725 0.227879 0.184508 0.174373
0.0641968 0.06418 0.0691053 0.0950931 0.0800506 0.0535006 0.0642877 0.0572161 0.065567 0.0865988 0.07718 0.0962002 0.0803934 0.0583415 0.0809663 0.0840042 0.0841387 0.0666095 0.0768918 0.0588591 0.0685392 0.0797127 0.113448 0.0800637 0.0681502
0.166923 0.166308 0.176317 0.203439 0.184484 0.148781 0.167111 0.155971 0.169691 0.194846 0.180164 0.205376 0.185684 0.157901 0.187614 0.19124 0.191718 0.172491 0.183056 0.15451 0.175762 0.184725 0.227879 0.184508 0.174373
0.0641968 0.06418 0.0691053 0.0950931 0.0800506 0.0535006 0.0642877 0.0572161 0.065567 0.0865988 0.07718 0.0962002 0.0803934 0.0583415 0.0809663 0.0840042 0.0841387 0.0666095 0.0768918 0.0588591 0.0685392 0.0797127 0.113448 0.0800637 0.0681502
0.166923 0.166308 0.176317 0.203439 0.184484 0.148781 0.167111 0.155971 0.169691 0.194846 0.180164 0.205376 0.185684 0.157901 0.187614 0.19124 0.191718 0.172491 0.183056 0.15451 0.175762 0.184725 0.227879 0.184508 0.174373
0.0641968 0.06418 0.0691053 0.0950931 0.0800506 0.0535006 0.0642877 0.0572161 0.065567 0.0865988 0.07718 0.0962002 0.0803934 0.0583415 0.0809663 0.0840042 0.0841387 0.0666095 0.0768918 0.0588591 0.0685392 0.0797127 0.113448 0.0800637 0.0681502
0.166923 0.166308 0.176317 0.203439 0.184484 0.148781 0.167111 0.155971 0.169691 0.194846 0.180164 0.205376 0.185684 0.157901 0.187614 0.19124 0.191718 0.172491 0.183056 0.15451 0.175762 0.184725 0.227879 0.184508 0.174373
0.0641968 0.06418 0.0691053 0.0950931 0.0800506 0.0535006 0.0642877 0.0572161 0.065567 0.0865988 0.07718 0.0962002 0.0803934 0.0583415 0.0809663 0.0840042 0.0841387 0.0666095 0.0768918 0.0588591 0.0685392 0.0797127 0.113448 0.0800637 0.0681502
0.166923 0.166308 0.176317 0.203439 0.184484 0.148781 0.167111 0.155971 0.169691 0.194846 0.180164 0.205376 0.185684 0.157901 0.187614 0.19124 0.191718 0.172491 0.183056 0.15451 0.175762 0.184725 0.227879 0.184508 0.174373
0.0641968 0.06418 0.0691053 0.0950931 0.0800506 0.0535006 0.0642877 0.0572161 0.065567 0.0865988 0.07718 0.0962002 0.0803934 0.0583415 0.0809663 0.0840042 0.0841387 0.0666095 0.0768918 0.0588591 0.0685392 0.0797127 0.113448 0.0800637 0.0681502
0.166923 0.166308 0.176317 0.203439 0.184484 0.148781 0.167111 0.155971 0.169691 0.194846 0.180164 0.205376 0.185684 0.157901 0.187614 0.19124 0.191718 0.172491 0.183056 0.15451 0.175762 0.184725 0.227879 0.184508 0.174373
0.0641968 0.06418 0.0691053 0.0950931 0.0800506 0.0535006 0.0642877 0.0572161 0.065567 0.0865988 0.07718 0.0962002 0.0803934 0.0583415 0.0809663 0.0840042 0.0841387 0.0666095 0.0768918 0.0588591 0.0685392 0.0797127 0.113448 0.0800637 0.0681502
0.166923 0.166308 0.176317 0.203439 0.184484 0.148781 0.167111 0.155971 0.169691 0.194846 0.180164 0.205376 0.185684 0.157901 0.187614 0.19124 0.191718 0.172491 0.183056 0.15451 0.175762 0.184725 0.227879 0.184508 0.174373
0.0641968 0.06418 0.0691053 0.0950931 0.0800506 0.0535006 0.0642877 0.0572161 0.065567 0.0865988 0.07718 0.0962002 0.0803934 0.0583415 0.0809663 0.0840042 0.0841387 0.0666095 0.0768918 0.0588591 0.0685392 0.0797127 0.113448 0.0800637 0.0681502
0.166923 0.166308 0.176317 0.203439 0.184484 0.148781 0.167111 0.155971 0.169691 0.194846 0.180164 0.205376 0.185684 0.157901 0.187614 0.19124 0.191718 0.172491 0.183056 0.15451 0.175762 0.184725 0.227879 0.184508 0.174373
0.0641968 0.06418 0.0691053 0.0950931 0.0800506 0.0535006 0.0642877 0.0572161 0.065567 0.0865988 0.07718 0.0962002 0.0803934 0.0583415 0.0809663 0.0840042 0.0841387 0.0666095 0.0768918 0.0588591 0.0685392 0.0797127 0.113448 0.0800637 0.0681502
0.166923 0.166308 0.176317 0.203439 0.184484 0.148781 0.167111 0.155971 0.169691 0.194846 0.180164 0.205376 0.185684 0.157901 0.187614 0.19124 0.191718 0.172491 0.183056 0.15451 0.175762 0.184725 0.227879 0.184508 0.174373
0.0641968 0.06418 0.0691053 0.0950931 0.0800506 0.0535006 0.0642877 0.0572161 0.065567 0.0865988 0.07718 0.0962002 0.0803934 0.0583415 0.0809663 0.0840042 0.0841387 0.0666095 0.0768918 0.0588591 0.0685392 0.0797127 0.113448 0.0800637 0.0681502
0.166923 0.166308 0.176317 0.203439 0.184484 0.148781 0.167111 0.155971 0.169691 0.194846 0.180164 0.205376 0.185684 0.157901 0.187614 0.19124 0.191718 0.172491 0.183056 0.15451 0.175762 0.184725 0.227879 0.184508 0.174373
0.0641968 0.06418 0.0691053 0.0950931 0.0800506 0.0535006 0.0642877 0.0572161 0.065567 0.0865988 0.07718 0.0962002 0.0803934 0.0583415 0.0809663 0.0840042 0.0841387 0.0666095 0.0768918 0.0588591 0.0685392 0.0797127 0.113448 0.0800637 0.0681502
0.166923 0.166308 0.176317 0.203439 0.184484 0.148781 0.167111 0.155971 0.169691 0.194846 0.180164 0.205376 0.185684 0.157901 0.187614 0.19124 0.191718 0.172491 0.183056 0.15451 0.175762 0.184725 0.227879 0.184508 0.174373
0.0641968 0.06418 0.0691053 0.0950931 0.0800506 0.0535006 0.0642877 0.0572161 0.065567 0.0865988 0.07718 0.0962002 0.0803934 0.0583415 0.0809663 0.0840042 0.0841387 0.0666095 0.0768918 0.0588591 0.0685392 0.0797127 0.113448 0.0800637 0.0681502
0.166923 0.166308 0.176317 0.203439 0.184484 0.148781 0.167111 0.155971 0.169691 0.194846 0.180164 0.205376 0.185684 0.157901 0.187614 0.19124 0.191718 0.172491 0.183056 0.15451 0.175762 0.184725 0.227879 0.184508 0.174373
0.0641968 0.06418 0.0691053 0.0950931 0.0800506 0.0535006 0.0642877 0.0572161 0.065567 0.0865988 0.07718 0.0962002 0.0803934 0.0583415 0.0809663 0.0840042 0.0841387 0.0666095 0.0768918 0.0588591 0.0685392 0.0797127 0.113448 0.0800637 0.0681502
0.166923 0.166308 0.176317 0.203439 0.184484 0.148781 0.167111 0.155971 0.169691 0.194846 0.180164 0.205376 0.185684 0.157901 0.187614 0.19124 0.191718 0.172491 0.183056 0.15451 0.175762 0.184725 0.227879 0.184508 0.174373
0.0641968 0.06418 0.0691053 0.0950931 0.0800506 0.0535006 0.0642877 0.0572161 0.065567 0.0865988 0.07718 0.0962002 0.0803934 0.0583415 0.0809663 0.0840042 0.0841387 0.0666095 0.0768918 0.0588591 0.0685392 0.0797127 0.113448 0.0800637 0.0681502
0.166923 0.166308 0.176317 0.203439 0.184484 0.148781 0.167111 0.155971 0.169691 0.194846 0.180164 0.205376 0.185684 0.157901 0.187614 0.19124 0.191718 0.172491 0.183056 0.15451 0.175762 0.184725 0.227879 0.184508 0.174373
0.0641968 0.06418 0.0691053 0.0950931 0.0800506 0.0535006 0.0642877 0.0572161 0.065567 0.0865988 0.07718 0.0962002 0.0803934 0.0583415 0.0809663 0.0840042 0.0841387 0.0666095 0.0768918 0.0588591 0.0685392 0.0797127 0.113448 0.0800637 0.0681502
0.166923 0.166308 0.176317 0.203439 0.184484 0.148781 0.167111 0.155971 0.169691 0.194846 0.180164 0.205376 0.185684 0.157901 0.187614 0.19124 0.191718 0.172491 0.183056 0.15451 0.175762 0.184725 0.227879 0.184508 0.174373
0.0641968 0.06418 0.0691053 0.0950931 0.0800506 0.0535006 0.0642877 0.0572161 0.065567 0.0865988 0.07718 0.0962002 0.0803934 0.0583415 0.0809663 0.0840042 0.0841387 0.0666095 0.0768918 0.0588591 0.0685392 0.0797127 0.113448 0.0800637 0.0681502
0.166923 0.166308 0.176317 0.203439 0.184484 0.148781 0.167111 0.155971 0.169691 0.194846 0.180164 0.205376 0.185684 0.157901 0.187614 0.19124 0.191718 0.172491 0.183056 0.15451 0.175762 0.184725 0.227879 0.184508 0.174373
0.0641968 0.06418 0.0691053 0.0950931 0.0800506 0.0535006 0.0642877 0.0572161 0.065567 0.0865988 0.07718 0.0962002 0.0803934 0.0583415 0.0809663 0.0840042 0.0841387 0.0666095 0.0768918 0.0588591 0.0685392 0.0797127 0.113448 0.0800637 0.0681502
0.166923 0.166308 0.176317 0.203439 0.184484 0.148781 0.167111 0.155971 0.169691 0.194846 0.180164 0.205376 0.185684 0.157901 0.187614 0.19124 0.191718 0.172491 0.183056 0.15451 0.175762 0.184725 0.227879 0.184508 0.174373
0.0641968 0.06418 0.0691053 0.0950931 0.0800506 0.0535006 0.0642877 0.0572161 0.065567 0.0865988 0.07718 0.0962002 0.0803934 0.0583415 0.0809663 0.0840042 0.0841387 0.0666095 0.0768918 0.0588591 0.0685392 0.0797127 0.113448 0.0800637 0.0681502
0.166923 0.166308 0.176317 0.203439 0.184484 0.148781 0.167111 0.155971 0.169691 0.194846 0.180164 0.205376 0.185684 0.157901 0.187614 0.19124 0.191718 0.172491 0.183056 0.15451 0.175762 0.184725 0.227879 0.184508 0.174373
0.0641968 0.06418 0.0691053 0.0950931 0.0800506 0.0535006 0.0642877 0.0572161 0.065567 0.0865988 0.07718 0.0962002 0.0803934 0.0583415 0.0809663 0.0840042 0.0841387 0.0666095 0.0768918 0.0588591 0.0685392 0.0797127 0.113448 0.0800637 0.0681502
0.166923 0.166308 0.176317 0.203439 0.184484 0.148781 0.167111 0.155971 0.169691 0.194846 0.180164 0.205376 0.185684 0.157901 0.187614 0.19124 0.191718 0.172491 0.183056 0.15451 0.175762 0.184725 0.227879 0.184508 0.174373
0.0641968 0.06418 0.0691053 0.0950931 0.0800506 0.0535006 0.0642877 0.0572161 0.065567 0.0865988 0.07718 0.0962002 0.0803934 0.0583415 0.0809663 0.0840042 0.0841387 0.0666095 0.0768918 0.0588591 0.0685392 0.0797127 0.113448 0.0800637 0.0681502
0.166923 0.166308 0.176317 0.203439 0.184484 0.148781 0.167111 0.155971 0.169691 0.194846 0.180164 0.205376 0.185684 0.157901 0.187614 0.19124 0.191718 0.172491 0.183056 0.15451 0.175762 0.184725 0.227879 0.184508 0.174373
0.0641968 0.06418 0.0691053 0.0950931 0.0800506 0.0535006 0.0642877 0.0572161 0.065567 0.0865988 0.07718 0.0962002 0.0803934 0.0583415 0.0809663 0.0840042 0.0841387 0.0666095 0.0768918 0.0588591 0.0685392 0.0797127 0.113448 0.0800637 0.0681502
0.166923 0.166308 0.176317 0.203439 0.184484 0.148781 0.167111 0.155971 0.169691 0.194846 0.180164 0.205376 0.185684 0.157901 0.187614 0.19124 0.191718 0.172491 0.183056 0.15451 0.175762 0.184725 0.227879 0.184508 0.174373
0.0641968 0.06418 0.0691053 0.0950931 0.0800506 0.0535006 0.0642877 0.0572161 0.065567 0.0865988 0.07718 0.0962002 0.0803934 0.0583415 0.0809663 0.0840042 0.0841387 0.0666095 0.0768918 0.0588591 0.0685392 0.0797127 0.113448 0.0800637 0.0681502
0.166923 0.166308 0.176317 0.203439 0.184484 0.148781 0.167111 0.155971 0.169691 0.194846 0.180164 0.205376 0.185684 0.157901 0.187614 0.19124 0.191718 0.172491 0.183056 0.15451 0.175762 0.184725 0.227879 0.184508 0.174373
0.0641968 0.06418 0.0691053 0.0950931 0.0800506 0.0535006 0.0642877 0.0572161 0.065567 0.0865988 0.07718 0.0962002 0.0803934 0.0583415 0.0809663 0.0840042 0.0841387 0.0666095 0.0768918 0.0588591 0.0685392 0.0797127 0.113448 0.0800637 0.0681502
0.166923 0.166308 0.176317 0.203439 0.184484 0.148781 0.167111 0.155971 0.169691 0.194846 0.180164 0.205376 0.185684 0.157901 0.187614 0.19124 0.191718 0.172491 0.183056 0.15451 0.175762 0.184725 0.227879 0.184508 0.174373
0.0641968 0.06418 0.0691053 0.0950931 0.0800506 0.0535006 0.0642877 0.0572161 0.065567 0.0865988 0.07718 0.0962002 0.0803934 0.0583415 0.0809663 0.0840042 0.0841387 0.0666095 0.0768918 0.0588591 0.0685392 0.0797127 0.113448 0.0800637 0.0681502
0.166923 0.166308 0.176317 0.203439 0.184484 0.148781 0.167111 0.155971 0.169691 0.194846 0.180164 0.205376 0.185684 0.157901 0.187614 0.19124 0.191718 0.172491 0.183056 0.15451 0.175762 0.184725 0.227879 0.184508 0.174373
0.0641968 0.06418 0.0691053 0.0950931 0.0800506 0.0535006 0.0642877 0.0572161 0.065567 0.0865988 0.07718 0.0962002 0.0803934 0.0583415 0.0809663 0.0840042 0.0841387 0.0666095 0.0768918 0.0588591 0.0685392 0.0797127 0.113448 0.0800637 0.0681502
0.166923 0.166308 0.176317 0.203439 0.184484 0.148781 0.167111 0.155971 0.169691 0.194846 0.180164 0.205376 0.185684 0.157901 0.187614 0.19124 0.191718 0.172491 0.183056 0.15451 0.175762 0.184725 0.227879 0.184508 0.174373
0.0641968 0.06418 0.0691053 0.0950931 0.0800506 0.0535006 0.0642877 0.0572161 0.065567 0.0865988 0.07718 0.0962002 0.0803934 0.0583415 0.0809663 0.0840042 0.0841387 0.0666095 0.0768918 0.0588591 0.0685392 0.0797127 0.113448 0.0800637 0.0681502
0.166923 0.166308 0.176317 0.203439 0.184484 0.148781 0.167111 0.155971 0.169691 0.194846 0.180164 0.205376 0.185684 0.157901 0.187614 0.19124 0.191718 0.172491 0.183056 0.15451 0.175762 0.184725 0.227879 0.184508 0.174373
0.0641968 0.06418 0.0691053 0.0950931 0.0800506 0.0535006 0.0642877 0.0572161 0.065567 0.0865988 0.07718 0.0962002 0.0803934 0.0583415 0.0809663 0.0840042 0.0841387 0.0666095 0.0768918 0.0588591 0.0685392 0.0797127 0.113448 0.0800637 0.0681502
0.166923 0.166308 0.176317 0.203439 0.184484 0.148781 0.167111 0.155971 0.169691 0.194846 0.180164 0.205376 0.185684 0.157901 0.187614 0.19124 0.191718 0.172491 0.183056 0.15451 0.175762 0.184725 0.227879 0.184508 0.174373
0.0641968 0.06418 0.0691053 0.0950931 0.0800506 0.0535006 0.0642877 0.0572161 0.065567 0.0865988 0.07718 0.0962002 0.0803934 0.0583415 0.0809663 0.0840042 0.0841387 0.0666095 0.0768918 0.0588591 0.0685392 0.0797127 0.113448 0.0800637 0.0681502
0.166923 0.166308 0.176317 0.203439 0.184484 0.148781 0.167111 0.155971 0.169691 0.194846 0.180164 0.205376 0.185684 0.157901 0.187614 0.19124 0.191718 0.172491 0.183056 0.15451 0.175762 0.184725 0.227879 0.184508 0.174373
0.0641968 0.06418 0.0691053 0.0950931 0.0800506 0.0535006 0.0642877 0.0572161 0.065567 0.0865988 0.07718 0.0962002 0.0803934 0.0583415 0.0809663 0.0840042 0.0841387 0.0666095 0.0768918 0.0588591 0.0685392 0.0797127 0.113448 0.0800637 0.0681502
0.166923 0.166308 0.176317 0.203439 0.184484 0.148781 0.167111 0.155971 0.169691 0.194846 0.180164 0.205376 0.185684 0.157901 0.187614 0.19124 0.191718 0.172491 0.183056 0.15451 0.175762 0.184725 0.227879 0.184508 0.174373
0.0641968 0.06418 0.0691053 0.0950931 0.0800506 0.0535006 0.0642877 0.0572161 0.065567 0.0865988 0.07718 0.0962002 0.0803934 0.0583415 0.0809663 0.0840042 0.0841387 0.0666095 0.0768918 0.0588591 0.0685392 0.0797127 0.113448 0.0800637 0.0681502
0.166923 0.166308 0.176317 0.203439 0.184484 0.148781 0.167111 0.155971 0.169691 0.194846 0.180164 0.205376 0.185684 0.157901 0.187614 0.19124 0.191718 0.172491 0.183056 0.15451 0.175762 0.184725 0.227879 0.184508 0.174373
0.0641968 0.06418 0.0691053 0.0950931 0.0800506 0.0535006 0.0642877 0.0572161 0.065567 0.0865988 0.07718 0.0962002 0.0803934 0.0583415 0.0809663 0.0840042 0.0841387 0.0666095 0.0768918 0.0588591 0.0685392 0.0797127 0.113448 0.0800637 0.0681502
0.166923 0.166308 0.176317 0.203439 0.184484 0.148781 0.167111 0.155971 0.169691 0.194846 0.180164 0.205376 0.185684 0.157901 0.187614 0.19124 0.191718 0.172491 0.183056 0.15451 0.175762 0.184725 0.227879 0.184508 0.174373
0.0641968 0.06418 0.0691053 0.0950931 0.0800506 0.0535006 0.0642877 0.0572161 0.065567 0.0865988 0.07718 0.0962002 0.0803934 0.0583415 0.0809663 0.0840042 0.0841387 0.0666095 0.0768918 0.0588591 0.0685392 0.0797127 0.113448 0.0800637 0.0681502
0.166923 0.166308 0.176317 0.203439 0.184484 0.148781 0.167111 0.155971 0.169691 0.194846 0.180164 0.205376 0.185684 0.157901 0.187614 0.19124 0.191718 0.172491 0.183056 0.15451 0.175762 0.184725 0.227879 0.184508 0.174373
0.0641968 0.06418 0.0691053 0.0950931 0.0800506 0.0535006 0.0642877 0.0572161 0.065567 0.0865988 0.07718 0.0962002 0.0803934 0.0583415 0.0809663 0.0840042 0.0841387 0.0666095 0.0768918 0.0588591 0.0685392 0.0797127 0.113448 0.0800637 0.0681502
0.166923 0.166308 0.176317 0.203439 0.184484 0.148781 0.167111 0.155971 0.169691 0.194846 0.180164 0.205376 0.185684 0.157901 0.187614 0.19124 0.191718 0.172491 0.183056 0.15451 0.175762 0.184725 0.227879 0.184508 0.174373
0.0641968 0.06418 0.0691053 0.0950931 0.0800506 0.0535006 0.0642877 0.0572161 0.065567 0.0865988 0.07718 0.0962002 0.0803934 0.0583415 0.0809663 0.0840042 0.0841387 0.0666095 0.0768918 0.0588591 0.0685392 0.0797127 0.113448 0.0800637 0.0681502
0.166923 0.166308 0.176317 0.203439 0.184484 0.148781 0.167111 0.155971 0.169691 0.194846 0.180164 0.205376 0.185684 0.157901 0.187614 0.19124 0.191718 0.172491 0.183056 0.15451 0.175762 0.184725 0.227879 0.184508 0.174373
0.0641968 0.06418 0.0691053 0.0950931 0.0800506 0.0535006 0.0642877 0.0572161 0.065567 0.0865988 0.07718 0.0962002 0.0803934 0.0583415 0.0809663 0.0840042 0.0841387 0.0666095 0.0768918 0.0588591 0.0685392 0.0797127 0.113448 0.0800637 0.0681502
0.166923 0.166308 0.176317 0.203439 0.184484 0.148781 0.167111 0.155971 0.169691 0.194846 0.180164 0.205376 0.185684 0.157901 0.187614 0.19124 0.191718 0.172491 0.183056 0.15451 0.175762 0.184725 0.227879 0.184508 0.174373
0.0641968 0.06418 0.0691053 0.0950931 0.0800506 0.0535006 0.0642877 0.0572161 0.065567 0.0865988 0.07718 0.0962002 0.0803934 0.0583415 0.0809663 0.0840042 0.0841387 0.0666095 0.0768918 0.0588591 0.0685392 0.0797127 0.113448 0.0800637 0.0681502
0.166923 0.166308 0.176317 0.203439 0.184484 0.148781 0.167111 0.155971 0.169691 0.194846 0.180164 0.205376 0.185684 0.157901 0.187614 0.19124 0.191718 0.172491 0.183056 0.15451 0.175762 0.184725 0.227879 0.184508 0.174373
0.0641968 0.06418 0.0691053 0.0950931 0.0800506 0.0535006 0.0642877 0.0572161 0.065567 0.0865988 0.07718 0.0962002 0.0803934 0.0583415 0.0809663 0.0840042 0.0841387 0.0666095 0.0768918 0.0588591 0.0685392 0.0797127 0.113448 0.0800637 0.0681502
0.166923 0.166308 0.176317 0.203439 0.184484 0.148781 0.167111 0.155971 0.169691 0.194846 0.180164 0.205376 0.185684 0.157901 0.187614 0.19124 0.191718 0.172491 0.183056 0.15451 0.175762 0.184725 0.227879 0.184508 0.174373
0.0641968 0.06418 0.0691053 0.0950931 0.0800506 0.0535006 0.0642877 0.0572161 0.065567 0.0865988 0.07718 0.0962002 0.0803934 0.0583415 0.0809663 0.0840042 0.0841387 0.0666095 0.0768918 0.0588591 0.0685392 0.0797127 0.113448 0.0800637 0.0681502
0.166923 0.166308 0.176317 0.203439 0.184484 0.148781 0.167111 0.155971 0.169691 0.194846 0.180164 0.205376 0.185684 0.157901 0.187614 0.19124 0.191718 0.172491 0.183056 0.15451 0.175762 0.184725 0.227879 0.184508 0.174373
0.0641968 0.06418 0.0691053 0.0950931 0.0800506 0.0535006 0.0642877 0.0572161 0.065567 0.0865988 0.07718 0.0962002 0.0803934 0.0583415 0.0809663 0.0840042 0.0841387 0.0666095 0.0768918 0.0588591 0.0685392 0.0797127 0.113448 0.0800637 0.0681502
0.166923 0.166308 0.176317 0.203439 0.184484 0.148781 0.167111 0.155971 0.169691 0.194846 0.180164 0.205376 0.185684 0.157901 0.187614 0.19124 0.191718 0.172491 0.183056 0.15451 0.175762 0.184725 0.227879 0.184508 0.174373
