0.232459 0.305181 0.288211 0.128669 0.151157 0.236826 0.202566 0.23874 0.271651 0.377976 0.160405 0.148519 0.159664 0.194258 0.258108 0.209404 0.158521 0.203598 0.20201 0.333089 0.202689 0.472915 0.203532 0.159014 0.185944
0.298678 0.335812 0.29171 0.314928 0.265325 0.349984 0.348625 0.340629 0.332645 0.262009 0.248662 0.32146 0.24735 0.307818 0.372602 0.299182 0.245328 0.350159 0.315557 0.324066 0.290035 0.329284 0.278349 0.246199 0.311131
0.269546 0.367929 0.328495 0.194211 0.23876 0.280178 0.268735 0.286726 0.303598 0.385249 0.217744 0.219515 0.216465 0.249103 0.297161 0.300716 0.214497 0.269965 0.265802 0.374865 0.246447 0.47173 0.266931 0.215345 0.217641
0.275104 0.34452 0.291682 0.279138 0.244433 0.32952 0.329872 0.324683 0.316216 0.253184 0.232579 0.281328 0.231218 0.292693 0.370905 0.29002 0.229123 0.331307 0.295964 0.342803 0.271179 0.367095 0.263732 0.230026 0.266834
0.264017 0.379902 0.321923 0.208036 0.249257 0.292595 0.291478 0.301461 0.303343 0.341369 0.22333 0.235151 0.222 0.257619 0.313393 0.31561 0.219953 0.29278 0.280182 0.384835 0.243759 0.449202 0.272 0.220835 0.213405
0.262851 0.362395 0.299364 0.258414 0.245666 0.320409 0.326158 0.321217 0.310568 0.250722 0.229673 0.265064 0.228315 0.286872 0.367114 0.299837 0.226225 0.327568 0.293469 0.366026 0.26029 0.392341 0.266498 0.227125 0.238769
0.256295 0.388207 0.31764 0.214051 0.252333 0.298871 0.305217 0.310192 0.301712 0.302407 0.224733 0.239547 0.223395 0.263527 0.327416 0.321497 0.221336 0.306556 0.28805 0.395633 0.240867 0.439771 0.273473 0.222223 0.205829
0.253144 0.378036 0.305255 0.243276 0.249377 0.314451 0.326586 0.32155 0.306889 0.244419 0.228189 0.256186 0.226837 0.282426 0.363123 0.310583 0.224755 0.327988 0.29521 0.3865 0.251115 0.408442 0.270265 0.225652 0.218389
0.248626 0.395916 0.316203 0.21634 0.254461 0.301854 0.315141 0.316215 0.300611 0.271631 0.225237 0.240674 0.223897 0.267898 0.337992 0.325857 0.221834 0.316504 0.294032 0.406737 0.238215 0.436828 0.274663 0.222723 0.198097
0.244931 0.39076 0.30976 0.23239 0.252965 0.309981 0.328641 0.323178 0.304166 0.235636 0.227131 0.250366 0.225783 0.279287 0.36033 0.319686 0.223708 0.330041 0.298547 0.403651 0.243839 0.419741 0.273161 0.224602 0.203521
0.241432 0.402958 0.316456 0.216495 0.256434 0.302632 0.322794 0.320685 0.299892 0.248245 0.225343 0.240598 0.224002 0.270754 0.34536 0.329738 0.221939 0.324173 0.299241 0.4173 0.235588 0.436922 0.275651 0.222828 0.191069
0.237843 0.400893 0.313401 0.224796 0.255974 0.306348 0.331428 0.32509 0.302134 0.226155 0.226329 0.246149 0.224984 0.277241 0.358754 0.326768 0.222915 0.332829 0.302517 0.417564 0.238263 0.427992 0.275077 0.223806 0.192761
0.234919 0.409163 0.317625 0.215599 0.258268 0.301943 0.328878 0.324056 0.299331 0.23082 0.225243 0.239943 0.223903 0.272432 0.350273 0.333143 0.22184 0.330269 0.30404 0.426788 0.233054 0.438407 0.276381 0.222729 0.185077
0.231706 0.408869 0.316454 0.219614 0.258361 0.303181 0.334512 0.326862 0.300605 0.217201 0.225713 0.242927 0.224371 0.275951 0.358067 0.33199 0.222306 0.335917 0.306691 0.428605 0.234037 0.434078 0.276227 0.223196 0.185013
0.229182 0.414494 0.319235 0.214345 0.259872 0.300335 0.333834 0.326546 0.298797 0.217955 0.225048 0.238962 0.223709 0.273307 0.353478 0.335938 0.221648 0.335234 0.308557 0.434928 0.230728 0.440414 0.276863 0.222536 0.180198
0.226424 0.415118 0.31907 0.216126 0.260184 0.300252 0.33765 0.328311 0.299415 0.20941 0.225238 0.240382 0.223898 0.275124 0.357929 0.335663 0.221836 0.339058 0.310869 0.437234 0.230834 0.438581 0.276864 0.222725 0.17944
0.224237 0.419001 0.320997 0.213108 0.261177 0.298191 0.337977 0.328299 0.298229 0.208484 0.224824 0.237812 0.223486 0.273674 0.355562 0.338051 0.221426 0.339384 0.312843 0.441654 0.228687 0.442482 0.277155 0.222314 0.176355
0.221925 0.42003 0.321334 0.213793 0.261517 0.297439 0.340703 0.329368 0.298428 0.202982 0.224872 0.238321 0.223533 0.274551 0.358086 0.338105 0.221473 0.342115 0.314956 0.4439 0.228393 0.441929 0.277201 0.222361 0.175426
0.220046 0.422782 0.322747 0.212049 0.262157 0.295758 0.341532 0.329432 0.297607 0.201509 0.224606 0.236607 0.223268 0.273733 0.356935 0.339492 0.22121 0.342944 0.316931 0.447048 0.226954 0.444387 0.277332 0.222097 0.173398
0.218133 0.423932 0.323305 0.212233 0.262434 0.294684 0.343607 0.330024 0.297549 0.197862 0.224587 0.23662 0.22325 0.274104 0.358377 0.339592 0.221192 0.345022 0.318917 0.448996 0.226518 0.444447 0.277388 0.222079 0.172526
0.216539 0.425955 0.324397 0.211209 0.262822 0.293188 0.344658 0.330047 0.296926 0.196361 0.22441 0.235434 0.223074 0.273608 0.357868 0.340329 0.221017 0.346075 0.32085 0.451267 0.22552 0.446051 0.277461 0.221904 0.171159
0.214968 0.427086 0.325028 0.211185 0.262998 0.291969 0.346337 0.330304 0.296713 0.193873 0.224366 0.235203 0.22303 0.273709 0.35871 0.340348 0.220973 0.347757 0.322748 0.45285 0.225067 0.446373 0.277527 0.221859 0.170422
0.213631 0.428638 0.325911 0.21057 0.2632 0.290566 0.347465 0.330233 0.296192 0.192547 0.224244 0.234346 0.222908 0.273369 0.358526 0.340651 0.220853 0.348886 0.324627 0.454496 0.224353 0.44747 0.277593 0.221739 0.16948
0.212346 0.429692 0.32654 0.210472 0.26327 0.289292 0.348898 0.330248 0.295884 0.190806 0.224193 0.234018 0.222858 0.273325 0.359037 0.340546 0.220803 0.350321 0.326463 0.455728 0.223938 0.447884 0.277676 0.221688 0.168889
0.211233 0.430936 0.327279 0.210091 0.263328 0.287942 0.35003 0.330067 0.295408 0.189709 0.224106 0.233377 0.222771 0.273057 0.359011 0.340553 0.220717 0.351455 0.328291 0.456917 0.223411 0.448678 0.277761 0.221602 0.168227
0.210182 0.4319 0.327875 0.209979 0.263301 0.286654 0.351303 0.329901 0.29504 0.188462 0.224058 0.233033 0.222723 0.272933 0.359338 0.34032 0.220669 0.352729 0.330082 0.457842 0.223053 0.44911 0.277868 0.221555 0.167767
0.209259 0.43294 0.328509 0.209734 0.263247 0.28534 0.352408 0.329613 0.294581 0.187583 0.223994 0.232543 0.22266 0.272694 0.359385 0.340118 0.220606 0.353836 0.33187 0.45869 0.222654 0.449724 0.277981 0.221491 0.167294
0.208397 0.433822 0.329059 0.20963 0.263135 0.284058 0.353571 0.32931 0.294174 0.18667 0.223952 0.232224 0.222618 0.272522 0.359607 0.33977 0.220565 0.355 0.333629 0.459361 0.222355 0.450145 0.278116 0.221449 0.166941
0.207631 0.434726 0.329616 0.209464 0.262994 0.282771 0.354637 0.328925 0.293717 0.185976 0.223904 0.231847 0.22257 0.27229 0.359683 0.339417 0.220517 0.356067 0.335387 0.45995 0.222047 0.450651 0.27826 0.221402 0.166598
0.20692 0.435538 0.33012 0.209374 0.262811 0.281504 0.355721 0.328515 0.293283 0.185295 0.223869 0.231574 0.222535 0.272089 0.359845 0.338972 0.220482 0.357153 0.337126 0.460415 0.221799 0.451055 0.278423 0.221367 0.16633
0.206281 0.436351 0.330616 0.209256 0.262603 0.280241 0.356745 0.328048 0.29282 0.184747 0.223832 0.231286 0.222498 0.271854 0.35993 0.338509 0.220445 0.358179 0.338865 0.460807 0.221556 0.451499 0.278596 0.22133 0.166078
0.205688 0.437109 0.331077 0.209179 0.262363 0.278992 0.357769 0.327552 0.292368 0.184228 0.223802 0.231066 0.222469 0.27163 0.360055 0.337984 0.220416 0.359204 0.340594 0.461109 0.221352 0.451891 0.278785 0.221301 0.165875
0.20515 0.437861 0.331526 0.20909 0.262101 0.277749 0.358755 0.327016 0.291898 0.183794 0.223773 0.230853 0.22244 0.271387 0.36014 0.337437 0.220388 0.36019 0.342324 0.461349 0.221157 0.452301 0.278984 0.221272 0.165688
0.20465 0.43858 0.33195 0.209024 0.261817 0.276517 0.359731 0.326454 0.291431 0.18339 0.223749 0.230688 0.222416 0.271146 0.360243 0.336847 0.220364 0.361168 0.34405 0.461523 0.220987 0.452686 0.279196 0.221248 0.165534
0.20419 0.439291 0.332361 0.208954 0.261515 0.275292 0.360681 0.32586 0.290954 0.18304 0.223726 0.230539 0.222393 0.270892 0.360323 0.336236 0.220341 0.362119 0.345781 0.461645 0.220827 0.453081 0.279416 0.221225 0.165395
0.20376 0.439983 0.332754 0.208897 0.261196 0.274077 0.361619 0.325243 0.290477 0.182717 0.223706 0.230426 0.222373 0.270636 0.360412 0.335593 0.220321 0.363058 0.347512 0.461718 0.220684 0.453465 0.279648 0.221205 0.165278
0.20336 0.440669 0.333134 0.208839 0.260863 0.272868 0.362536 0.324601 0.289993 0.18243 0.223687 0.230333 0.222354 0.27037 0.360488 0.334931 0.220303 0.363977 0.34925 0.461749 0.22055 0.453856 0.279886 0.221187 0.165173
0.202984 0.441344 0.333501 0.208788 0.260517 0.271667 0.363442 0.32394 0.289508 0.182164 0.223671 0.230269 0.222338 0.270099 0.360568 0.334246 0.220286 0.364883 0.350993 0.461742 0.220428 0.454245 0.280134 0.22117 0.165084
0.202629 0.442014 0.333857 0.208738 0.260161 0.270472 0.364331 0.323259 0.289019 0.181922 0.223655 0.230226 0.222322 0.26982 0.360641 0.333543 0.220271 0.365774 0.352744 0.461703 0.220313 0.45464 0.280387 0.221155 0.165005
0.202292 0.44268 0.334202 0.208693 0.259796 0.269283 0.365209 0.322561 0.288529 0.181696 0.223642 0.230208 0.222309 0.269535 0.360715 0.332821 0.220257 0.366653 0.354504 0.461633 0.220207 0.455038 0.280647 0.221141 0.164937
0.20197 0.443343 0.334539 0.208648 0.259423 0.2681 0.366073 0.321846 0.288035 0.181487 0.223629 0.230209 0.222296 0.269243 0.360786 0.332085 0.220245 0.367518 0.356274 0.461538 0.220106 0.455442 0.280911 0.221128 0.164877
0.201661 0.444005 0.334866 0.208606 0.259043 0.266921 0.366926 0.321117 0.287541 0.181289 0.223617 0.230232 0.222284 0.268944 0.360857 0.331333 0.220233 0.368372 0.358056 0.46142 0.220011 0.455851 0.281181 0.221117 0.164826
0.201362 0.444668 0.335187 0.208566 0.258657 0.265748 0.367768 0.320374 0.287045 0.181102 0.223606 0.230274 0.222273 0.268637 0.360927 0.330568 0.220222 0.369215 0.35985 0.461281 0.219921 0.456266 0.281455 0.221106 0.164781
0.201072 0.445332 0.335501 0.208527 0.258267 0.264579 0.3686 0.319618 0.286548 0.180923 0.223595 0.230336 0.222263 0.268324 0.360998 0.32979 0.220212 0.370047 0.361658 0.461125 0.219835 0.456688 0.281732 0.221095 0.164742
0.200789 0.445999 0.335809 0.208489 0.257872 0.263413 0.369421 0.31885 0.28605 0.180751 0.223586 0.230415 0.222253 0.268003 0.361069 0.329001 0.220202 0.37087 0.36348 0.460952 0.219752 0.457117 0.282012 0.221086 0.164708
0.200511 0.446668 0.336111 0.208453 0.257474 0.262251 0.370233 0.31807 0.285551 0.180584 0.223576 0.230511 0.222244 0.267675 0.361142 0.3282 0.220193 0.371682 0.365317 0.460765 0.219673 0.457553 0.282295 0.221077 0.164679
0.200238 0.447342 0.33641 0.208417 0.257073 0.261093 0.371035 0.317279 0.285052 0.180421 0.223568 0.230624 0.222235 0.26734 0.361215 0.327389 0.220184 0.372486 0.367171 0.460566 0.219596 0.457996 0.28258 0.221068 0.164654
0.199967 0.448021 0.336704 0.208382 0.25667 0.259937 0.371829 0.316477 0.284552 0.180262 0.22356 0.230753 0.222227 0.266997 0.361291 0.326568 0.220176 0.37328 0.369043 0.460356 0.219521 0.458446 0.282868 0.22106 0.164633
0.199698 0.448705 0.336995 0.208348 0.256265 0.258784 0.372614 0.315665 0.284053 0.180104 0.223552 0.230897 0.222219 0.266646 0.361368 0.325737 0.220168 0.374066 0.370932 0.460136 0.219448 0.458903 0.283156 0.221052 0.164614
0.199429 0.449396 0.337282 0.208315 0.255858 0.257633 0.37339 0.314843 0.283553 0.179949 0.223544 0.231056 0.222211 0.266288 0.361449 0.324897 0.220161 0.374844 0.37284 0.459908 0.219377 0.459367 0.283446 0.221045 0.164599
0.199161 0.450093 0.337568 0.208282 0.255449 0.256484 0.374158 0.314012 0.283052 0.179794 0.223537 0.231229 0.222204 0.265922 0.361532 0.324048 0.220154 0.375613 0.374768 0.459672 0.219307 0.459838 0.283738 0.221037 0.164586
0.198892 0.450798 0.337851 0.208249 0.25504 0.255336 0.374919 0.31317 0.282552 0.179639 0.22353 0.231417 0.222197 0.265549 0.361619 0.32319 0.220147 0.376374 0.376717 0.459429 0.219239 0.460315 0.28403 0.22103 0.164576
0.198621 0.451511 0.338133 0.208216 0.254629 0.254191 0.375671 0.312319 0.282052 0.179484 0.223523 0.231618 0.22219 0.265167 0.361709 0.322325 0.22014 0.377127 0.378686 0.459181 0.219172 0.460798 0.284323 0.221023 0.164567
0.198348 0.452232 0.338415 0.208184 0.254217 0.253047 0.376415 0.311458 0.281552 0.179328 0.223516 0.231832 0.222183 0.264778 0.361804 0.321451 0.220133 0.377872 0.380678 0.458928 0.219106 0.461287 0.284616 0.221017 0.164561
0.198072 0.452962 0.338695 0.208152 0.253804 0.251904 0.377152 0.310587 0.281052 0.179171 0.223509 0.232059 0.222177 0.26438 0.361903 0.320569 0.220127 0.378609 0.382693 0.458671 0.219041 0.461782 0.28491 0.22101 0.164556
0.197794 0.453701 0.338975 0.208119 0.253391 0.250763 0.37788 0.309707 0.280552 0.179013 0.223503 0.232299 0.22217 0.263974 0.362007 0.319679 0.22012 0.379339 0.384731 0.45841 0.218977 0.462283 0.285204 0.221004 0.164553
0.197511 0.454449 0.339256 0.208086 0.252976 0.249622 0.378601 0.308817 0.280053 0.178854 0.223496 0.232552 0.222164 0.26356 0.362116 0.318781 0.220114 0.380061 0.386794 0.458146 0.218914 0.462788 0.285499 0.220997 0.164551
0.197225 0.455208 0.339537 0.208053 0.252561 0.248482 0.379314 0.307918 0.279553 0.178692 0.22349 0.232817 0.222157 0.263138 0.362231 0.317876 0.220107 0.380774 0.388881 0.45788 0.218852 0.463298 0.285793 0.220991 0.16455
0.196934 0.455978 0.33982 0.208019 0.252145 0.247343 0.38002 0.307008 0.279053 0.178528 0.223483 0.233094 0.222151 0.262708 0.362352 0.316964 0.220101 0.38148 0.390994 0.457613 0.21879 0.463812 0.286087 0.220984 0.164551
0.196638 0.456758 0.340104 0.207985 0.251727 0.246205 0.380717 0.306088 0.278553 0.178363 0.223477 0.233383 0.222145 0.262269 0.36248 0.316044 0.220095 0.382178 0.393134 0.457344 0.21873 0.464331 0.286382 0.220978 0.164552
0.196337 0.45755 0.340389 0.20795 0.251309 0.245068 0.381406 0.305158 0.278053 0.178194 0.223471 0.233685 0.222139 0.261821 0.362615 0.315116 0.220089 0.382868 0.395301 0.457074 0.218671 0.464852 0.286676 0.220972 0.164555
0.196031 0.458353 0.340677 0.207913 0.250889 0.243931 0.382086 0.304217 0.277552 0.178024 0.223464 0.233998 0.222132 0.261366 0.362756 0.314182 0.220082 0.383549 0.397497 0.456804 0.218613 0.465377 0.286969 0.220966 0.164559
0.195719 0.459169 0.340968 0.207876 0.250468 0.242794 0.382759 0.303266 0.277052 0.177851 0.223458 0.234323 0.222126 0.260901 0.362906 0.31324 0.220076 0.384222 0.39972 0.456534 0.218555 0.465905 0.287262 0.220959 0.164563
0.195401 0.459997 0.341262 0.207838 0.250045 0.241658 0.383422 0.302304 0.276551 0.177675 0.223452 0.23466 0.22212 0.260428 0.363063 0.312291 0.22007 0.384887 0.401974 0.456264 0.218499 0.466435 0.287555 0.220953 0.164568
0.195077 0.460838 0.341559 0.207798 0.24962 0.240523 0.384077 0.301331 0.27605 0.177496 0.223446 0.235008 0.222114 0.259947 0.363229 0.311335 0.220064 0.385542 0.404257 0.455996 0.218444 0.466966 0.287848 0.220947 0.164574
0.194746 0.461692 0.34186 0.207757 0.249194 0.239388 0.384723 0.300347 0.275548 0.177314 0.223439 0.235369 0.222107 0.259457 0.363404 0.310372 0.220057 0.386189 0.406572 0.455728 0.21839 0.4675 0.288139 0.220941 0.164581
0.194409 0.462561 0.342165 0.207714 0.248766 0.238253 0.385359 0.299352 0.275045 0.17713 0.223433 0.235741 0.222101 0.258959 0.363588 0.309402 0.220051 0.386826 0.408918 0.455462 0.218338 0.468033 0.288431 0.220934 0.164588
0.194065 0.463443 0.342475 0.207669 0.248336 0.237119 0.385986 0.298345 0.274542 0.176942 0.223426 0.236125 0.222094 0.258452 0.363782 0.308425 0.220045 0.387453 0.411296 0.455197 0.218287 0.468568 0.288721 0.220928 0.164596
0.193714 0.46434 0.34279 0.207621 0.247903 0.235986 0.386603 0.297326 0.274038 0.176752 0.22342 0.236521 0.222088 0.257936 0.363986 0.307441 0.220038 0.388071 0.413708 0.454935 0.218237 0.469102 0.289011 0.220922 0.164605
0.193356 0.465252 0.34311 0.207572 0.247468 0.234852 0.38721 0.296296 0.273533 0.176559 0.223414 0.23693 0.222082 0.257412 0.364201 0.30645 0.220032 0.388678 0.416153 0.454675 0.218188 0.469636 0.289299 0.220915 0.164614
0.19299 0.466179 0.343436 0.20752 0.24703 0.23372 0.387806 0.295254 0.273027 0.176362 0.223407 0.23735 0.222075 0.256879 0.364426 0.305452 0.220026 0.389275 0.418632 0.454418 0.218142 0.470169 0.289587 0.220909 0.164624
0.192617 0.467123 0.343768 0.207466 0.246589 0.232588 0.388391 0.2942 0.27252 0.176163 0.223401 0.237783 0.222069 0.256339 0.364663 0.304447 0.220019 0.38986 0.421147 0.454164 0.218097 0.4707 0.289874 0.220902 0.164635
0.192236 0.468082 0.344107 0.207409 0.246145 0.231456 0.388965 0.293133 0.272012 0.17596 0.223394 0.238228 0.222062 0.255789 0.364912 0.303435 0.220013 0.390435 0.423698 0.453913 0.218053 0.471229 0.29016 0.220896 0.164646
0.191847 0.469059 0.344452 0.207348 0.245698 0.230325 0.389527 0.292054 0.271503 0.175754 0.223387 0.238685 0.222055 0.255232 0.365173 0.302416 0.220006 0.390997 0.426285 0.453666 0.218012 0.471756 0.290445 0.220889 0.164657
0.19145 0.470052 0.344805 0.207285 0.245248 0.229195 0.390077 0.290963 0.270992 0.175546 0.223381 0.239156 0.222049 0.254666 0.365447 0.301391 0.219999 0.391548 0.428908 0.453422 0.217973 0.47228 0.290728 0.220882 0.164669
0.191045 0.471063 0.345165 0.207218 0.244793 0.228066 0.390614 0.28986 0.27048 0.175334 0.223374 0.239639 0.222042 0.254092 0.365734 0.300359 0.219993 0.392085 0.43157 0.453182 0.217935 0.4728 0.291011 0.220876 0.164682
0.190631 0.472093 0.345533 0.207147 0.244336 0.226938 0.391138 0.288743 0.269967 0.175119 0.223367 0.240135 0.222035 0.253511 0.366035 0.29932 0.219986 0.39261 0.43427 0.452947 0.2179 0.473316 0.291291 0.220869 0.164695
0.190209 0.473141 0.34591 0.207073 0.243874 0.225811 0.391648 0.287615 0.269452 0.174901 0.22336 0.240645 0.222028 0.252921 0.366349 0.298274 0.219979 0.39312 0.437008 0.452716 0.217867 0.473827 0.291571 0.220862 0.164709
0.189778 0.474207 0.346294 0.206994 0.243408 0.224685 0.392144 0.286473 0.268935 0.17468 0.223353 0.241168 0.222022 0.252324 0.366678 0.297222 0.219972 0.393617 0.439786 0.45249 0.217836 0.474334 0.291848 0.220855 0.164723
0.189338 0.475294 0.346688 0.206911 0.242938 0.22356 0.392625 0.28532 0.268416 0.174455 0.223346 0.241704 0.222015 0.25172 0.367022 0.296163 0.219966 0.394099 0.442603 0.452269 0.217807 0.474834 0.292125 0.220849 0.164738
0.18889 0.4764 0.347091 0.206823 0.242463 0.222437 0.393091 0.284153 0.267896 0.174228 0.223339 0.242255 0.222008 0.251108 0.367381 0.295098 0.219959 0.394565 0.44546 0.452053 0.217781 0.475328 0.292399 0.220842 0.164754
0.188433 0.477526 0.347504 0.20673 0.241984 0.221316 0.393541 0.282975 0.267374 0.173998 0.223332 0.24282 0.222001 0.250489 0.367755 0.294026 0.219952 0.395016 0.448358 0.451842 0.217758 0.475816 0.292671 0.220835 0.16477
0.187966 0.478674 0.347926 0.206633 0.241499 0.220196 0.393975 0.281784 0.26685 0.173765 0.223325 0.243399 0.221994 0.249864 0.368146 0.292949 0.219945 0.39545 0.451296 0.451637 0.217737 0.476296 0.292941 0.220828 0.164787
0.187491 0.479842 0.348358 0.20653 0.241011 0.219079 0.394391 0.280581 0.266324 0.173529 0.223318 0.243993 0.221987 0.249232 0.368553 0.291865 0.219938 0.395867 0.454275 0.451437 0.217719 0.476768 0.29321 0.220821 0.164804
0.187006 0.481032 0.348801 0.206421 0.240517 0.217964 0.39479 0.279366 0.265796 0.173289 0.223311 0.244601 0.22198 0.248593 0.368976 0.290775 0.219931 0.396266 0.457295 0.451243 0.217704 0.477232 0.293475 0.220814 0.164822
0.186512 0.482244 0.349254 0.206307 0.240017 0.216852 0.39517 0.278139 0.265266 0.173047 0.223304 0.245225 0.221973 0.247949 0.369417 0.289679 0.219924 0.396646 0.460356 0.451055 0.217692 0.477687 0.293739 0.220807 0.164841
0.186009 0.483478 0.349718 0.206187 0.239513 0.215742 0.395532 0.276901 0.264734 0.172803 0.223297 0.245864 0.221966 0.2473 0.369875 0.288577 0.219917 0.397008 0.463459 0.450873 0.217683 0.478132 0.294 0.2208 0.16486
0.185497 0.484735 0.350193 0.20606 0.239003 0.214635 0.395873 0.275651 0.2642 0.172555 0.22329 0.246519 0.221959 0.246645 0.370351 0.28747 0.21991 0.397349 0.466602 0.450697 0.217677 0.478567 0.294258 0.220793 0.16488
0.184975 0.486015 0.350678 0.205927 0.238488 0.213532 0.396194 0.274391 0.263664 0.172305 0.223283 0.247189 0.221952 0.245985 0.370845 0.286358 0.219903 0.397671 0.469786 0.450527 0.217674 0.478992 0.294513 0.220786 0.164901
0.184445 0.487318 0.351175 0.205787 0.237968 0.212433 0.396493 0.27312 0.263126 0.172052 0.223276 0.247876 0.221945 0.245321 0.371358 0.28524 0.219896 0.39797 0.473011 0.450364 0.217674 0.479406 0.294765 0.220779 0.164922
0.183905 0.488645 0.351683 0.20564 0.237442 0.211338 0.396771 0.271839 0.262586 0.171796 0.223269 0.248579 0.221938 0.244653 0.371889 0.284118 0.219889 0.398248 0.476275 0.450207 0.217678 0.479808 0.295014 0.220772 0.164944
0.183356 0.489995 0.352203 0.205486 0.23691 0.210248 0.397026 0.270549 0.262044 0.171538 0.223262 0.2493 0.221931 0.243981 0.372438 0.282992 0.219882 0.398503 0.479579 0.450057 0.217685 0.480197 0.295259 0.220765 0.164967
0.182798 0.491369 0.352733 0.205325 0.236373 0.209162 0.397257 0.26925 0.2615 0.171277 0.223255 0.250037 0.221924 0.243306 0.373007 0.281861 0.219875 0.398735 0.482922 0.449913 0.217696 0.480574 0.295501 0.220758 0.164991
0.182231 0.492768 0.353275 0.205155 0.235831 0.208082 0.397464 0.267942 0.260955 0.171015 0.223248 0.250791 0.221917 0.242629 0.373594 0.280726 0.219869 0.398942 0.486302 0.449775 0.217711 0.480938 0.295739 0.220751 0.165015
0.181656 0.49419 0.353829 0.204979 0.235283 0.207008 0.397647 0.266626 0.260408 0.17075 0.223242 0.251563 0.22191 0.24195 0.374201 0.279588 0.219862 0.399125 0.48972 0.449644 0.217729 0.481289 0.295973 0.220745 0.16504
0.181072 0.495636 0.354393 0.204794 0.234729 0.205941 0.397803 0.265304 0.259859 0.170483 0.223235 0.252352 0.221904 0.24127 0.374827 0.278447 0.219855 0.399281 0.493174 0.44952 0.217751 0.481625 0.296203 0.220738 0.165066
0.18048 0.497107 0.354969 0.204601 0.23417 0.20488 0.397933 0.263975 0.259309 0.170214 0.223228 0.25316 0.221897 0.240589 0.375473 0.277304 0.219849 0.399411 0.496662 0.449402 0.217776 0.481947 0.296428 0.220732 0.165093
0.17988 0.498602 0.355555 0.2044 0.233606 0.203827 0.398036 0.26264 0.258758 0.169943 0.223222 0.253985 0.221891 0.239908 0.376137 0.276158 0.219843 0.399514 0.500183 0.44929 0.217806 0.482254 0.296649 0.220725 0.165121
0.179272 0.50012 0.356152 0.20419 0.233037 0.202782 0.39811 0.261301 0.258206 0.16967 0.223216 0.254829 0.221885 0.239227 0.376821 0.275011 0.219836 0.399589 0.503736 0.449184 0.217839 0.482546 0.296864 0.220719 0.165149
0.178657 0.501662 0.35676 0.203972 0.232462 0.201746 0.398157 0.259958 0.257652 0.169396 0.22321 0.255692 0.221879 0.238548 0.377524 0.273862 0.21983 0.399635 0.507318 0.449085 0.217876 0.482822 0.297075 0.220713 0.165179
0.178034 0.503227 0.357377 0.203745 0.231883 0.200719 0.398173 0.258612 0.257098 0.169121 0.223204 0.256574 0.221873 0.23787 0.378245 0.272713 0.219825 0.399652 0.510929 0.448991 0.217918 0.483083 0.29728 0.220707 0.165209
0.177406 0.504815 0.358004 0.203509 0.231299 0.199702 0.39816 0.257264 0.256543 0.168844 0.223198 0.257474 0.221867 0.237196 0.378985 0.271565 0.219819 0.399638 0.514565 0.448904 0.217963 0.483327 0.297479 0.220702 0.16524
0.17677 0.506425 0.358641 0.203265 0.230711 0.198696 0.398116 0.255915 0.255989 0.168566 0.223193 0.258394 0.221862 0.236524 0.379743 0.270417 0.219814 0.399594 0.518224 0.448821 0.218013 0.483555 0.297673 0.220696 0.165273
0.17613 0.508057 0.359286 0.203012 0.230119 0.197702 0.39804 0.254566 0.255434 0.168288 0.223187 0.259332 0.221857 0.235857 0.380519 0.26927 0.219808 0.399519 0.521904 0.448745 0.218066 0.483766 0.29786 0.220691 0.165306
0.175484 0.50971 0.359939 0.20275 0.229522 0.19672 0.397933 0.25322 0.254879 0.168009 0.223183 0.26029 0.221852 0.235195 0.381312 0.268126 0.219804 0.399411 0.525603 0.448673 0.218124 0.483961 0.29804 0.220686 0.16534
0.174833 0.511383 0.3606 0.20248 0.228923 0.19575 0.397793 0.251875 0.254326 0.167729 0.223178 0.261267 0.221847 0.234539 0.382121 0.266984 0.219799 0.399271 0.529317 0.448606 0.218185 0.484139 0.298214 0.220681 0.165375
0.174178 0.513076 0.361267 0.202201 0.22832 0.194795 0.39762 0.250535 0.253773 0.16745 0.223174 0.262264 0.221843 0.233889 0.382947 0.265847 0.219795 0.399098 0.533043 0.448543 0.218251 0.4843 0.298381 0.220677 0.165411
0.17352 0.514788 0.361941 0.201913 0.227714 0.193854 0.397414 0.249199 0.253221 0.16717 0.22317 0.26328 0.221839 0.233247 0.383788 0.264713 0.219791 0.398892 0.536778 0.448485 0.218321 0.484444 0.298541 0.220673 0.165448
0.172859 0.516516 0.362621 0.201617 0.227105 0.192928 0.397174 0.24787 0.252671 0.166891 0.223166 0.264315 0.221835 0.232613 0.384644 0.263585 0.219787 0.398651 0.54052 0.44843 0.218396 0.484572 0.298693 0.22067 0.165486
0.172195 0.518261 0.363304 0.201312 0.226495 0.192019 0.396899 0.246549 0.252123 0.166612 0.223163 0.26537 0.221832 0.231988 0.385513 0.262463 0.219784 0.398377 0.544263 0.448378 0.218474 0.484683 0.298837 0.220667 0.165525
0.17153 0.520022 0.363992 0.201 0.225882 0.191126 0.396591 0.245237 0.251578 0.166334 0.22316 0.266444 0.221829 0.231374 0.386395 0.261348 0.219781 0.398068 0.548006 0.44833 0.218556 0.484778 0.298973 0.220664 0.165565
0.170865 0.521796 0.364682 0.20068 0.225269 0.190251 0.396247 0.243935 0.251035 0.166057 0.223158 0.267537 0.221827 0.230769 0.387289 0.260241 0.219779 0.397724 0.551744 0.448284 0.218643 0.484856 0.299101 0.220661 0.165606
0.170199 0.523583 0.365374 0.200352 0.224655 0.189395 0.395869 0.242645 0.250496 0.165782 0.223156 0.268649 0.221825 0.230177 0.388193 0.259143 0.219777 0.397346 0.555473 0.44824 0.218734 0.484919 0.29922 0.22066 0.165648
0.169534 0.52538 0.366067 0.200017 0.224041 0.188558 0.395456 0.241368 0.249961 0.165508 0.223154 0.26978 0.221824 0.229597 0.389107 0.258053 0.219776 0.396932 0.55919 0.448197 0.218828 0.484967 0.299331 0.220658 0.165691
0.16887 0.527187 0.36676 0.199676 0.223427 0.18774 0.395009 0.240105 0.24943 0.165236 0.223154 0.27093 0.221823 0.229029 0.390029 0.256974 0.219775 0.396484 0.562891 0.448155 0.218927 0.485 0.299432 0.220657 0.165735
0.168209 0.529002 0.367451 0.199328 0.222813 0.186944 0.394526 0.238859 0.248903 0.164966 0.223153 0.272098 0.221823 0.228476 0.390958 0.255906 0.219775 0.396001 0.566571 0.448113 0.219029 0.485018 0.299524 0.220657 0.165781
0.16755 0.530824 0.36814 0.198974 0.222202 0.186169 0.394009 0.237629 0.248382 0.164698 0.223154 0.273285 0.221823 0.227937 0.391892 0.25485 0.219775 0.395484 0.570227 0.448072 0.219136 0.485023 0.299606 0.220657 0.165827
0.166895 0.532649 0.368824 0.198614 0.221592 0.185415 0.393458 0.236418 0.247866 0.164433 0.223154 0.274489 0.221824 0.227414 0.39283 0.253807 0.219776 0.394932 0.573856 0.448029 0.219246 0.485015 0.299679 0.220658 0.165875
0.166245 0.534478 0.369505 0.19825 0.220984 0.184685 0.392873 0.235226 0.247356 0.164171 0.223156 0.275712 0.221825 0.226906 0.39377 0.252777 0.219777 0.394346 0.577452 0.447985 0.21936 0.484996 0.299742 0.22066 0.165924
0.1656 0.536308 0.370178 0.197881 0.220379 0.183977 0.392255 0.234055 0.246853 0.163911 0.223158 0.276952 0.221827 0.226415 0.394711 0.251761 0.219779 0.393727 0.581012 0.447939 0.219478 0.484965 0.299794 0.220662 0.165974
0.164962 0.538137 0.370845 0.197508 0.219778 0.183293 0.391603 0.232906 0.246357 0.163655 0.223161 0.278209 0.22183 0.225941 0.395652 0.25076 0.219782 0.393075 0.584533 0.44789 0.219599 0.484924 0.299836 0.220665 0.166025
0.16433 0.539963 0.371503 0.197132 0.219181 0.182633 0.39092 0.231779 0.245868 0.163403 0.223164 0.279484 0.221833 0.225484 0.39659 0.249774 0.219785 0.392391 0.588011 0.447837 0.219724 0.484874 0.299868 0.220668 0.166078
0.163705 0.541785 0.372152 0.196753 0.218589 0.181998 0.390204 0.230677 0.245387 0.163154 0.223168 0.280775 0.221837 0.225045 0.397524 0.248804 0.219789 0.391675 0.591443 0.447781 0.219852 0.484816 0.29989 0.220672 0.166132
0.163089 0.543602 0.372789 0.196372 0.218002 0.181387 0.389458 0.2296 0.244915 0.162908 0.223173 0.282083 0.221842 0.224625 0.398452 0.24785 0.219794 0.390928 0.594824 0.44772 0.219983 0.484752 0.299901 0.220676 0.166187
0.162481 0.54541 0.373414 0.195989 0.21742 0.180802 0.388683 0.228548 0.244451 0.162667 0.223178 0.283407 0.221847 0.224223 0.399372 0.246913 0.219799 0.390152 0.598153 0.447653 0.220118 0.484682 0.299901 0.220682 0.166244
0.161883 0.547209 0.374027 0.195606 0.216844 0.180241 0.387878 0.227523 0.243997 0.16243 0.223184 0.284747 0.221853 0.22384 0.400284 0.245993 0.219805 0.389346 0.601426 0.44758 0.220256 0.484609 0.299891 0.220688 0.166302
0.161295 0.548997 0.374624 0.195222 0.216275 0.179706 0.387045 0.226525 0.243551 0.162197 0.223191 0.286103 0.22186 0.223476 0.401184 0.24509 0.219812 0.388512 0.604639 0.4475 0.220397 0.484533 0.29987 0.220694 0.166361
0.160717 0.550773 0.375206 0.194839 0.215714 0.179195 0.386185 0.225555 0.243116 0.161968 0.223198 0.287475 0.221867 0.223131 0.402071 0.244205 0.219819 0.387651 0.607792 0.447413 0.220541 0.484456 0.299838 0.220702 0.166422
0.16015 0.552534 0.375772 0.194457 0.215159 0.178711 0.385299 0.224613 0.24269 0.161743 0.223206 0.288863 0.221875 0.222806 0.402944 0.243338 0.219827 0.386765 0.610881 0.447318 0.220687 0.484379 0.299795 0.22071 0.166484
0.159595 0.554279 0.376319 0.194078 0.214612 0.178251 0.384389 0.2237 0.242275 0.161523 0.223215 0.290267 0.221884 0.222499 0.403801 0.242488 0.219836 0.385853 0.613905 0.447214 0.220836 0.484305 0.299742 0.220718 0.166548
0.159052 0.556008 0.376848 0.193701 0.214074 0.177816 0.383455 0.222815 0.241871 0.161307 0.223224 0.291685 0.221893 0.222213 0.40464 0.241656 0.219845 0.384919 0.616861 0.4471 0.220988 0.484235 0.299679 0.220727 0.166613
0.158521 0.557719 0.377358 0.193327 0.213544 0.177406 0.382499 0.221961 0.241477 0.161095 0.223234 0.29312 0.221903 0.221945 0.405459 0.240842 0.219855 0.383961 0.619749 0.446975 0.221141 0.484171 0.299605 0.220737 0.16668
0.158002 0.55941 0.377846 0.192957 0.213022 0.17702 0.381522 0.221135 0.241093 0.160887 0.223245 0.29457 0.221913 0.221696 0.406257 0.240045 0.219865 0.382983 0.622566 0.44684 0.221297 0.484114 0.299521 0.220748 0.166748
0.157496 0.56108 0.378314 0.192591 0.21251 0.176658 0.380525 0.220339 0.240721 0.160682 0.223256 0.296037 0.221924 0.221467 0.407033 0.239266 0.219876 0.381986 0.625313 0.446693 0.221455 0.484066 0.299426 0.220759 0.166819
0.157003 0.56273 0.378759 0.192231 0.212007 0.176319 0.37951 0.219573 0.24036 0.160482 0.223267 0.297519 0.221936 0.221255 0.407784 0.238503 0.219887 0.380969 0.627987 0.446533 0.221615 0.48403 0.299322 0.22077 0.166891
0.156523 0.564357 0.37918 0.191877 0.211514 0.176004 0.378477 0.218836 0.24001 0.160286 0.223279 0.299018 0.221948 0.221062 0.40851 0.237757 0.219899 0.379936 0.63059 0.44636 0.221776 0.484006 0.299207 0.220782 0.166964
0.156057 0.565961 0.379579 0.191529 0.21103 0.17571 0.377429 0.218128 0.239671 0.160092 0.223292 0.300534 0.221961 0.220887 0.409209 0.237027 0.219912 0.378887 0.633119 0.446173 0.221939 0.483999 0.299083 0.220795 0.16704
0.155604 0.567541 0.379952 0.191188 0.210556 0.175439 0.376367 0.217449 0.239342 0.159902 0.223305 0.302067 0.221974 0.22073 0.409879 0.236313 0.219925 0.377823 0.635577 0.445972 0.222103 0.484008 0.29895 0.220808 0.167117
0.155164 0.569097 0.380301 0.190855 0.210092 0.175189 0.375291 0.216799 0.239025 0.159715 0.223319 0.303618 0.221987 0.22059 0.410519 0.235613 0.219938 0.376745 0.637961 0.445755 0.222268 0.484036 0.298807 0.220821 0.167196
0.154738 0.570629 0.380624 0.190529 0.209637 0.174959 0.374202 0.216177 0.238718 0.159531 0.223333 0.305188 0.222001 0.220467 0.411128 0.234928 0.219952 0.375656 0.640274 0.445522 0.222434 0.484086 0.298655 0.220835 0.167277
0.154324 0.572136 0.380921 0.190213 0.209193 0.174749 0.373103 0.215583 0.238422 0.159349 0.223347 0.306778 0.222015 0.22036 0.411705 0.234257 0.219966 0.374556 0.642516 0.445273 0.2226 0.484159 0.298494 0.220849 0.16736
0.153924 0.573618 0.381191 0.189905 0.208758 0.174557 0.371994 0.215016 0.238136 0.159169 0.223361 0.308388 0.22203 0.220268 0.412248 0.233598 0.21998 0.373445 0.644687 0.445005 0.222767 0.484258 0.298325 0.220863 0.167445
0.153538 0.575075 0.381434 0.189607 0.208333 0.174384 0.370876 0.214476 0.23786 0.15899 0.223376 0.310019 0.222044 0.220193 0.412756 0.232952 0.219995 0.372326 0.646788 0.44472 0.222935 0.484384 0.298147 0.220878 0.167532
0.153164 0.576507 0.381649 0.189319 0.207918 0.174229 0.369751 0.213963 0.237593 0.158813 0.223391 0.311673 0.222059 0.220132 0.413229 0.232317 0.22001 0.371199 0.648821 0.444415 0.223102 0.484541 0.297961 0.220893 0.167621
0.152803 0.577915 0.381837 0.189041 0.207513 0.17409 0.368618 0.213475 0.237336 0.158637 0.223407 0.313351 0.222075 0.220086 0.413665 0.231692 0.220025 0.370065 0.650787 0.44409 0.223268 0.484729 0.297767 0.220908 0.167712
0.152454 0.579297 0.381996 0.188775 0.207117 0.173966 0.367479 0.213012 0.237088 0.15846 0.223422 0.315055 0.22209 0.220053 0.414063 0.231077 0.22004 0.368925 0.652687 0.443744 0.223435 0.484952 0.297566 0.220924 0.167805
0.152118 0.580655 0.382127 0.188519 0.20673 0.173858 0.366335 0.212574 0.236848 0.158284 0.223438 0.316786 0.222106 0.220034 0.414423 0.23047 0.220056 0.36778 0.654523 0.443376 0.2236 0.485212 0.297356 0.220939 0.167901
0.151794 0.581989 0.382229 0.188274 0.206352 0.173764 0.365187 0.21216 0.236617 0.158107 0.223453 0.318545 0.222121 0.220028 0.414742 0.229872 0.220071 0.36663 0.656296 0.442986 0.223765 0.48551 0.297139 0.220955 0.167999
0.151482 0.583299 0.382301 0.188042 0.205983 0.173684 0.364034 0.211768 0.236393 0.15793 0.223469 0.320335 0.222137 0.220035 0.415021 0.22928 0.220087 0.365476 0.658009 0.442572 0.223929 0.485851 0.296915 0.22097 0.168099
0.151181 0.584587 0.382344 0.187821 0.205622 0.173616 0.362878 0.2114 0.236176 0.15775 0.223485 0.322158 0.222153 0.220054 0.415258 0.228693 0.220102 0.364318 0.659662 0.442133 0.224091 0.486235 0.296684 0.220986 0.168202
0.150892 0.585852 0.382357 0.187613 0.20527 0.17356 0.361719 0.211053 0.235965 0.157569 0.223501 0.324016 0.222168 0.220084 0.415453 0.228112 0.220118 0.363158 0.661259 0.441669 0.224251 0.486665 0.296446 0.221002 0.168308
0.150614 0.587095 0.38234 0.187418 0.204926 0.173515 0.360557 0.210727 0.235761 0.157384 0.223516 0.325911 0.222184 0.220126 0.415604 0.227534 0.220134 0.361994 0.6628 0.441177 0.224409 0.487144 0.296201 0.221017 0.168416
0.150346 0.588318 0.382293 0.187235 0.204589 0.17348 0.359392 0.210421 0.235562 0.157197 0.223532 0.327847 0.222199 0.220179 0.41571 0.226959 0.220149 0.360828 0.664288 0.440658 0.224565 0.487675 0.295949 0.221032 0.168528
0.150089 0.589521 0.382215 0.187065 0.20426 0.173455 0.358225 0.210135 0.235368 0.157006 0.223547 0.329825 0.222215 0.220242 0.415771 0.226385 0.220164 0.359659 0.665725 0.440109 0.224719 0.488261 0.29569 0.221048 0.168642
0.149842 0.590704 0.382106 0.186909 0.203938 0.17344 0.357055 0.209869 0.235178 0.15681 0.223563 0.33185 0.22223 0.220316 0.415786 0.225811 0.220179 0.358488 0.667112 0.43953 0.22487 0.488903 0.295424 0.221063 0.16876
0.149605 0.591869 0.381965 0.186767 0.203622 0.173433 0.355883 0.20962 0.234991 0.156609 0.223578 0.333925 0.222245 0.220399 0.415753 0.225237 0.220194 0.357314 0.668453 0.438919 0.225018 0.489606 0.295151 0.221078 0.168881
0.149377 0.593017 0.381793 0.186638 0.203312 0.173433 0.354707 0.20939 0.234808 0.156403 0.223592 0.336052 0.22226 0.220492 0.415671 0.224661 0.220209 0.356137 0.669748 0.438275 0.225163 0.490372 0.294871 0.221093 0.169005
0.149159 0.594149 0.381589 0.186523 0.203008 0.173441 0.353528 0.209177 0.234626 0.15619 0.223607 0.338237 0.222274 0.220595 0.415539 0.224082 0.220223 0.354956 0.671001 0.437595 0.225304 0.491204 0.294585 0.221107 0.169134
0.148949 0.595266 0.381353 0.186423 0.202709 0.173456 0.352345 0.20898 0.234446 0.15597 0.223621 0.340483 0.222288 0.220707 0.415357 0.223499 0.220237 0.353771 0.672213 0.436879 0.225442 0.492106 0.294291 0.221121 0.169266
0.148748 0.596369 0.381083 0.186337 0.202414 0.173478 0.351157 0.208799 0.234266 0.155743 0.223635 0.342795 0.222302 0.220828 0.415122 0.22291 0.220251 0.352582 0.673386 0.436124 0.225575 0.493082 0.293989 0.221135 0.169402
0.148555 0.59746 0.38078 0.186266 0.202124 0.173505 0.349964 0.208633 0.234086 0.155507 0.223649 0.345178 0.222316 0.220959 0.414833 0.222315 0.220265 0.351388 0.674523 0.435329 0.225705 0.494134 0.29368 0.221149 0.169544
0.148369 0.598539 0.380443 0.18621 0.201837 0.173537 0.348765 0.208483 0.233905 0.155261 0.223662 0.347637 0.222329 0.221098 0.414489 0.221712 0.220278 0.350186 0.675626 0.434492 0.22583 0.495268 0.293363 0.221162 0.16969
0.148192 0.599608 0.380071 0.18617 0.201553 0.173575 0.347558 0.208346 0.233722 0.155006 0.223675 0.350178 0.222342 0.221246 0.414088 0.2211 0.22029 0.348978 0.676696 0.43361 0.22595 0.496487 0.293037 0.221174 0.169841
0.148021 0.600669 0.379665 0.186145 0.201271 0.173618 0.346342 0.208224 0.233535 0.154739 0.223687 0.352807 0.222354 0.221404 0.413629 0.220477 0.220302 0.34776 0.677736 0.432681 0.226065 0.497796 0.292703 0.221186 0.169997
0.147858 0.601723 0.379222 0.186136 0.200991 0.173666 0.345117 0.208114 0.233345 0.154461 0.223699 0.35553 0.222365 0.221571 0.413109 0.219842 0.220314 0.346533 0.678749 0.431703 0.226175 0.499199 0.292359 0.221198 0.17016
0.147701 0.602771 0.378743 0.186144 0.200711 0.173718 0.343879 0.208017 0.23315 0.15417 0.22371 0.358356 0.222377 0.221747 0.412527 0.219194 0.220325 0.345294 0.679736 0.430673 0.226279 0.500701 0.292006 0.221209 0.170329
0.14755 0.603815 0.378226 0.186168 0.200432 0.173774 0.342628 0.207933 0.232948 0.153865 0.22372 0.361291 0.222387 0.221932 0.411879 0.218531 0.220335 0.344041 0.680699 0.429588 0.226378 0.502308 0.291642 0.22122 0.170505
0.147406 0.604857 0.37767 0.186209 0.200152 0.173835 0.341362 0.20786 0.23274 0.153545 0.22373 0.364344 0.222397 0.222128 0.411165 0.217852 0.220345 0.342773 0.681641 0.428445 0.226471 0.504026 0.291267 0.221229 0.170688
0.147267 0.605898 0.377075 0.186268 0.19987 0.173899 0.340078 0.207798 0.232522 0.15321 0.22374 0.367524 0.222406 0.222333 0.410381 0.217155 0.220354 0.341487 0.682565 0.427241 0.226557 0.50586 0.290879 0.221239 0.170879
0.147133 0.606941 0.37644 0.186346 0.199586 0.173969 0.338774 0.207747 0.232295 0.152857 0.223748 0.370841 0.222415 0.222549 0.409525 0.216439 0.220363 0.340181 0.683471 0.425972 0.226636 0.507817 0.290479 0.221247 0.171078
0.147005 0.607986 0.375763 0.186442 0.199298 0.174042 0.337448 0.207706 0.232057 0.152487 0.223756 0.374306 0.222422 0.222776 0.408593 0.215701 0.22037 0.338853 0.684364 0.424635 0.226709 0.509905 0.290066 0.221255 0.171287
0.146881 0.609037 0.375043 0.186557 0.199005 0.17412 0.336097 0.207675 0.231805 0.152096 0.223763 0.377929 0.222429 0.223014 0.407582 0.21494 0.220377 0.3375 0.685244 0.423225 0.226774 0.51213 0.289637 0.221261 0.171505
0.146762 0.610095 0.374278 0.186692 0.198706 0.174203 0.334717 0.207654 0.23154 0.151685 0.223769 0.381723 0.222435 0.223265 0.406488 0.214155 0.220383 0.336118 0.686115 0.421738 0.226832 0.514501 0.289192 0.221267 0.171734
0.146647 0.611163 0.373467 0.186848 0.1984 0.174292 0.333306 0.207641 0.231258 0.151252 0.223774 0.385701 0.22244 0.223528 0.405308 0.213343 0.220388 0.334705 0.686978 0.420169 0.226882 0.517026 0.28873 0.221272 0.171974
0.146536 0.612243 0.37261 0.187025 0.198085 0.174386 0.33186 0.207637 0.230958 0.150795 0.223777 0.389878 0.222444 0.223805 0.404038 0.212502 0.220392 0.333257 0.687837 0.418514 0.226924 0.519715 0.288248 0.221276 0.172226
0.146428 0.613336 0.371703 0.187225 0.19776 0.174485 0.330375 0.20764 0.230639 0.150313 0.22378 0.394269 0.222447 0.224097 0.402672 0.21163 0.220394 0.331769 0.688695 0.416767 0.226957 0.522578 0.287747 0.221279 0.172491
0.146324 0.614447 0.370745 0.187447 0.197423 0.174592 0.328847 0.207651 0.230297 0.149804 0.223782 0.39889 0.222448 0.224404 0.401207 0.210725 0.220396 0.330239 0.689553 0.414922 0.226981 0.525624 0.287223 0.22128 0.17277
0.146223 0.615577 0.369734 0.187695 0.197072 0.174706 0.327272 0.207669 0.229931 0.149266 0.223782 0.40376 0.222448 0.224728 0.399636 0.209785 0.220396 0.328661 0.690415 0.412974 0.226996 0.528865 0.286675 0.22128 0.173065
0.146124 0.61673 0.368669 0.187967 0.196706 0.174828 0.325644 0.207693 0.229538 0.148697 0.22378 0.408897 0.222447 0.22507 0.397955 0.208806 0.220394 0.32703 0.691284 0.410915 0.227001 0.532314 0.286102 0.221279 0.173375
0.146027 0.617909 0.367547 0.188266 0.196321 0.174959 0.323959 0.207722 0.229115 0.148096 0.223777 0.414321 0.222443 0.22543 0.396157 0.207788 0.220391 0.325343 0.692162 0.40874 0.226997 0.535981 0.2855 0.221276 0.173703
0.145933 0.619116 0.366366 0.188593 0.195917 0.175101 0.322211 0.207756 0.228661 0.147461 0.223772 0.420054 0.222439 0.225812 0.394237 0.206727 0.220387 0.323592 0.693054 0.406441 0.226982 0.53988 0.284868 0.221271 0.174049
0.14584 0.620356 0.365124 0.188949 0.19549 0.175253 0.320395 0.207795 0.228171 0.146789 0.223766 0.426118 0.222432 0.226216 0.392188 0.20562 0.22038 0.321772 0.693962 0.404011 0.226957 0.544025 0.284202 0.221264 0.174416
0.145749 0.621631 0.363818 0.189336 0.195039 0.175418 0.318504 0.207837 0.227643 0.146079 0.223757 0.432538 0.222423 0.226644 0.390003 0.204465 0.220371 0.319878 0.694889 0.401441 0.226921 0.54843 0.283501 0.221256 0.174804
0.145658 0.622945 0.362448 0.189754 0.194559 0.175596 0.316532 0.207881 0.227073 0.145328 0.223746 0.439337 0.222412 0.227099 0.387675 0.203259 0.22036 0.317903 0.69584 0.398725 0.226874 0.553108 0.282762 0.221245 0.175215
0.145567 0.624303 0.36101 0.190206 0.194048 0.17579 0.314473 0.207927 0.226459 0.144535 0.223732 0.44654 0.222399 0.227581 0.385198 0.202 0.220347 0.31584 0.696818 0.395854 0.226816 0.558073 0.281981 0.221231 0.17565
0.145477 0.625708 0.359502 0.190694 0.193503 0.176001 0.31232 0.207975 0.225796 0.143697 0.223716 0.454173 0.222383 0.228094 0.382564 0.200684 0.220331 0.313683 0.697827 0.392821 0.226746 0.56334 0.281155 0.221215 0.176111
0.145386 0.627164 0.357923 0.191218 0.192921 0.17623 0.310066 0.208022 0.225081 0.142814 0.223697 0.462261 0.222364 0.22864 0.379767 0.199309 0.220313 0.311425 0.698869 0.389617 0.226665 0.568921 0.280282 0.221197 0.176599
0.145295 0.628675 0.356271 0.19178 0.192298 0.176479 0.307704 0.208068 0.224311 0.141882 0.223676 0.470827 0.222342 0.229221 0.3768 0.197873 0.220291 0.309059 0.69995 0.386236 0.226573 0.574829 0.279358 0.221175 0.177116
0.145201 0.630245 0.354544 0.192382 0.191631 0.176749 0.305229 0.208111 0.223482 0.140903 0.223651 0.479892 0.222318 0.22984 0.373658 0.196374 0.220266 0.306579 0.701073 0.382672 0.22647 0.581072 0.278381 0.22115 0.177663
0.145106 0.631878 0.352743 0.193026 0.190916 0.177043 0.302635 0.208152 0.222591 0.139874 0.223622 0.489474 0.222289 0.230499 0.370336 0.19481 0.220238 0.30398 0.70224 0.378919 0.226356 0.587658 0.277347 0.221122 0.178241
0.145009 0.633577 0.350867 0.193711 0.190152 0.177362 0.299916 0.208189 0.221637 0.138796 0.22359 0.499588 0.222258 0.231202 0.366831 0.193179 0.220207 0.301256 0.703455 0.374974 0.226232 0.59459 0.276254 0.221091 0.178852
0.144908 0.635346 0.348916 0.194439 0.189334 0.177706 0.297069 0.208221 0.220616 0.13767 0.223555 0.510239 0.222223 0.23195 0.363143 0.191482 0.220172 0.298403 0.70472 0.370836 0.2261 0.601866 0.2751 0.221056 0.179495
0.144803 0.637185 0.346893 0.19521 0.188461 0.178077 0.294092 0.208247 0.219529 0.136496 0.223516 0.521426 0.222184 0.232747 0.359273 0.189719 0.220133 0.29542 0.706038 0.366507 0.22596 0.609481 0.273883 0.221017 0.180172
0.144694 0.639098 0.3448 0.196025 0.187532 0.178474 0.290985 0.208268 0.218376 0.135279 0.223474 0.533135 0.222141 0.233593 0.355226 0.187891 0.220091 0.292307 0.707408 0.361991 0.225815 0.617417 0.272604 0.220975 0.180882
0.14458 0.641083 0.342642 0.196881 0.186546 0.178898 0.287751 0.208283 0.217158 0.134023 0.223428 0.545342 0.222096 0.234491 0.35101 0.186001 0.220046 0.289067 0.708829 0.357299 0.225666 0.625654 0.271263 0.220929 0.181623
0.14446 0.64314 0.340424 0.197776 0.185505 0.179347 0.284397 0.208293 0.215879 0.132733 0.223378 0.558004 0.222047 0.235441 0.346638 0.184053 0.219997 0.285705 0.710301 0.352443 0.225516 0.634157 0.269862 0.22088 0.182394
0.144333 0.645266 0.338154 0.198709 0.184409 0.179818 0.280932 0.208299 0.214546 0.131416 0.223326 0.571064 0.221995 0.236443 0.34213 0.182054 0.219946 0.282233 0.711819 0.347445 0.225367 0.642883 0.268405 0.220829 0.183193
0.1442 0.647455 0.335841 0.199674 0.183266 0.180309 0.27737 0.208302 0.213165 0.130081 0.223272 0.584445 0.221941 0.237497 0.337507 0.180011 0.219892 0.278663 0.713378 0.34233 0.225224 0.651778 0.266898 0.220775 0.184016
0.144058 0.649701 0.333497 0.200666 0.182079 0.180813 0.273731 0.208305 0.211748 0.12874 0.223216 0.598053 0.221885 0.2386 0.3328 0.177933 0.219837 0.275016 0.714969 0.337129 0.22509 0.660776 0.265349 0.22072 0.184857
0.143908 0.651993 0.331135 0.201678 0.180858 0.181325 0.270037 0.208311 0.210308 0.127403 0.22316 0.611777 0.221829 0.239748 0.328043 0.175834 0.219781 0.271314 0.716583 0.331879 0.224968 0.669804 0.263767 0.220663 0.18571
0.14375 0.65432 0.328769 0.202703 0.179614 0.181838 0.266316 0.208324 0.208858 0.126083 0.223103 0.62549 0.221773 0.240936 0.323273 0.173726 0.219725 0.267584 0.718207 0.326624 0.224862 0.678777 0.262165 0.220607 0.186569
0.143583 0.656667 0.326415 0.203731 0.178357 0.182344 0.2626 0.208347 0.207417 0.124795 0.223048 0.639058 0.221717 0.242158 0.318534 0.171624 0.21967 0.263859 0.719829 0.32141 0.224776 0.68761 0.260555 0.220552 0.187426
0.143408 0.65902 0.32409 0.204751 0.177102 0.182833 0.258921 0.208384 0.206001 0.12355 0.222994 0.652341 0.221664 0.243404 0.31387 0.169545 0.219617 0.260172 0.721432 0.316284 0.224714 0.696215 0.258954 0.220499 0.188271
0.143226 0.66136 0.32181 0.205754 0.175863 0.183296 0.255316 0.208441 0.204627 0.122362 0.222944 0.665203 0.221614 0.244667 0.309325 0.167506 0.219567 0.256558 0.723001 0.311295 0.224676 0.704506 0.257376 0.220449 0.189096
0.143038 0.663671 0.319592 0.20673 0.174653 0.183727 0.251817 0.20852 0.203314 0.121242 0.222897 0.677517 0.221567 0.245936 0.304941 0.165522 0.219521 0.253051 0.724521 0.30649 0.224667 0.712407 0.255836 0.220403 0.189891
0.142845 0.665934 0.317451 0.207668 0.173486 0.184116 0.248459 0.208624 0.202075 0.120198 0.222854 0.689173 0.221525 0.247199 0.300757 0.16361 0.219479 0.249683 0.725977 0.30191 0.224685 0.719851 0.254349 0.220361 0.190648
0.142649 0.668134 0.3154 0.20856 0.172374 0.18446 0.245267 0.208755 0.200923 0.119238 0.222817 0.700082 0.221488 0.248447 0.296804 0.161784 0.219442 0.246484 0.727356 0.29759 0.224731 0.726788 0.252928 0.220323 0.19136
0.142452 0.670254 0.313449 0.209398 0.171327 0.184754 0.242268 0.208915 0.199866 0.118365 0.222784 0.710182 0.221455 0.249669 0.293107 0.160055 0.21941 0.243477 0.728648 0.293559 0.224804 0.73318 0.251584 0.220291 0.192019
0.142257 0.672283 0.311609 0.210176 0.170352 0.184996 0.239476 0.209101 0.198912 0.11758 0.222756 0.719433 0.221427 0.250856 0.289684 0.158434 0.219382 0.240678 0.729843 0.289834 0.224901 0.739011 0.250325 0.220263 0.192621
0.142065 0.674211 0.309884 0.210892 0.169454 0.185188 0.236905 0.209313 0.198061 0.116883 0.222733 0.727825 0.221404 0.252 0.286544 0.156927 0.219359 0.2381 0.730938 0.286426 0.22502 0.744275 0.249157 0.22024 0.193163
0.14188 0.676029 0.308277 0.211543 0.168634 0.185331 0.234558 0.209548 0.197312 0.11627 0.222714 0.735368 0.221385 0.253094 0.283688 0.155538 0.21934 0.235747 0.73193 0.283336 0.225156 0.748986 0.248083 0.220222 0.193643
0.141702 0.677733 0.30679 0.212129 0.167893 0.185429 0.232434 0.209801 0.196663 0.115735 0.222699 0.74209 0.22137 0.254132 0.281111 0.154267 0.219325 0.233617 0.732818 0.280559 0.225306 0.753164 0.247104 0.220207 0.194062
0.141533 0.679321 0.30542 0.212652 0.16723 0.185487 0.230528 0.210068 0.196106 0.115273 0.222687 0.748036 0.221358 0.255112 0.278803 0.153113 0.219314 0.231706 0.733606 0.278082 0.225467 0.756842 0.246218 0.220195 0.194421
0.141375 0.680793 0.304165 0.213115 0.166639 0.185512 0.22883 0.210346 0.195634 0.114877 0.222678 0.753261 0.221349 0.256031 0.276748 0.152072 0.219305 0.230003 0.734297 0.275888 0.225634 0.760057 0.245421 0.220186 0.194723
0.141228 0.68215 0.30302 0.213521 0.166116 0.185508 0.227326 0.210628 0.195238 0.114539 0.222671 0.757823 0.221342 0.256889 0.27493 0.151139 0.219298 0.228496 0.734899 0.273958 0.225804 0.76285 0.24471 0.220179 0.194971
0.141094 0.683396 0.301979 0.213876 0.165657 0.185481 0.226004 0.210912 0.194911 0.114252 0.222666 0.761788 0.221337 0.257685 0.273328 0.150307 0.219293 0.227169 0.735417 0.27227 0.225975 0.765263 0.244079 0.220174 0.195172
0.140971 0.684535 0.301035 0.214183 0.165254 0.185437 0.224845 0.211194 0.194642 0.11401 0.222662 0.765217 0.221334 0.258421 0.271923 0.149569 0.219289 0.226008 0.73586 0.270801 0.226143 0.767338 0.243521 0.22017 0.195328
0.14086 0.685574 0.300182 0.214447 0.164903 0.185381 0.223836 0.21147 0.194424 0.113806 0.22266 0.768173 0.221331 0.259099 0.270695 0.148918 0.219287 0.224996 0.736234 0.269527 0.226307 0.769114 0.243031 0.220168 0.195446
0.140761 0.686517 0.299413 0.214675 0.164597 0.185315 0.22296 0.211738 0.194249 0.113635 0.222658 0.770711 0.221329 0.259721 0.269625 0.148345 0.219285 0.224117 0.736547 0.268428 0.226464 0.77063 0.242601 0.220166 0.19553
0.140673 0.687372 0.29872 0.214869 0.164331 0.185245 0.222201 0.211995 0.194109 0.113492 0.222657 0.772885 0.221328 0.260291 0.268694 0.147843 0.219284 0.223356 0.736807 0.267483 0.226614 0.77192 0.242226 0.220165 0.195586
0.140595 0.688145 0.298098 0.215034 0.164101 0.185172 0.221547 0.21224 0.194 0.113373 0.222656 0.774744 0.221327 0.260811 0.267887 0.147403 0.219283 0.2227 0.73702 0.266672 0.226756 0.773014 0.2419 0.220164 0.195617
0.140526 0.688841 0.29754 0.215175 0.163901 0.185099 0.220984 0.212473 0.193916 0.113273 0.222656 0.776329 0.221327 0.261285 0.267187 0.14702 0.219283 0.222135 0.737193 0.265978 0.226889 0.77394 0.241617 0.220164 0.195628
0.140466 0.689468 0.29704 0.215294 0.163728 0.185028 0.2205 0.212691 0.193851 0.11319 0.222655 0.77768 0.221327 0.261715 0.266581 0.146687 0.219282 0.22165 0.737331 0.265385 0.227013 0.774723 0.241371 0.220163 0.195623
0.140414 0.690032 0.296592 0.215395 0.163579 0.184959 0.220085 0.212896 0.193803 0.11312 0.222655 0.778829 0.221327 0.262106 0.266057 0.146398 0.219282 0.221234 0.737439 0.26488 0.227127 0.775383 0.241159 0.220163 0.195605
0.140368 0.690538 0.296191 0.21548 0.163449 0.184894 0.219729 0.213087 0.193767 0.113062 0.222656 0.779806 0.221327 0.26246 0.265604 0.146147 0.219283 0.220877 0.737523 0.264451 0.227233 0.77594 0.240976 0.220164 0.195576
0.140329 0.690991 0.295832 0.215552 0.163338 0.184833 0.219425 0.213264 0.193742 0.113014 0.222656 0.780636 0.221327 0.262781 0.265212 0.145929 0.219283 0.220572 0.737586 0.264086 0.22733 0.776408 0.240819 0.220164 0.19554
0.140296 0.691396 0.295512 0.215613 0.163241 0.184777 0.219165 0.213428 0.193725 0.112974 0.222656 0.781341 0.221327 0.26307 0.264873 0.145741 0.219283 0.220312 0.737631 0.263775 0.227419 0.776802 0.240683 0.220164 0.195499
0.140267 0.691759 0.295225 0.215665 0.163157 0.184725 0.218943 0.213579 0.193714 0.112941 0.222656 0.781939 0.221328 0.263332 0.26458 0.145579 0.219283 0.220089 0.737662 0.263512 0.2275 0.777133 0.240566 0.220164 0.195454
0.140242 0.692082 0.29497 0.215708 0.163084 0.184678 0.218753 0.213717 0.193708 0.112913 0.222657 0.782447 0.221328 0.263568 0.264327 0.145438 0.219284 0.219899 0.737682 0.263289 0.227574 0.777411 0.240465 0.220165 0.195407
0.140221 0.692372 0.294741 0.215745 0.163021 0.184635 0.218591 0.213844 0.193705 0.11289 0.222657 0.782877 0.221328 0.26378 0.264108 0.145317 0.219284 0.219736 0.737692 0.2631 0.227641 0.777644 0.240379 0.220165 0.195358
0.140204 0.692629 0.294537 0.215777 0.162966 0.184597 0.218453 0.21396 0.193706 0.112871 0.222657 0.783243 0.221328 0.263972 0.263918 0.145212 0.219284 0.219598 0.737695 0.26294 0.227701 0.777839 0.240305 0.220165 0.19531
0.140189 0.692859 0.294355 0.215803 0.162919 0.184562 0.218335 0.214067 0.193708 0.112855 0.222657 0.783553 0.221329 0.264144 0.263753 0.145122 0.219284 0.219479 0.737692 0.262804 0.227755 0.778004 0.240241 0.220165 0.195262
0.140176 0.693064 0.294193 0.215826 0.162877 0.184531 0.218234 0.214163 0.193712 0.112842 0.222658 0.783817 0.221329 0.264299 0.263611 0.145044 0.219285 0.219378 0.737684 0.262689 0.227805 0.778141 0.240187 0.220166 0.195216
0.140166 0.693246 0.294047 0.215845 0.162841 0.184503 0.218148 0.214251 0.193717 0.112831 0.222658 0.784041 0.221329 0.264438 0.263487 0.144977 0.219285 0.219292 0.737673 0.262592 0.227849 0.778257 0.24014 0.220166 0.195171
0.140157 0.693408 0.293918 0.215862 0.16281 0.184478 0.218075 0.214331 0.193722 0.112822 0.222658 0.784231 0.221329 0.264563 0.263379 0.144919 0.219285 0.219219 0.737659 0.262509 0.227888 0.778354 0.240099 0.220166 0.195129
0.140149 0.693553 0.293802 0.215876 0.162783 0.184456 0.218012 0.214404 0.193728 0.112814 0.222658 0.784392 0.22133 0.264675 0.263285 0.144869 0.219285 0.219156 0.737644 0.262439 0.227924 0.778435 0.240064 0.220166 0.195088
0.140143 0.693681 0.293699 0.215888 0.162759 0.184437 0.217959 0.21447 0.193734 0.112808 0.222658 0.78453 0.22133 0.264776 0.263204 0.144825 0.219285 0.219102 0.737628 0.26238 0.227956 0.778503 0.240035 0.220166 0.19505
0.140138 0.693795 0.293607 0.215898 0.162739 0.18442 0.217913 0.214529 0.19374 0.112803 0.222658 0.784647 0.22133 0.264866 0.263133 0.144788 0.219285 0.219056 0.73761 0.26233 0.227984 0.77856 0.240009 0.220166 0.195014
0.140134 0.693897 0.293525 0.215907 0.162721 0.184405 0.217874 0.214583 0.193746 0.112799 0.222659 0.784746 0.22133 0.264948 0.263071 0.144756 0.219286 0.219017 0.737593 0.262287 0.22801 0.778608 0.239987 0.220167 0.194981
0.14013 0.693987 0.293451 0.215915 0.162705 0.184391 0.21784 0.214632 0.193752 0.112796 0.222659 0.784831 0.22133 0.26502 0.263017 0.144728 0.219286 0.218983 0.737576 0.262251 0.228033 0.778648 0.239968 0.220167 0.19495
0.140127 0.694067 0.293386 0.215922 0.162692 0.18438 0.217812 0.214676 0.193757 0.112793 0.222659 0.784903 0.22133 0.265086 0.26297 0.144704 0.219286 0.218954 0.737559 0.26222 0.228053 0.778682 0.239951 0.220167 0.194921
0.140125 0.694138 0.293327 0.215927 0.16268 0.184369 0.217787 0.214716 0.193762 0.112791 0.222659 0.784965 0.22133 0.265144 0.262928 0.144683 0.219286 0.21893 0.737542 0.262194 0.228071 0.77871 0.239937 0.220167 0.194895
0.140123 0.694201 0.293275 0.215933 0.162669 0.18436 0.217766 0.214752 0.193767 0.112789 0.222659 0.785017 0.221331 0.265196 0.262892 0.144665 0.219286 0.218909 0.737526 0.262171 0.228087 0.778734 0.239925 0.220167 0.19487
0.140122 0.694257 0.293228 0.215937 0.16266 0.184352 0.217748 0.214784 0.193772 0.112787 0.222659 0.785062 0.221331 0.265243 0.26286 0.14465 0.219286 0.218891 0.737511 0.262152 0.228102 0.778754 0.239914 0.220167 0.194848
0.14012 0.694307 0.293187 0.215941 0.162652 0.184345 0.217732 0.214814 0.193776 0.112786 0.222659 0.7851 0.221331 0.265285 0.262832 0.144636 0.219286 0.218875 0.737496 0.262136 0.228115 0.778771 0.239905 0.220167 0.194828
0.14012 0.694352 0.29315 0.215944 0.162645 0.184339 0.217719 0.21484 0.19378 0.112785 0.222659 0.785133 0.221331 0.265323 0.262808 0.144624 0.219286 0.218862 0.737482 0.262122 0.228126 0.778785 0.239897 0.220167 0.194809
0.140119 0.694391 0.293116 0.215947 0.162639 0.184334 0.217708 0.214864 0.193783 0.112784 0.222659 0.785161 0.221331 0.265357 0.262786 0.144614 0.219286 0.21885 0.737469 0.262111 0.228136 0.778797 0.239891 0.220167 0.194792
0.140118 0.694426 0.293087 0.21595 0.162634 0.184329 0.217698 0.214885 0.193787 0.112784 0.22266 0.785185 0.221331 0.265387 0.262767 0.144605 0.219287 0.21884 0.737457 0.262101 0.228145 0.778807 0.239885 0.220167 0.194776
0.140118 0.694457 0.29306 0.215952 0.162629 0.184325 0.217689 0.214904 0.19379 0.112783 0.22266 0.785206 0.221331 0.265414 0.262751 0.144598 0.219287 0.218832 0.737446 0.262092 0.228154 0.778815 0.23988 0.220168 0.194762
0.140118 0.694485 0.293037 0.215954 0.162625 0.184321 0.217682 0.214922 0.193793 0.112783 0.22266 0.785223 0.221331 0.265438 0.262736 0.144591 0.219287 0.218824 0.737436 0.262085 0.228161 0.778822 0.239875 0.220168 0.19475
0.140117 0.694509 0.293015 0.215956 0.162622 0.184318 0.217676 0.214937 0.193795 0.112783 0.22266 0.785239 0.221331 0.26546 0.262723 0.144586 0.219287 0.218818 0.737426 0.262078 0.228167 0.778828 0.239871 0.220168 0.194738
0.140117 0.694531 0.292997 0.215958 0.162619 0.184315 0.21767 0.214951 0.193798 0.112783 0.22266 0.785252 0.221331 0.265479 0.262712 0.144581 0.219287 0.218813 0.737417 0.262073 0.228173 0.778833 0.239868 0.220168 0.194727
0.140117 0.69455 0.29298 0.215959 0.162616 0.184313 0.217665 0.214964 0.1938 0.112783 0.22266 0.785263 0.221331 0.265497 0.262702 0.144576 0.219287 0.218808 0.737409 0.262068 0.228178 0.778837 0.239865 0.220168 0.194718
0.140117 0.694567 0.292965 0.21596 0.162614 0.184311 0.217661 0.214975 0.193802 0.112783 0.22266 0.785272 0.221331 0.265512 0.262693 0.144572 0.219287 0.218804 0.737401 0.262064 0.228183 0.778841 0.239862 0.220168 0.194709
0.140117 0.694583 0.292951 0.215961 0.162612 0.184309 0.217658 0.214985 0.193804 0.112783 0.22266 0.785281 0.221331 0.265526 0.262685 0.144569 0.219287 0.2188 0.737394 0.262061 0.228187 0.778844 0.23986 0.220168 0.194702
0.140117 0.694596 0.292939 0.215962 0.16261 0.184307 0.217655 0.214995 0.193805 0.112783 0.22266 0.785288 0.221331 0.265539 0.262678 0.144566 0.219287 0.218797 0.737387 0.262058 0.22819 0.778846 0.239858 0.220168 0.194695
0.140117 0.694608 0.292928 0.215963 0.162608 0.184306 0.217652 0.215003 0.193807 0.112783 0.22266 0.785294 0.221331 0.26555 0.262671 0.144564 0.219287 0.218795 0.737382 0.262055 0.228193 0.778848 0.239856 0.220168 0.194688
0.140117 0.694619 0.292919 0.215964 0.162607 0.184305 0.21765 0.21501 0.193808 0.112783 0.22266 0.785299 0.221331 0.26556 0.262666 0.144562 0.219287 0.218792 0.737376 0.262053 0.228196 0.77885 0.239855 0.220168 0.194683
0.140117 0.694628 0.29291 0.215965 0.162606 0.184304 0.217648 0.215017 0.193809 0.112783 0.22266 0.785304 0.221331 0.265568 0.262661 0.14456 0.219287 0.21879 0.737371 0.262051 0.228199 0.778852 0.239854 0.220168 0.194678
0.140117 0.694637 0.292903 0.215965 0.162604 0.184303 0.217646 0.215023 0.19381 0.112783 0.22266 0.785308 0.221331 0.265576 0.262657 0.144558 0.219287 0.218789 0.737367 0.262049 0.228201 0.778853 0.239852 0.220168 0.194673
0.140117 0.694644 0.292896 0.215966 0.162603 0.184302 0.217645 0.215028 0.193811 0.112783 0.22266 0.785311 0.221331 0.265584 0.262653 0.144557 0.219287 0.218787 0.737363 0.262048 0.228203 0.778854 0.239851 0.220168 0.194669
0.140117 0.694651 0.29289 0.215967 0.162603 0.184301 0.217643 0.215033 0.193812 0.112783 0.22266 0.785314 0.221331 0.26559 0.262649 0.144555 0.219287 0.218786 0.737359 0.262047 0.228205 0.778855 0.239851 0.220168 0.194665
0.140118 0.694657 0.292884 0.215967 0.162602 0.184301 0.217642 0.215037 0.193813 0.112783 0.22266 0.785317 0.221331 0.265596 0.262646 0.144554 0.219287 0.218785 0.737355 0.262046 0.228206 0.778856 0.23985 0.220168 0.194662
0.140118 0.694662 0.292879 0.215967 0.162601 0.1843 0.217641 0.215041 0.193814 0.112783 0.22266 0.785319 0.221331 0.265601 0.262644 0.144553 0.219287 0.218784 0.737352 0.262045 0.228208 0.778857 0.239849 0.220168 0.194659
0.140118 0.694667 0.292875 0.215968 0.162601 0.1843 0.21764 0.215044 0.193814 0.112783 0.22266 0.785321 0.221331 0.265605 0.262641 0.144552 0.219287 0.218783 0.73735 0.262044 0.228209 0.778857 0.239849 0.220168 0.194656
0.140118 0.694671 0.292871 0.215968 0.1626 0.184299 0.21764 0.215048 0.193815 0.112783 0.22266 0.785323 0.221331 0.265609 0.262639 0.144552 0.219287 0.218782 0.737347 0.262043 0.22821 0.778858 0.239848 0.220168 0.194654
0.140118 0.694675 0.292868 0.215968 0.1626 0.184299 0.217639 0.21505 0.193815 0.112783 0.22266 0.785324 0.221331 0.265613 0.262637 0.144551 0.219287 0.218781 0.737345 0.262043 0.228211 0.778858 0.239848 0.220168 0.194651
0.140118 0.694678 0.292865 0.215969 0.162599 0.184298 0.217638 0.215053 0.193816 0.112783 0.22266 0.785326 0.221331 0.265616 0.262635 0.14455 0.219287 0.218781 0.737343 0.262042 0.228212 0.778859 0.239847 0.220168 0.19465
0.140118 0.694681 0.292862 0.215969 0.162599 0.184298 0.217638 0.215055 0.193816 0.112783 0.22266 0.785327 0.221331 0.265619 0.262634 0.14455 0.219287 0.21878 0.737341 0.262042 0.228213 0.778859 0.239847 0.220168 0.194648
0.140118 0.694684 0.292859 0.215969 0.162599 0.184298 0.217638 0.215057 0.193817 0.112783 0.22266 0.785328 0.221331 0.265622 0.262633 0.144549 0.219287 0.21878 0.737339 0.262041 0.228214 0.778859 0.239846 0.220168 0.194646
0.140118 0.694686 0.292857 0.215969 0.162599 0.184298 0.217637 0.215059 0.193817 0.112783 0.22266 0.785329 0.221331 0.265624 0.262631 0.144549 0.219287 0.218779 0.737338 0.262041 0.228214 0.778859 0.239846 0.220168 0.194645
0.140118 0.694688 0.292855 0.215969 0.162598 0.184297 0.217637 0.215061 0.193817 0.112783 0.22266 0.785329 0.221331 0.265626 0.26263 0.144549 0.219287 0.218779 0.737336 0.26204 0.228215 0.77886 0.239846 0.220168 0.194644
0.140118 0.69469 0.292853 0.21597 0.162598 0.184297 0.217637 0.215062 0.193818 0.112783 0.22266 0.78533 0.221331 0.265628 0.262629 0.144548 0.219287 0.218779 0.737335 0.26204 0.228215 0.77886 0.239846 0.220168 0.194642
0.140118 0.694691 0.292852 0.21597 0.162598 0.184297 0.217636 0.215063 0.193818 0.112783 0.22266 0.785331 0.221331 0.26563 0.262628 0.144548 0.219287 0.218779 0.737334 0.26204 0.228216 0.77886 0.239845 0.220168 0.194641
0.140118 0.694693 0.29285 0.21597 0.162598 0.184297 0.217636 0.215064 0.193818 0.112784 0.22266 0.785331 0.221331 0.265631 0.262628 0.144548 0.219287 0.218778 0.737333 0.26204 0.228216 0.77886 0.239845 0.220168 0.194641
0.140118 0.694694 0.292849 0.21597 0.162598 0.184297 0.217636 0.215065 0.193818 0.112784 0.22266 0.785331 0.221331 0.265633 0.262627 0.144548 0.219287 0.218778 0.737332 0.26204 0.228216 0.77886 0.239845 0.220168 0.19464
0.140118 0.694695 0.292848 0.21597 0.162597 0.184297 0.217636 0.215066 0.193818 0.112784 0.22266 0.785332 0.221331 0.265634 0.262626 0.144548 0.219287 0.218778 0.737331 0.262039 0.228217 0.77886 0.239845 0.220168 0.194639
0.140118 0.694696 0.292847 0.21597 0.162597 0.184297 0.217635 0.215067 0.193819 0.112784 0.22266 0.785332 0.221332 0.265635 0.262626 0.144547 0.219287 0.218778 0.73733 0.262039 0.228217 0.77886 0.239845 0.220168 0.194638
0.140119 0.694697 0.292846 0.21597 0.162597 0.184297 0.217635 0.215068 0.193819 0.112784 0.22266 0.785332 0.221332 0.265636 0.262625 0.144547 0.219287 0.218778 0.73733 0.262039 0.228217 0.77886 0.239845 0.220168 0.194638
0.140119 0.694698 0.292845 0.21597 0.162597 0.184297 0.217635 0.215069 0.193819 0.112784 0.22266 0.785333 0.221332 0.265637 0.262625 0.144547 0.219287 0.218778 0.737329 0.262039 0.228217 0.77886 0.239845 0.220168 0.194637
0.140119 0.694699 0.292845 0.21597 0.162597 0.184297 0.217635 0.215069 0.193819 0.112784 0.22266 0.785333 0.221332 0.265637 0.262625 0.144547 0.219287 0.218777 0.737328 0.262039 0.228218 0.77886 0.239845 0.220168 0.194637
0.140119 0.694699 0.292844 0.21597 0.162597 0.184296 0.217635 0.21507 0.193819 0.112784 0.22266 0.785333 0.221332 0.265638 0.262624 0.144547 0.219287 0.218777 0.737328 0.262039 0.228218 0.778861 0.239845 0.220168 0.194636
0.140119 0.6947 0.292843 0.21597 0.162597 0.184296 0.217635 0.21507 0.193819 0.112784 0.22266 0.785333 0.221332 0.265639 0.262624 0.144547 0.219287 0.218777 0.737327 0.262039 0.228218 0.778861 0.239844 0.220168 0.194636
0.140119 0.694701 0.292843 0.21597 0.162597 0.184296 0.217635 0.215071 0.193819 0.112784 0.22266 0.785333 0.221332 0.265639 0.262624 0.144547 0.219287 0.218777 0.737327 0.262039 0.228218 0.778861 0.239844 0.220168 0.194636
0.140119 0.694701 0.292842 0.215971 0.162597 0.184296 0.217635 0.215071 0.193819 0.112784 0.22266 0.785334 0.221332 0.26564 0.262623 0.144547 0.219287 0.218777 0.737327 0.262039 0.228218 0.778861 0.239844 0.220168 0.194635
0.140119 0.694701 0.292842 0.215971 0.162597 0.184296 0.217635 0.215071 0.193819 0.112784 0.22266 0.785334 0.221332 0.26564 0.262623 0.144547 0.219287 0.218777 0.737326 0.262039 0.228218 0.778861 0.239844 0.220168 0.194635
0.140119 0.694702 0.292842 0.215971 0.162597 0.184296 0.217635 0.215072 0.193819 0.112784 0.22266 0.785334 0.221332 0.26564 0.262623 0.144547 0.219287 0.218777 0.737326 0.262038 0.228218 0.778861 0.239844 0.220168 0.194635
0.140119 0.694702 0.292841 0.215971 0.162597 0.184296 0.217635 0.215072 0.193819 0.112784 0.22266 0.785334 0.221332 0.265641 0.262623 0.144546 0.219287 0.218777 0.737326 0.262038 0.228219 0.778861 0.239844 0.220168 0.194635
0.140119 0.694702 0.292841 0.215971 0.162597 0.184296 0.217635 0.215072 0.193819 0.112784 0.22266 0.785334 0.221332 0.265641 0.262623 0.144546 0.219287 0.218777 0.737326 0.262038 0.228219 0.778861 0.239844 0.220168 0.194635
0.140119 0.694703 0.292841 0.215971 0.162597 0.184296 0.217635 0.215072 0.19382 0.112784 0.22266 0.785334 0.221332 0.265641 0.262622 0.144546 0.219287 0.218777 0.737325 0.262038 0.228219 0.778861 0.239844 0.220168 0.194634
0.140119 0.694703 0.292841 0.215971 0.162597 0.184296 0.217635 0.215073 0.19382 0.112784 0.22266 0.785334 0.221332 0.265642 0.262622 0.144546 0.219287 0.218777 0.737325 0.262038 0.228219 0.778861 0.239844 0.220168 0.194634
0.140119 0.694703 0.29284 0.215971 0.162597 0.184296 0.217635 0.215073 0.19382 0.112784 0.22266 0.785334 0.221332 0.265642 0.262622 0.144546 0.219287 0.218777 0.737325 0.262038 0.228219 0.778861 0.239844 0.220168 0.194634
0.140119 0.694703 0.29284 0.215971 0.162597 0.184296 0.217634 0.215073 0.19382 0.112784 0.22266 0.785334 0.221332 0.265642 0.262622 0.144546 0.219287 0.218777 0.737325 0.262038 0.228219 0.778861 0.239844 0.220168 0.194634
0.140119 0.694703 0.29284 0.215971 0.162597 0.184296 0.217634 0.215073 0.19382 0.112784 0.22266 0.785334 0.221332 0.265642 0.262622 0.144546 0.219287 0.218777 0.737325 0.262038 0.228219 0.778861 0.239844 0.220168 0.194634
0.140119 0.694704 0.29284 0.215971 0.162597 0.184296 0.217634 0.215073 0.19382 0.112784 0.22266 0.785334 0.221332 0.265642 0.262622 0.144546 0.219287 0.218777 0.737325 0.262038 0.228219 0.778861 0.239844 0.220168 0.194634
0.140119 0.694704 0.29284 0.215971 0.162597 0.184296 0.217634 0.215073 0.19382 0.112784 0.22266 0.785334 0.221332 0.265643 0.262622 0.144546 0.219287 0.218777 0.737324 0.262038 0.228219 0.778861 0.239844 0.220168 0.194634
0.140119 0.694704 0.29284 0.215971 0.162597 0.184296 0.217634 0.215074 0.19382 0.112784 0.22266 0.785334 0.221332 0.265643 0.262622 0.144546 0.219287 0.218777 0.737324 0.262038 0.228219 0.778861 0.239844 0.220168 0.194634
0.140119 0.694704 0.292839 0.215971 0.162597 0.184296 0.217634 0.215074 0.19382 0.112784 0.22266 0.785334 0.221332 0.265643 0.262622 0.144546 0.219287 0.218777 0.737324 0.262038 0.228219 0.778861 0.239844 0.220168 0.194634
0.140119 0.694704 0.292839 0.215971 0.162597 0.184296 0.217634 0.215074 0.19382 0.112784 0.22266 0.785334 0.221332 0.265643 0.262622 0.144546 0.219287 0.218777 0.737324 0.262038 0.228219 0.778861 0.239844 0.220168 0.194633
0.140119 0.694704 0.292839 0.215971 0.162597 0.184296 0.217634 0.215074 0.19382 0.112784 0.22266 0.785335 0.221332 0.265643 0.262622 0.144546 0.219287 0.218777 0.737324 0.262038 0.228219 0.778861 0.239844 0.220168 0.194633
0.140119 0.694704 0.292839 0.215971 0.162597 0.184296 0.217634 0.215074 0.19382 0.112784 0.22266 0.785335 0.221332 0.265643 0.262622 0.144546 0.219287 0.218777 0.737324 0.262038 0.228219 0.778861 0.239844 0.220168 0.194633
0.140119 0.694704 0.292839 0.215971 0.162597 0.184296 0.217634 0.215074 0.19382 0.112784 0.22266 0.785335 0.221332 0.265643 0.262622 0.144546 0.219287 0.218777 0.737324 0.262038 0.228219 0.778861 0.239844 0.220168 0.194633
0.140119 0.694704 0.292839 0.215971 0.162597 0.184296 0.217634 0.215074 0.19382 0.112784 0.22266 0.785335 0.221332 0.265643 0.262622 0.144546 0.219287 0.218777 0.737324 0.262038 0.228219 0.778861 0.239844 0.220168 0.194633
0.140119 0.694704 0.292839 0.215971 0.162597 0.184296 0.217634 0.215074 0.19382 0.112784 0.22266 0.785335 0.221332 0.265643 0.262622 0.144546 0.219287 0.218777 0.737324 0.262038 0.228219 0.778861 0.239844 0.220168 0.194633
0.140119 0.694704 0.292839 0.215971 0.162597 0.184296 0.217634 0.215074 0.19382 0.112784 0.22266 0.785335 0.221332 0.265643 0.262622 0.144546 0.219287 0.218777 0.737324 0.262038 0.228219 0.778861 0.239844 0.220168 0.194633
0.140119 0.694704 0.292839 0.215971 0.162597 0.184296 0.217634 0.215074 0.19382 0.112784 0.22266 0.785335 0.221332 0.265643 0.262621 0.144546 0.219287 0.218777 0.737324 0.262038 0.228219 0.778861 0.239844 0.220168 0.194633
0.140119 0.694704 0.292839 0.215971 0.162597 0.184296 0.217634 0.215074 0.19382 0.112784 0.22266 0.785335 0.221332 0.265643 0.262621 0.144546 0.219287 0.218777 0.737324 0.262038 0.228219 0.778861 0.239844 0.220168 0.194633
0.140119 0.694704 0.292839 0.215971 0.162597 0.184296 0.217634 0.215074 0.19382 0.112784 0.22266 0.785335 0.221332 0.265643 0.262621 0.144546 0.219287 0.218777 0.737324 0.262038 0.228219 0.778861 0.239844 0.220168 0.194633
0.140119 0.694704 0.292839 0.215971 0.162597 0.184296 0.217634 0.215074 0.19382 0.112784 0.22266 0.785335 0.221332 0.265643 0.262621 0.144546 0.219287 0.218777 0.737324 0.262038 0.228219 0.778861 0.239844 0.220168 0.194633
0.140119 0.694705 0.292839 0.215971 0.162597 0.184296 0.217634 0.215074 0.19382 0.112784 0.22266 0.785335 0.221332 0.265644 0.262621 0.144546 0.219287 0.218777 0.737324 0.262038 0.228219 0.778861 0.239844 0.220168 0.194633
0.140119 0.694705 0.292839 0.215971 0.162597 0.184296 0.217634 0.215074 0.19382 0.112784 0.22266 0.785335 0.221332 0.265644 0.262621 0.144546 0.219287 0.218777 0.737324 0.262038 0.228219 0.778861 0.239844 0.220168 0.194633
0.140119 0.694705 0.292839 0.215971 0.162597 0.184296 0.217634 0.215074 0.19382 0.112784 0.22266 0.785335 0.221332 0.265644 0.262621 0.144546 0.219287 0.218777 0.737324 0.262038 0.228219 0.778861 0.239844 0.220168 0.194633
0.140119 0.694705 0.292839 0.215971 0.162597 0.184296 0.217634 0.215074 0.19382 0.112784 0.22266 0.785335 0.221332 0.265644 0.262621 0.144546 0.219287 0.218777 0.737324 0.262038 0.228219 0.778861 0.239844 0.220168 0.194633
0.140119 0.694705 0.292839 0.215971 0.162597 0.184296 0.217634 0.215074 0.19382 0.112784 0.22266 0.785335 0.221332 0.265644 0.262621 0.144546 0.219287 0.218777 0.737324 0.262038 0.228219 0.778861 0.239844 0.220168 0.194633
0.140119 0.694705 0.292839 0.215971 0.162597 0.184296 0.217634 0.215074 0.19382 0.112784 0.22266 0.785335 0.221332 0.265644 0.262621 0.144546 0.219287 0.218777 0.737324 0.262038 0.228219 0.778861 0.239844 0.220168 0.194633
0.140119 0.694705 0.292839 0.215971 0.162597 0.184296 0.217634 0.215074 0.19382 0.112784 0.22266 0.785335 0.221332 0.265644 0.262621 0.144546 0.219287 0.218777 0.737324 0.262038 0.228219 0.778861 0.239844 0.220168 0.194633
0.140119 0.694705 0.292839 0.215971 0.162597 0.184296 0.217634 0.215074 0.19382 0.112784 0.22266 0.785335 0.221332 0.265644 0.262621 0.144546 0.219287 0.218777 0.737324 0.262038 0.228219 0.778861 0.239844 0.220168 0.194633
0.140119 0.694705 0.292839 0.215971 0.162597 0.184296 0.217634 0.215074 0.19382 0.112784 0.22266 0.785335 0.221332 0.265644 0.262621 0.144546 0.219287 0.218777 0.737324 0.262038 0.228219 0.778861 0.239844 0.220168 0.194633
0.140119 0.694705 0.292839 0.215971 0.162597 0.184296 0.217634 0.215074 0.19382 0.112784 0.22266 0.785335 0.221332 0.265644 0.262621 0.144546 0.219287 0.218777 0.737324 0.262038 0.228219 0.778861 0.239844 0.220168 0.194633
0.140119 0.694705 0.292839 0.215971 0.162597 0.184296 0.217634 0.215074 0.19382 0.112784 0.22266 0.785335 0.221332 0.265644 0.262621 0.144546 0.219287 0.218777 0.737324 0.262038 0.228219 0.778861 0.239844 0.220168 0.194633
0.140119 0.694705 0.292839 0.215971 0.162597 0.184296 0.217634 0.215074 0.19382 0.112784 0.22266 0.785335 0.221332 0.265644 0.262621 0.144546 0.219287 0.218777 0.737324 0.262038 0.228219 0.778861 0.239844 0.220168 0.194633
0.140119 0.694705 0.292839 0.215971 0.162597 0.184296 0.217634 0.215074 0.19382 0.112784 0.22266 0.785335 0.221332 0.265644 0.262621 0.144546 0.219287 0.218777 0.737324 0.262038 0.228219 0.778861 0.239844 0.220168 0.194633
0.140119 0.694705 0.292839 0.215971 0.162597 0.184296 0.217634 0.215074 0.19382 0.112784 0.22266 0.785335 0.221332 0.265644 0.262621 0.144546 0.219287 0.218777 0.737324 0.262038 0.228219 0.778861 0.239844 0.220168 0.194633
0.140119 0.694705 0.292839 0.215971 0.162597 0.184296 0.217634 0.215074 0.19382 0.112784 0.22266 0.785335 0.221332 0.265644 0.262621 0.144546 0.219287 0.218777 0.737324 0.262038 0.228219 0.778861 0.239844 0.220168 0.194633
0.140119 0.694705 0.292839 0.215971 0.162597 0.184296 0.217634 0.215074 0.19382 0.112784 0.22266 0.785335 0.221332 0.265644 0.262621 0.144546 0.219287 0.218777 0.737324 0.262038 0.228219 0.778861 0.239844 0.220168 0.194633
0.140119 0.694705 0.292839 0.215971 0.162597 0.184296 0.217634 0.215074 0.19382 0.112784 0.22266 0.785335 0.221332 0.265644 0.262621 0.144546 0.219287 0.218777 0.737324 0.262038 0.228219 0.778861 0.239844 0.220168 0.194633
0.140119 0.694705 0.292839 0.215971 0.162597 0.184296 0.217634 0.215074 0.19382 0.112784 0.22266 0.785335 0.221332 0.265644 0.262621 0.144546 0.219287 0.218777 0.737324 0.262038 0.228219 0.778861 0.239844 0.220168 0.194633
0.140119 0.694705 0.292839 0.215971 0.162597 0.184296 0.217634 0.215074 0.19382 0.112784 0.22266 0.785335 0.221332 0.265644 0.262621 0.144546 0.219287 0.218777 0.737324 0.262038 0.228219 0.778861 0.239844 0.220168 0.194633
0.140119 0.694705 0.292839 0.215971 0.162597 0.184296 0.217634 0.215074 0.19382 0.112784 0.22266 0.785335 0.221332 0.265644 0.262621 0.144546 0.219287 0.218777 0.737324 0.262038 0.228219 0.778861 0.239844 0.220168 0.194633
0.140119 0.694705 0.292839 0.215971 0.162597 0.184296 0.217634 0.215074 0.19382 0.112784 0.22266 0.785335 0.221332 0.265644 0.262621 0.144546 0.219287 0.218777 0.737324 0.262038 0.228219 0.778861 0.239844 0.220168 0.194633
0.140119 0.694705 0.292839 0.215971 0.162597 0.184296 0.217634 0.215074 0.19382 0.112784 0.22266 0.785335 0.221332 0.265644 0.262621 0.144546 0.219287 0.218777 0.737324 0.262038 0.228219 0.778861 0.239844 0.220168 0.194633
0.140119 0.694705 0.292839 0.215971 0.162597 0.184296 0.217634 0.215074 0.19382 0.112784 0.22266 0.785335 0.221332 0.265644 0.262621 0.144546 0.219287 0.218777 0.737324 0.262038 0.228219 0.778861 0.239844 0.220168 0.194633
0.140119 0.694705 0.292839 0.215971 0.162597 0.184296 0.217634 0.215074 0.19382 0.112784 0.22266 0.785335 0.221332 0.265644 0.262621 0.144546 0.219287 0.218777 0.737324 0.262038 0.228219 0.778861 0.239844 0.220168 0.194633
0.140119 0.694705 0.292839 0.215971 0.162597 0.184296 0.217634 0.215074 0.19382 0.112784 0.22266 0.785335 0.221332 0.265644 0.262621 0.144546 0.219287 0.218777 0.737324 0.262038 0.228219 0.778861 0.239844 0.220168 0.194633
0.140119 0.694705 0.292839 0.215971 0.162597 0.184296 0.217634 0.215074 0.19382 0.112784 0.22266 0.785335 0.221332 0.265644 0.262621 0.144546 0.219287 0.218777 0.737324 0.262038 0.228219 0.778861 0.239844 0.220168 0.194633
0.140119 0.694705 0.292839 0.215971 0.162597 0.184296 0.217634 0.215074 0.19382 0.112784 0.22266 0.785335 0.221332 0.265644 0.262621 0.144546 0.219287 0.218777 0.737324 0.262038 0.228219 0.778861 0.239844 0.220168 0.194633
0.140119 0.694705 0.292839 0.215971 0.162597 0.184296 0.217634 0.215074 0.19382 0.112784 0.22266 0.785335 0.221332 0.265644 0.262621 0.144546 0.219287 0.218777 0.737324 0.262038 0.228219 0.778861 0.239844 0.220168 0.194633
0.140119 0.694705 0.292839 0.215971 0.162597 0.184296 0.217634 0.215074 0.19382 0.112784 0.22266 0.785335 0.221332 0.265644 0.262621 0.144546 0.219287 0.218777 0.737324 0.262038 0.228219 0.778861 0.239844 0.220168 0.194633
0.140119 0.694705 0.292839 0.215971 0.162597 0.184296 0.217634 0.215074 0.19382 0.112784 0.22266 0.785335 0.221332 0.265644 0.262621 0.144546 0.219287 0.218777 0.737324 0.262038 0.228219 0.778861 0.239844 0.220168 0.194633
0.140119 0.694705 0.292839 0.215971 0.162597 0.184296 0.217634 0.215074 0.19382 0.112784 0.22266 0.785335 0.221332 0.265644 0.262621 0.144546 0.219287 0.218777 0.737324 0.262038 0.228219 0.778861 0.239844 0.220168 0.194633
0.140119 0.694705 0.292839 0.215971 0.162597 0.184296 0.217634 0.215074 0.19382 0.112784 0.22266 0.785335 0.221332 0.265644 0.262621 0.144546 0.219287 0.218777 0.737324 0.262038 0.228219 0.778861 0.239844 0.220168 0.194633
0.140119 0.694705 0.292839 0.215971 0.162597 0.184296 0.217634 0.215074 0.19382 0.112784 0.22266 0.785335 0.221332 0.265644 0.262621 0.144546 0.219287 0.218777 0.737324 0.262038 0.228219 0.778861 0.239844 0.220168 0.194633
0.140119 0.694705 0.292839 0.215971 0.162597 0.184296 0.217634 0.215074 0.19382 0.112784 0.22266 0.785335 0.221332 0.265644 0.262621 0.144546 0.219287 0.218777 0.737324 0.262038 0.228219 0.778861 0.239844 0.220168 0.194633
0.140119 0.694705 0.292839 0.215971 0.162597 0.184296 0.217634 0.215074 0.19382 0.112784 0.22266 0.785335 0.221332 0.265644 0.262621 0.144546 0.219287 0.218777 0.737324 0.262038 0.228219 0.778861 0.239844 0.220168 0.194633
0.140119 0.694705 0.292839 0.215971 0.162597 0.184296 0.217634 0.215074 0.19382 0.112784 0.22266 0.785335 0.221332 0.265644 0.262621 0.144546 0.219287 0.218777 0.737324 0.262038 0.228219 0.778861 0.239844 0.220168 0.194633
0.140119 0.694705 0.292839 0.215971 0.162597 0.184296 0.217634 0.215074 0.19382 0.112784 0.22266 0.785335 0.221332 0.265644 0.262621 0.144546 0.219287 0.218777 0.737324 0.262038 0.228219 0.778861 0.239844 0.220168 0.194633
0.140119 0.694705 0.292839 0.215971 0.162597 0.184296 0.217634 0.215074 0.19382 0.112784 0.22266 0.785335 0.221332 0.265644 0.262621 0.144546 0.219287 0.218777 0.737324 0.262038 0.228219 0.778861 0.239844 0.220168 0.194633
0.140119 0.694705 0.292839 0.215971 0.162597 0.184296 0.217634 0.215074 0.19382 0.112784 0.22266 0.785335 0.221332 0.265644 0.262621 0.144546 0.219287 0.218777 0.737324 0.262038 0.228219 0.778861 0.239844 0.220168 0.194633
0.140119 0.694705 0.292839 0.215971 0.162597 0.184296 0.217634 0.215074 0.19382 0.112784 0.22266 0.785335 0.221332 0.265644 0.262621 0.144546 0.219287 0.218777 0.737324 0.262038 0.228219 0.778861 0.239844 0.220168 0.194633
0.140119 0.694705 0.292839 0.215971 0.162597 0.184296 0.217634 0.215074 0.19382 0.112784 0.22266 0.785335 0.221332 0.265644 0.262621 0.144546 0.219287 0.218777 0.737324 0.262038 0.228219 0.778861 0.239844 0.220168 0.194633
0.140119 0.694705 0.292839 0.215971 0.162597 0.184296 0.217634 0.215074 0.19382 0.112784 0.22266 0.785335 0.221332 0.265644 0.262621 0.144546 0.219287 0.218777 0.737324 0.262038 0.228219 0.778861 0.239844 0.220168 0.194633
0.140119 0.694705 0.292839 0.215971 0.162597 0.184296 0.217634 0.215074 0.19382 0.112784 0.22266 0.785335 0.221332 0.265644 0.262621 0.144546 0.219287 0.218777 0.737324 0.262038 0.228219 0.778861 0.239844 0.220168 0.194633
0.140119 0.694705 0.292839 0.215971 0.162597 0.184296 0.217634 0.215074 0.19382 0.112784 0.22266 0.785335 0.221332 0.265644 0.262621 0.144546 0.219287 0.218777 0.737324 0.262038 0.228219 0.778861 0.239844 0.220168 0.194633
0.140119 0.694705 0.292839 0.215971 0.162597 0.184296 0.217634 0.215074 0.19382 0.112784 0.22266 0.785335 0.221332 0.265644 0.262621 0.144546 0.219287 0.218777 0.737324 0.262038 0.228219 0.778861 0.239844 0.220168 0.194633
0.140119 0.694705 0.292839 0.215971 0.162597 0.184296 0.217634 0.215074 0.19382 0.112784 0.22266 0.785335 0.221332 0.265644 0.262621 0.144546 0.219287 0.218777 0.737324 0.262038 0.228219 0.778861 0.239844 0.220168 0.194633
0.140119 0.694705 0.292839 0.215971 0.162597 0.184296 0.217634 0.215074 0.19382 0.112784 0.22266 0.785335 0.221332 0.265644 0.262621 0.144546 0.219287 0.218777 0.737324 0.262038 0.228219 0.778861 0.239844 0.220168 0.194633
0.140119 0.694705 0.292839 0.215971 0.162597 0.184296 0.217634 0.215074 0.19382 0.112784 0.22266 0.785335 0.221332 0.265644 0.262621 0.144546 0.219287 0.218777 0.737324 0.262038 0.228219 0.778861 0.239844 0.220168 0.194633
0.140119 0.694705 0.292839 0.215971 0.162597 0.184296 0.217634 0.215074 0.19382 0.112784 0.22266 0.785335 0.221332 0.265644 0.262621 0.144546 0.219287 0.218777 0.737324 0.262038 0.228219 0.778861 0.239844 0.220168 0.194633
0.140119 0.694705 0.292839 0.215971 0.162597 0.184296 0.217634 0.215074 0.19382 0.112784 0.22266 0.785335 0.221332 0.265644 0.262621 0.144546 0.219287 0.218777 0.737324 0.262038 0.228219 0.778861 0.239844 0.220168 0.194633
0.140119 0.694705 0.292839 0.215971 0.162597 0.184296 0.217634 0.215074 0.19382 0.112784 0.22266 0.785335 0.221332 0.265644 0.262621 0.144546 0.219287 0.218777 0.737324 0.262038 0.228219 0.778861 0.239844 0.220168 0.194633
0.140119 0.694705 0.292839 0.215971 0.162597 0.184296 0.217634 0.215074 0.19382 0.112784 0.22266 0.785335 0.221332 0.265644 0.262621 0.144546 0.219287 0.218777 0.737324 0.262038 0.228219 0.778861 0.239844 0.220168 0.194633
0.140119 0.694705 0.292839 0.215971 0.162597 0.184296 0.217634 0.215074 0.19382 0.112784 0.22266 0.785335 0.221332 0.265644 0.262621 0.144546 0.219287 0.218777 0.737324 0.262038 0.228219 0.778861 0.239844 0.220168 0.194633
0.140119 0.694705 0.292839 0.215971 0.162597 0.184296 0.217634 0.215074 0.19382 0.112784 0.22266 0.785335 0.221332 0.265644 0.262621 0.144546 0.219287 0.218777 0.737324 0.262038 0.228219 0.778861 0.239844 0.220168 0.194633
0.140119 0.694705 0.292839 0.215971 0.162597 0.184296 0.217634 0.215074 0.19382 0.112784 0.22266 0.785335 0.221332 0.265644 0.262621 0.144546 0.219287 0.218777 0.737324 0.262038 0.228219 0.778861 0.239844 0.220168 0.194633
0.140119 0.694705 0.292839 0.215971 0.162597 0.184296 0.217634 0.215074 0.19382 0.112784 0.22266 0.785335 0.221332 0.265644 0.262621 0.144546 0.219287 0.218777 0.737324 0.262038 0.228219 0.778861 0.239844 0.220168 0.194633
0.140119 0.694705 0.292839 0.215971 0.162597 0.184296 0.217634 0.215074 0.19382 0.112784 0.22266 0.785335 0.221332 0.265644 0.262621 0.144546 0.219287 0.218777 0.737324 0.262038 0.228219 0.778861 0.239844 0.220168 0.194633
0.140119 0.694705 0.292839 0.215971 0.162597 0.184296 0.217634 0.215074 0.19382 0.112784 0.22266 0.785335 0.221332 0.265644 0.262621 0.144546 0.219287 0.218777 0.737324 0.262038 0.228219 0.778861 0.239844 0.220168 0.194633
0.140119 0.694705 0.292839 0.215971 0.162597 0.184296 0.217634 0.215074 0.19382 0.112784 0.22266 0.785335 0.221332 0.265644 0.262621 0.144546 0.219287 0.218777 0.737324 0.262038 0.228219 0.778861 0.239844 0.220168 0.194633
0.140119 0.694705 0.292839 0.215971 0.162597 0.184296 0.217634 0.215074 0.19382 0.112784 0.22266 0.785335 0.221332 0.265644 0.262621 0.144546 0.219287 0.218777 0.737324 0.262038 0.228219 0.778861 0.239844 0.220168 0.194633
0.140119 0.694705 0.292839 0.215971 0.162597 0.184296 0.217634 0.215074 0.19382 0.112784 0.22266 0.785335 0.221332 0.265644 0.262621 0.144546 0.219287 0.218777 0.737324 0.262038 0.228219 0.778861 0.239844 0.220168 0.194633
0.140119 0.694705 0.292839 0.215971 0.162597 0.184296 0.217634 0.215074 0.19382 0.112784 0.22266 0.785335 0.221332 0.265644 0.262621 0.144546 0.219287 0.218777 0.737324 0.262038 0.228219 0.778861 0.239844 0.220168 0.194633
0.140119 0.694705 0.292839 0.215971 0.162597 0.184296 0.217634 0.215074 0.19382 0.112784 0.22266 0.785335 0.221332 0.265644 0.262621 0.144546 0.219287 0.218777 0.737324 0.262038 0.228219 0.778861 0.239844 0.220168 0.194633
0.140119 0.694705 0.292839 0.215971 0.162597 0.184296 0.217634 0.215074 0.19382 0.112784 0.22266 0.785335 0.221332 0.265644 0.262621 0.144546 0.219287 0.218777 0.737324 0.262038 0.228219 0.778861 0.239844 0.220168 0.194633
0.140119 0.694705 0.292839 0.215971 0.162597 0.184296 0.217634 0.215074 0.19382 0.112784 0.22266 0.785335 0.221332 0.265644 0.262621 0.144546 0.219287 0.218777 0.737324 0.262038 0.228219 0.778861 0.239844 0.220168 0.194633
0.140119 0.694705 0.292839 0.215971 0.162597 0.184296 0.217634 0.215074 0.19382 0.112784 0.22266 0.785335 0.221332 0.265644 0.262621 0.144546 0.219287 0.218777 0.737324 0.262038 0.228219 0.778861 0.239844 0.220168 0.194633
0.140119 0.694705 0.292839 0.215971 0.162597 0.184296 0.217634 0.215074 0.19382 0.112784 0.22266 0.785335 0.221332 0.265644 0.262621 0.144546 0.219287 0.218777 0.737324 0.262038 0.228219 0.778861 0.239844 0.220168 0.194633
0.140119 0.694705 0.292839 0.215971 0.162597 0.184296 0.217634 0.215074 0.19382 0.112784 0.22266 0.785335 0.221332 0.265644 0.262621 0.144546 0.219287 0.218777 0.737324 0.262038 0.228219 0.778861 0.239844 0.220168 0.194633
0.140119 0.694705 0.292839 0.215971 0.162597 0.184296 0.217634 0.215074 0.19382 0.112784 0.22266 0.785335 0.221332 0.265644 0.262621 0.144546 0.219287 0.218777 0.737324 0.262038 0.228219 0.778861 0.239844 0.220168 0.194633
0.140119 0.694705 0.292839 0.215971 0.162597 0.184296 0.217634 0.215074 0.19382 0.112784 0.22266 0.785335 0.221332 0.265644 0.262621 0.144546 0.219287 0.218777 0.737324 0.262038 0.228219 0.778861 0.239844 0.220168 0.194633
0.140119 0.694705 0.292839 0.215971 0.162597 0.184296 0.217634 0.215074 0.19382 0.112784 0.22266 0.785335 0.221332 0.265644 0.262621 0.144546 0.219287 0.218777 0.737324 0.262038 0.228219 0.778861 0.239844 0.220168 0.194633
0.140119 0.694705 0.292839 0.215971 0.162597 0.184296 0.217634 0.215074 0.19382 0.112784 0.22266 0.785335 0.221332 0.265644 0.262621 0.144546 0.219287 0.218777 0.737324 0.262038 0.228219 0.778861 0.239844 0.220168 0.194633
0.140119 0.694705 0.292839 0.215971 0.162597 0.184296 0.217634 0.215074 0.19382 0.112784 0.22266 0.785335 0.221332 0.265644 0.262621 0.144546 0.219287 0.218777 0.737324 0.262038 0.228219 0.778861 0.239844 0.220168 0.194633
0.140119 0.694705 0.292839 0.215971 0.162597 0.184296 0.217634 0.215074 0.19382 0.112784 0.22266 0.785335 0.221332 0.265644 0.262621 0.144546 0.219287 0.218777 0.737324 0.262038 0.228219 0.778861 0.239844 0.220168 0.194633
0.140119 0.694705 0.292839 0.215971 0.162597 0.184296 0.217634 0.215074 0.19382 0.112784 0.22266 0.785335 0.221332 0.265644 0.262621 0.144546 0.219287 0.218777 0.737324 0.262038 0.228219 0.778861 0.239844 0.220168 0.194633
0.140119 0.694705 0.292839 0.215971 0.162597 0.184296 0.217634 0.215074 0.19382 0.112784 0.22266 0.785335 0.221332 0.265644 0.262621 0.144546 0.219287 0.218777 0.737324 0.262038 0.228219 0.778861 0.239844 0.220168 0.194633
0.140119 0.694705 0.292839 0.215971 0.162597 0.184296 0.217634 0.215074 0.19382 0.112784 0.22266 0.785335 0.221332 0.265644 0.262621 0.144546 0.219287 0.218777 0.737324 0.262038 0.228219 0.778861 0.239844 0.220168 0.194633
0.140119 0.694705 0.292839 0.215971 0.162597 0.184296 0.217634 0.215074 0.19382 0.112784 0.22266 0.785335 0.221332 0.265644 0.262621 0.144546 0.219287 0.218777 0.737324 0.262038 0.228219 0.778861 0.239844 0.220168 0.194633
0.140119 0.694705 0.292839 0.215971 0.162597 0.184296 0.217634 0.215074 0.19382 0.112784 0.22266 0.785335 0.221332 0.265644 0.262621 0.144546 0.219287 0.218777 0.737324 0.262038 0.228219 0.778861 0.239844 0.220168 0.194633
0.140119 0.694705 0.292839 0.215971 0.162597 0.184296 0.217634 0.215074 0.19382 0.112784 0.22266 0.785335 0.221332 0.265644 0.262621 0.144546 0.219287 0.218777 0.737324 0.262038 0.228219 0.778861 0.239844 0.220168 0.194633
0.140119 0.694705 0.292839 0.215971 0.162597 0.184296 0.217634 0.215074 0.19382 0.112784 0.22266 0.785335 0.221332 0.265644 0.262621 0.144546 0.219287 0.218777 0.737324 0.262038 0.228219 0.778861 0.239844 0.220168 0.194633
0.140119 0.694705 0.292839 0.215971 0.162597 0.184296 0.217634 0.215074 0.19382 0.112784 0.22266 0.785335 0.221332 0.265644 0.262621 0.144546 0.219287 0.218777 0.737324 0.262038 0.228219 0.778861 0.239844 0.220168 0.194633
0.140119 0.694705 0.292839 0.215971 0.162597 0.184296 0.217634 0.215074 0.19382 0.112784 0.22266 0.785335 0.221332 0.265644 0.262621 0.144546 0.219287 0.218777 0.737324 0.262038 0.228219 0.778861 0.239844 0.220168 0.194633
0.140119 0.694705 0.292839 0.215971 0.162597 0.184296 0.217634 0.215074 0.19382 0.112784 0.22266 0.785335 0.221332 0.265644 0.262621 0.144546 0.219287 0.218777 0.737324 0.262038 0.228219 0.778861 0.239844 0.220168 0.194633
0.140119 0.694705 0.292839 0.215971 0.162597 0.184296 0.217634 0.215074 0.19382 0.112784 0.22266 0.785335 0.221332 0.265644 0.262621 0.144546 0.219287 0.218777 0.737324 0.262038 0.228219 0.778861 0.239844 0.220168 0.194633
0.140119 0.694705 0.292839 0.215971 0.162597 0.184296 0.217634 0.215074 0.19382 0.112784 0.22266 0.785335 0.221332 0.265644 0.262621 0.144546 0.219287 0.218777 0.737324 0.262038 0.228219 0.778861 0.239844 0.220168 0.194633
0.140119 0.694705 0.292839 0.215971 0.162597 0.184296 0.217634 0.215074 0.19382 0.112784 0.22266 0.785335 0.221332 0.265644 0.262621 0.144546 0.219287 0.218777 0.737324 0.262038 0.228219 0.778861 0.239844 0.220168 0.194633
0.140119 0.694705 0.292839 0.215971 0.162597 0.184296 0.217634 0.215074 0.19382 0.112784 0.22266 0.785335 0.221332 0.265644 0.262621 0.144546 0.219287 0.218777 0.737324 0.262038 0.228219 0.778861 0.239844 0.220168 0.194633
0.140119 0.694705 0.292839 0.215971 0.162597 0.184296 0.217634 0.215074 0.19382 0.112784 0.22266 0.785335 0.221332 0.265644 0.262621 0.144546 0.219287 0.218777 0.737324 0.262038 0.228219 0.778861 0.239844 0.220168 0.194633
0.140119 0.694705 0.292839 0.215971 0.162597 0.184296 0.217634 0.215074 0.19382 0.112784 0.22266 0.785335 0.221332 0.265644 0.262621 0.144546 0.219287 0.218777 0.737324 0.262038 0.228219 0.778861 0.239844 0.220168 0.194633
0.140119 0.694705 0.292839 0.215971 0.162597 0.184296 0.217634 0.215074 0.19382 0.112784 0.22266 0.785335 0.221332 0.265644 0.262621 0.144546 0.219287 0.218777 0.737324 0.262038 0.228219 0.778861 0.239844 0.220168 0.194633
