0.191993 0.240276 0.241089 0.114945 0.149342 0.195794 0.168156 0.197463 0.226375 0.316652 0.160405 0.133 0.159664 0.174942 0.200328 0.191122 0.158521 0.169049 0.182098 0.261753 0.180612 0.38237 0.183504 0.159014 0.177493
0.283923 0.294372 0.28538 0.293531 0.272606 0.31404 0.309187 0.313038 0.314273 0.263128 0.265257 0.303754 0.263888 0.291998 0.32677 0.283237 0.261777 0.313413 0.299259 0.289931 0.282321 0.311402 0.269541 0.262687 0.321181
0.25098 0.297826 0.301499 0.186605 0.242207 0.250672 0.23734 0.264403 0.28388 0.346691 0.228738 0.215299 0.227411 0.234567 0.255474 0.272989 0.225368 0.238552 0.254758 0.307289 0.23788 0.405335 0.248249 0.226249 0.24479
0.260099 0.283231 0.280941 0.251384 0.253766 0.286853 0.279277 0.292989 0.298781 0.25803 0.244775 0.265316 0.243363 0.267805 0.30932 0.267328 0.241189 0.283045 0.277715 0.286292 0.259709 0.336879 0.250412 0.242126 0.29921
0.254227 0.296829 0.302397 0.200295 0.257827 0.26005 0.251476 0.279762 0.292448 0.317855 0.236402 0.23404 0.235015 0.24125 0.269969 0.281075 0.23288 0.253627 0.268844 0.305897 0.240405 0.391108 0.252304 0.2338 0.26304
0.25389 0.285596 0.288594 0.231677 0.258073 0.276984 0.269816 0.290313 0.298029 0.262129 0.241463 0.254052 0.240054 0.257899 0.30131 0.270797 0.237886 0.27345 0.27564 0.292478 0.250766 0.357978 0.250162 0.23882 0.292567
0.252423 0.293273 0.301319 0.204343 0.264344 0.263216 0.256437 0.286319 0.295819 0.293973 0.238022 0.240428 0.236627 0.242615 0.278701 0.28166 0.234479 0.259262 0.274601 0.304078 0.239222 0.386744 0.252428 0.235404 0.273167
0.250601 0.287124 0.294231 0.219946 0.264462 0.271664 0.265567 0.29094 0.298964 0.261933 0.24032 0.250183 0.238915 0.250914 0.296449 0.275073 0.236753 0.269253 0.277091 0.297044 0.244295 0.371642 0.251399 0.237685 0.289924
0.250038 0.29076 0.301233 0.205142 0.269398 0.264413 0.258662 0.289877 0.298077 0.277153 0.238581 0.243605 0.237183 0.241975 0.283988 0.281783 0.235031 0.261964 0.278114 0.303327 0.23723 0.387869 0.252602 0.235958 0.27973
0.248168 0.287435 0.297818 0.212679 0.270295 0.268511 0.263369 0.292157 0.300102 0.258879 0.239717 0.248986 0.238315 0.245557 0.293691 0.278219 0.236156 0.267179 0.2793 0.299823 0.239296 0.38161 0.252343 0.237086 0.289256
0.247713 0.288963 0.301629 0.204657 0.273979 0.2647 0.25974 0.292059 0.299847 0.265301 0.238793 0.245795 0.237394 0.240174 0.287012 0.282104 0.235241 0.263386 0.280755 0.303077 0.234879 0.391461 0.252879 0.236169 0.284207
0.246106 0.287057 0.300055 0.208138 0.27537 0.266575 0.262165 0.293292 0.301237 0.254647 0.239352 0.249029 0.237951 0.241238 0.292173 0.280318 0.235795 0.266119 0.28157 0.301344 0.235338 0.389646 0.252917 0.236724 0.289688
0.245582 0.287537 0.302115 0.203775 0.278209 0.264554 0.260246 0.293486 0.301323 0.256687 0.238851 0.247641 0.237452 0.237781 0.288636 0.282504 0.235299 0.264149 0.282974 0.302935 0.232445 0.396134 0.25312 0.236227 0.28744
0.24426 0.286341 0.301415 0.205286 0.279801 0.265325 0.261472 0.294204 0.302336 0.2502 0.239115 0.249754 0.237715 0.237581 0.2913 0.281647 0.23556 0.265567 0.283708 0.302026 0.232116 0.396551 0.253218 0.236489 0.29071
0.243666 0.286314 0.302507 0.202898 0.282096 0.264217 0.260446 0.294455 0.30261 0.250187 0.238837 0.249367 0.237438 0.235157 0.28941 0.282845 0.235285 0.264544 0.284947 0.302709 0.230101 0.401218 0.253264 0.236213 0.289946
0.242579 0.285481 0.30219 0.203496 0.283718 0.264455 0.261039 0.2949 0.303398 0.245996 0.238952 0.250886 0.237552 0.234367 0.290718 0.28243 0.235399 0.265263 0.285675 0.302147 0.229428 0.402725 0.253331 0.236327 0.292028
0.241951 0.285222 0.302736 0.202182 0.285654 0.263803 0.260471 0.29513 0.303773 0.245105 0.238791 0.251062 0.237392 0.232512 0.289663 0.283051 0.235239 0.264723 0.286752 0.302328 0.227931 0.406378 0.253299 0.236167 0.292028
0.241042 0.284583 0.302563 0.202386 0.287218 0.263791 0.260729 0.295421 0.304427 0.242211 0.238831 0.252268 0.237432 0.231479 0.290235 0.282819 0.235279 0.265069 0.28748 0.301886 0.227142 0.408381 0.253313 0.236207 0.293479
0.240415 0.28423 0.302793 0.201665 0.288903 0.263362 0.260393 0.295612 0.304852 0.241009 0.238733 0.252761 0.237334 0.229953 0.289587 0.283098 0.235182 0.264768 0.288425 0.301779 0.225966 0.411446 0.253238 0.236109 0.293862
0.239639 0.283706 0.302652 0.201719 0.290374 0.263234 0.260472 0.295813 0.305425 0.238875 0.238736 0.253807 0.237338 0.22885 0.289755 0.282922 0.235185 0.264913 0.289146 0.301358 0.225172 0.413639 0.253203 0.236113 0.294976
0.239035 0.283328 0.302692 0.201333 0.291873 0.262912 0.260248 0.295966 0.305872 0.237623 0.238671 0.254477 0.237273 0.227532 0.289293 0.282988 0.235121 0.264725 0.289991 0.30108 0.224209 0.41634 0.253102 0.236048 0.295544
0.23836 0.282879 0.302538 0.201346 0.293238 0.262729 0.26023 0.296114 0.306396 0.235958 0.238658 0.255442 0.23726 0.226442 0.289236 0.28281 0.235108 0.264759 0.290695 0.300641 0.223459 0.418572 0.253026 0.236036 0.296475
0.237791 0.282509 0.302459 0.201155 0.294591 0.262456 0.260057 0.296237 0.306848 0.234766 0.238611 0.256211 0.237214 0.225271 0.288852 0.282741 0.235062 0.26462 0.291463 0.300258 0.222646 0.42103 0.252907 0.235989 0.297127
0.237193 0.282115 0.302276 0.20117 0.295854 0.262247 0.259985 0.296351 0.307338 0.233407 0.238591 0.257136 0.237193 0.22423 0.288663 0.282536 0.235042 0.26459 0.292144 0.29979 0.221958 0.423225 0.252803 0.235969 0.297955
0.236664 0.281768 0.30212 0.201095 0.297086 0.261997 0.259832 0.296452 0.307787 0.232312 0.238555 0.257959 0.237157 0.223171 0.288304 0.282376 0.235006 0.26447 0.292855 0.29934 0.221257 0.425508 0.252671 0.235933 0.298639
0.236129 0.281419 0.301906 0.201128 0.298253 0.261774 0.259728 0.296545 0.308253 0.231165 0.238532 0.258863 0.237135 0.222194 0.288037 0.282139 0.234983 0.264401 0.29351 0.298844 0.220635 0.427633 0.252547 0.23591 0.299405
0.235639 0.281101 0.301699 0.201123 0.299384 0.261531 0.259582 0.296631 0.308694 0.230173 0.238502 0.259714 0.237104 0.221227 0.287679 0.281918 0.234953 0.264285 0.294176 0.298351 0.220021 0.429778 0.252406 0.23588 0.300094
0.235155 0.280791 0.30146 0.201177 0.300463 0.261301 0.259459 0.296711 0.30914 0.229179 0.238479 0.260607 0.237081 0.220317 0.287362 0.28165 0.234931 0.264192 0.294805 0.297833 0.219461 0.431821 0.252268 0.235858 0.30082
0.234702 0.280503 0.301219 0.201215 0.301507 0.261061 0.259312 0.296787 0.30957 0.228283 0.238452 0.261472 0.237055 0.219429 0.286997 0.281385 0.234904 0.264073 0.295435 0.297313 0.218918 0.433852 0.252121 0.235831 0.301502
0.23426 0.280226 0.30096 0.201286 0.302507 0.260826 0.259176 0.296858 0.309998 0.227406 0.23843 0.262357 0.237033 0.218583 0.286649 0.281092 0.234882 0.263963 0.296039 0.296779 0.218414 0.435811 0.251975 0.235809 0.302198
0.233842 0.279967 0.300697 0.201353 0.303473 0.260586 0.259027 0.296926 0.310414 0.226595 0.238406 0.263226 0.237009 0.217763 0.286274 0.280796 0.234859 0.263839 0.296639 0.296243 0.21793 0.437743 0.251824 0.235785 0.302866
0.233436 0.27972 0.300424 0.201437 0.304403 0.260349 0.258882 0.296992 0.310825 0.225809 0.238384 0.264105 0.236987 0.216978 0.285905 0.280483 0.234837 0.263718 0.29722 0.295699 0.217475 0.43962 0.251674 0.235764 0.303537
0.233048 0.279487 0.300148 0.20152 0.305301 0.26011 0.258729 0.297054 0.311227 0.225069 0.238362 0.264974 0.236965 0.216219 0.285521 0.280166 0.234815 0.263589 0.297794 0.295154 0.217039 0.441465 0.25152 0.235742 0.30419
0.232672 0.279266 0.299867 0.201613 0.306167 0.259871 0.258578 0.297115 0.311622 0.224356 0.238342 0.265845 0.236945 0.215489 0.28514 0.279838 0.234795 0.26346 0.298355 0.294606 0.216627 0.443264 0.251367 0.235722 0.304838
0.232312 0.279058 0.299584 0.201707 0.307005 0.259632 0.258423 0.297173 0.312007 0.223679 0.238321 0.26671 0.236924 0.214783 0.28475 0.279507 0.234775 0.263326 0.298907 0.294059 0.216232 0.44503 0.251213 0.235701 0.305473
0.231962 0.27886 0.299299 0.201807 0.307814 0.259394 0.258267 0.29723 0.312385 0.223025 0.238301 0.267574 0.236905 0.214103 0.28436 0.279169 0.234755 0.263191 0.299449 0.293511 0.215856 0.446757 0.251059 0.235682 0.306102
0.231626 0.278673 0.299014 0.201907 0.308596 0.259157 0.258109 0.297284 0.312755 0.2224 0.238282 0.268433 0.236885 0.213445 0.283966 0.278829 0.234736 0.263053 0.299982 0.292964 0.215496 0.448451 0.250906 0.235662 0.306719
0.231299 0.278495 0.29873 0.20201 0.309353 0.258921 0.257951 0.297337 0.313116 0.221796 0.238263 0.26929 0.236867 0.212809 0.283572 0.278486 0.234717 0.262914 0.300507 0.292419 0.215152 0.450111 0.250753 0.235643 0.307328
0.230983 0.278327 0.298446 0.202113 0.310086 0.258686 0.257791 0.297388 0.313469 0.221215 0.238244 0.270142 0.236848 0.212194 0.283177 0.278141 0.234699 0.262773 0.301024 0.291877 0.214822 0.451739 0.2506 0.235625 0.307927
0.230677 0.278167 0.298165 0.202218 0.310796 0.258452 0.257631 0.297436 0.313813 0.220652 0.238226 0.270991 0.23683 0.211598 0.282782 0.277794 0.234681 0.262631 0.301533 0.291338 0.214505 0.453337 0.250448 0.235607 0.308518
0.23038 0.278015 0.297886 0.202322 0.311484 0.25822 0.25747 0.297483 0.314149 0.220109 0.238208 0.271835 0.236812 0.211021 0.282388 0.277448 0.234663 0.262487 0.302035 0.290802 0.2142 0.454905 0.250297 0.235589 0.309099
0.230091 0.277871 0.29761 0.202427 0.312151 0.25799 0.257308 0.297527 0.314476 0.219582 0.238191 0.272676 0.236795 0.210462 0.281994 0.277101 0.234646 0.262343 0.30253 0.29027 0.213907 0.456445 0.250148 0.235572 0.309672
0.22981 0.277734 0.297338 0.202531 0.312797 0.257762 0.257146 0.29757 0.314795 0.219072 0.238174 0.273513 0.236778 0.209919 0.281602 0.276755 0.234629 0.262198 0.30302 0.289742 0.213624 0.457957 0.249999 0.235555 0.310237
0.229537 0.277603 0.297069 0.202635 0.313425 0.257536 0.256984 0.297609 0.315106 0.218576 0.238157 0.274345 0.236761 0.209391 0.281211 0.276411 0.234612 0.262052 0.303503 0.289219 0.21335 0.459443 0.249851 0.235538 0.310793
0.22927 0.277478 0.296805 0.202738 0.314033 0.257313 0.256822 0.297647 0.315408 0.218093 0.23814 0.275174 0.236744 0.208879 0.280823 0.276068 0.234595 0.261906 0.303981 0.288701 0.213086 0.460904 0.249705 0.235521 0.311341
0.229011 0.277358 0.296545 0.20284 0.314624 0.257092 0.25666 0.297682 0.315701 0.217624 0.238124 0.275998 0.236728 0.208381 0.280437 0.275726 0.234579 0.261759 0.304453 0.288187 0.21283 0.46234 0.24956 0.235505 0.311881
0.228757 0.277244 0.29629 0.202942 0.315197 0.256874 0.256498 0.297714 0.315986 0.217166 0.238107 0.276819 0.236712 0.207896 0.280053 0.275387 0.234563 0.261612 0.30492 0.287679 0.212583 0.463753 0.249417 0.235489 0.312413
0.22851 0.277135 0.296041 0.203042 0.315754 0.256659 0.256336 0.297744 0.316263 0.21672 0.238091 0.277635 0.236696 0.207424 0.279672 0.27505 0.234547 0.261465 0.305383 0.287175 0.212342 0.465143 0.249275 0.235473 0.312937
0.228269 0.277031 0.295796 0.203141 0.316294 0.256446 0.256174 0.297771 0.316532 0.216285 0.238076 0.278448 0.23668 0.206965 0.279294 0.274716 0.234532 0.261318 0.305841 0.286677 0.212109 0.46651 0.249134 0.235458 0.313453
0.228033 0.276931 0.295557 0.203239 0.316819 0.256236 0.256013 0.297795 0.316792 0.215859 0.23806 0.279258 0.236665 0.206517 0.278919 0.274384 0.234516 0.26117 0.306295 0.286184 0.211882 0.467857 0.248995 0.235442 0.313962
0.227802 0.276835 0.295323 0.203336 0.317329 0.25603 0.255852 0.297816 0.317044 0.215443 0.238045 0.280063 0.236649 0.206079 0.278547 0.274056 0.234501 0.261023 0.306745 0.285697 0.211661 0.469183 0.248857 0.235427 0.314464
0.227576 0.276742 0.295095 0.203432 0.317824 0.255826 0.255691 0.297834 0.317288 0.215036 0.23803 0.280865 0.236634 0.205653 0.278178 0.27373 0.234486 0.260876 0.307192 0.285214 0.211446 0.470489 0.248721 0.235412 0.314959
0.227354 0.276654 0.294873 0.203526 0.318305 0.255625 0.25553 0.297849 0.317524 0.214637 0.238015 0.281664 0.236619 0.205237 0.277813 0.273408 0.234471 0.260728 0.307635 0.284737 0.211236 0.471776 0.248586 0.235397 0.315447
0.227137 0.276568 0.294656 0.203619 0.318773 0.255427 0.25537 0.297862 0.317753 0.214246 0.238 0.28246 0.236604 0.20483 0.277451 0.273088 0.234457 0.260581 0.308074 0.284266 0.211032 0.473045 0.248452 0.235382 0.315927
0.226925 0.276486 0.294445 0.203711 0.319226 0.255232 0.255211 0.297871 0.317973 0.213863 0.237985 0.283252 0.23659 0.204432 0.277093 0.272772 0.234442 0.260435 0.308511 0.283799 0.210832 0.474295 0.24832 0.235368 0.316402
0.226716 0.276407 0.29424 0.203801 0.319667 0.25504 0.255051 0.297876 0.318185 0.213488 0.237971 0.284042 0.236575 0.204044 0.276738 0.272459 0.234428 0.260288 0.308944 0.283338 0.210637 0.475528 0.24819 0.235353 0.316869
0.226512 0.276331 0.29404 0.20389 0.320095 0.254851 0.254893 0.297879 0.31839 0.213119 0.237956 0.284829 0.236561 0.203664 0.276386 0.27215 0.234414 0.260142 0.309375 0.282881 0.210446 0.476744 0.248061 0.235339 0.317331
0.226311 0.276257 0.293847 0.203978 0.320511 0.254665 0.254734 0.297878 0.318587 0.212757 0.237942 0.285613 0.236547 0.203292 0.276038 0.271844 0.2344 0.259996 0.309804 0.28243 0.21026 0.477943 0.247933 0.235325 0.317786
0.226114 0.276186 0.293659 0.204065 0.320915 0.254482 0.254577 0.297874 0.318777 0.212401 0.237928 0.286394 0.236533 0.202927 0.275693 0.271541 0.234386 0.25985 0.31023 0.281984 0.210077 0.479127 0.247807 0.235311 0.318235
0.22592 0.276118 0.293477 0.20415 0.321306 0.254302 0.254419 0.297867 0.318959 0.212051 0.237914 0.287173 0.236519 0.202571 0.275352 0.271241 0.234372 0.259704 0.310654 0.281542 0.209898 0.480295 0.247682 0.235297 0.318678
0.22573 0.276051 0.293301 0.204234 0.321687 0.254124 0.254263 0.297856 0.319133 0.211707 0.2379 0.28795 0.236505 0.202221 0.275015 0.270944 0.234358 0.259559 0.311076 0.281105 0.209723 0.481449 0.247558 0.235283 0.319115
0.225543 0.275987 0.29313 0.204316 0.322056 0.25395 0.254106 0.297842 0.319301 0.211369 0.237886 0.288725 0.236491 0.201879 0.27468 0.270651 0.234344 0.259414 0.311496 0.280673 0.209551 0.482588 0.247436 0.23527 0.319547
0.225359 0.275926 0.292965 0.204398 0.322414 0.253778 0.25395 0.297824 0.319461 0.211036 0.237873 0.289498 0.236478 0.201543 0.274349 0.27036 0.234331 0.259269 0.311915 0.280246 0.209383 0.483713 0.247315 0.235256 0.319973
0.225179 0.275866 0.292806 0.204478 0.322761 0.253609 0.253795 0.297803 0.319614 0.210709 0.237859 0.290269 0.236464 0.201214 0.274021 0.270073 0.234318 0.259125 0.312332 0.279823 0.209218 0.484824 0.247195 0.235243 0.320394
0.225001 0.275808 0.292653 0.204557 0.323097 0.253443 0.25364 0.297779 0.31976 0.210386 0.237846 0.291038 0.236451 0.200891 0.273697 0.269789 0.234304 0.258981 0.312748 0.279405 0.209056 0.485922 0.247076 0.235229 0.32081
0.224826 0.275752 0.292504 0.204635 0.323423 0.253279 0.253486 0.297751 0.319899 0.210068 0.237832 0.291806 0.236438 0.200574 0.273376 0.269508 0.234291 0.258837 0.313162 0.27899 0.208897 0.487008 0.246959 0.235216 0.32122
0.224653 0.275698 0.292362 0.204711 0.323739 0.253118 0.253332 0.297719 0.320032 0.209755 0.237819 0.292573 0.236425 0.200263 0.273057 0.269229 0.234278 0.258694 0.313576 0.27858 0.20874 0.488081 0.246843 0.235203 0.321625
0.224484 0.275646 0.292225 0.204787 0.324045 0.25296 0.253178 0.297684 0.320157 0.209446 0.237806 0.293338 0.236412 0.199957 0.272742 0.268954 0.234265 0.25855 0.313989 0.278174 0.208587 0.489143 0.246728 0.23519 0.322026
0.224317 0.275596 0.292093 0.204861 0.324341 0.252804 0.253025 0.297645 0.320276 0.209141 0.237793 0.294103 0.236399 0.199657 0.27243 0.268681 0.234252 0.258407 0.314401 0.277772 0.208436 0.490192 0.246615 0.235177 0.322422
0.224152 0.275547 0.291966 0.204934 0.324628 0.25265 0.252872 0.297603 0.320388 0.208841 0.23778 0.294867 0.236386 0.199363 0.272121 0.268411 0.23424 0.258265 0.314812 0.277374 0.208287 0.491231 0.246502 0.235165 0.322813
0.22399 0.275501 0.291845 0.205006 0.324905 0.252499 0.25272 0.297557 0.320494 0.208544 0.237767 0.29563 0.236373 0.199073 0.271814 0.268143 0.234227 0.258122 0.315223 0.27698 0.208141 0.492258 0.246391 0.235152 0.323199
0.22383 0.275456 0.291729 0.205077 0.325172 0.25235 0.252568 0.297508 0.320593 0.208251 0.237755 0.296393 0.23636 0.198788 0.271511 0.267879 0.234214 0.25798 0.315634 0.276589 0.207998 0.493276 0.246281 0.235139 0.323581
0.223672 0.275412 0.291618 0.205148 0.325431 0.252203 0.252417 0.297455 0.320685 0.207962 0.237742 0.297155 0.236348 0.198509 0.27121 0.267616 0.234202 0.257838 0.316045 0.276202 0.207857 0.494283 0.246172 0.235127 0.323959
0.223516 0.27537 0.291512 0.205217 0.32568 0.252059 0.252265 0.297399 0.320771 0.207677 0.23773 0.297918 0.236335 0.198233 0.270911 0.267356 0.234189 0.257696 0.316455 0.275819 0.207718 0.49528 0.246064 0.235114 0.324332
0.223363 0.27533 0.291411 0.205285 0.32592 0.251916 0.252114 0.297338 0.320851 0.207395 0.237717 0.29868 0.236323 0.197963 0.270615 0.267098 0.234177 0.257555 0.316866 0.275439 0.207581 0.496268 0.245956 0.235102 0.324702
0.223212 0.275291 0.291315 0.205352 0.326152 0.251776 0.251964 0.297274 0.320925 0.207116 0.237705 0.299443 0.236311 0.197696 0.270322 0.266843 0.234165 0.257413 0.317277 0.275062 0.207446 0.497246 0.24585 0.23509 0.325067
0.223062 0.275254 0.291224 0.205418 0.326375 0.251638 0.251813 0.297207 0.320992 0.20684 0.237692 0.300206 0.236298 0.197434 0.270031 0.26659 0.234153 0.257272 0.317688 0.274688 0.207314 0.498216 0.245745 0.235077 0.325429
0.222915 0.275218 0.291138 0.205483 0.326589 0.251502 0.251663 0.297136 0.321054 0.206568 0.23768 0.30097 0.236286 0.197176 0.269742 0.266338 0.234141 0.257131 0.3181 0.274317 0.207183 0.499177 0.245641 0.235065 0.325786
0.222769 0.275184 0.291057 0.205548 0.326795 0.251367 0.251513 0.297061 0.321109 0.206298 0.237668 0.301735 0.236274 0.196922 0.269456 0.266089 0.234129 0.25699 0.318513 0.273949 0.207055 0.500131 0.245538 0.235053 0.32614
0.222625 0.275152 0.29098 0.205611 0.326993 0.251235 0.251364 0.296982 0.321158 0.206031 0.237656 0.302501 0.236262 0.196672 0.269172 0.265842 0.234117 0.256849 0.318926 0.273584 0.206928 0.501076 0.245435 0.235041 0.32649
0.222483 0.275121 0.290908 0.205674 0.327182 0.251104 0.251214 0.2969 0.321201 0.205767 0.237644 0.303268 0.23625 0.196425 0.268889 0.265596 0.234105 0.256708 0.319341 0.273221 0.206803 0.502014 0.245334 0.235029 0.326837
0.222342 0.275092 0.290841 0.205736 0.327363 0.250975 0.251065 0.296813 0.321239 0.205506 0.237632 0.304036 0.236238 0.196182 0.268609 0.265352 0.234093 0.256568 0.319756 0.272862 0.20668 0.502944 0.245233 0.235017 0.32718
0.222203 0.275064 0.290778 0.205797 0.327536 0.250847 0.250916 0.296723 0.32127 0.205247 0.23762 0.304806 0.236226 0.195943 0.268331 0.26511 0.234081 0.256427 0.320173 0.272504 0.206559 0.503867 0.245133 0.235005 0.32752
0.222066 0.275037 0.29072 0.205858 0.327701 0.250722 0.250766 0.29663 0.321296 0.20499 0.237608 0.305578 0.236214 0.195707 0.268054 0.26487 0.234069 0.256286 0.320591 0.27215 0.206439 0.504784 0.245034 0.234994 0.327857
0.22193 0.275012 0.290666 0.205917 0.327859 0.250598 0.250617 0.296532 0.321315 0.204736 0.237596 0.306352 0.236203 0.195475 0.267779 0.264631 0.234058 0.256145 0.32101 0.271797 0.206322 0.505695 0.244936 0.234982 0.32819
0.221795 0.274989 0.290617 0.205976 0.328008 0.250475 0.250468 0.296431 0.321329 0.204484 0.237584 0.307128 0.236191 0.195245 0.267506 0.264393 0.234046 0.256004 0.321431 0.271447 0.206205 0.506599 0.244838 0.23497 0.328521
0.221662 0.274967 0.290572 0.206035 0.32815 0.250354 0.250319 0.296325 0.321337 0.204234 0.237573 0.307907 0.236179 0.195019 0.267234 0.264157 0.234034 0.255863 0.321854 0.271099 0.206091 0.507498 0.244741 0.234959 0.328848
0.22153 0.274947 0.290531 0.206092 0.328284 0.250234 0.25017 0.296216 0.32134 0.203986 0.237561 0.308688 0.236168 0.194796 0.266964 0.263922 0.234023 0.255722 0.322279 0.270752 0.205978 0.508391 0.244645 0.234947 0.329173
0.2214 0.274928 0.290495 0.206149 0.32841 0.250116 0.250021 0.296103 0.321336 0.20374 0.237549 0.309472 0.236156 0.194576 0.266696 0.263688 0.234011 0.255581 0.322706 0.270408 0.205866 0.509279 0.24455 0.234935 0.329494
0.221271 0.274911 0.290463 0.206205 0.328529 0.249999 0.249871 0.295986 0.321327 0.203496 0.237538 0.31026 0.236144 0.194358 0.266428 0.263455 0.234 0.255439 0.323135 0.270066 0.205756 0.510162 0.244455 0.234924 0.329813
0.221143 0.274895 0.290435 0.206261 0.328641 0.249884 0.249722 0.295864 0.321313 0.203254 0.237526 0.311051 0.236133 0.194143 0.266162 0.263224 0.233988 0.255298 0.323566 0.269725 0.205647 0.511041 0.24436 0.234912 0.330129
0.221016 0.274881 0.290411 0.206316 0.328745 0.249769 0.249572 0.295739 0.321292 0.203013 0.237515 0.311845 0.236121 0.193931 0.265897 0.262993 0.233977 0.255156 0.324 0.269386 0.20554 0.511915 0.244267 0.234901 0.330443
0.22089 0.274868 0.290392 0.206371 0.328841 0.249656 0.249422 0.29561 0.321266 0.202774 0.237503 0.312643 0.23611 0.193722 0.265633 0.262763 0.233965 0.255013 0.324436 0.269048 0.205434 0.512785 0.244173 0.23489 0.330754
0.220765 0.274857 0.290377 0.206425 0.328931 0.249544 0.249272 0.295476 0.321235 0.202536 0.237492 0.313445 0.236098 0.193515 0.26537 0.262534 0.233954 0.254871 0.324876 0.268712 0.205329 0.513651 0.24408 0.234878 0.331063
0.220641 0.274848 0.290365 0.206478 0.329013 0.249433 0.249121 0.295339 0.321197 0.2023 0.23748 0.314252 0.236087 0.19331 0.265108 0.262306 0.233943 0.254728 0.325318 0.268377 0.205226 0.514514 0.243988 0.234867 0.331369
0.220518 0.27484 0.290358 0.206531 0.329088 0.249324 0.24897 0.295197 0.321155 0.202065 0.237469 0.315063 0.236076 0.193108 0.264847 0.262078 0.233931 0.254584 0.325763 0.268043 0.205124 0.515374 0.243896 0.234855 0.331673
0.220396 0.274834 0.290355 0.206584 0.329155 0.249215 0.248819 0.295051 0.321106 0.201831 0.237457 0.315879 0.236064 0.192908 0.264587 0.261851 0.23392 0.25444 0.326212 0.26771 0.205023 0.516231 0.243805 0.234844 0.331975
0.220274 0.27483 0.290357 0.206636 0.329216 0.249107 0.248667 0.294901 0.321052 0.201598 0.237446 0.316701 0.236053 0.19271 0.264327 0.261624 0.233909 0.254296 0.326664 0.267379 0.204923 0.517085 0.243714 0.234833 0.332275
0.220154 0.274827 0.290362 0.206687 0.329269 0.249 0.248515 0.294746 0.320992 0.201366 0.237434 0.317527 0.236041 0.192515 0.264068 0.261398 0.233897 0.254151 0.327119 0.267048 0.204824 0.517937 0.243623 0.234821 0.332573
0.220034 0.274825 0.290371 0.206739 0.329315 0.248894 0.248362 0.294587 0.320927 0.201135 0.237423 0.31836 0.23603 0.192321 0.263809 0.261172 0.233886 0.254006 0.327578 0.266718 0.204727 0.518787 0.243533 0.23481 0.332869
0.219915 0.274826 0.290384 0.20679 0.329354 0.248789 0.248209 0.294423 0.320855 0.200905 0.237411 0.319198 0.236019 0.192129 0.26355 0.260946 0.233875 0.253859 0.328042 0.266388 0.204631 0.519635 0.243443 0.234799 0.333163
0.219796 0.274828 0.290401 0.20684 0.329386 0.248685 0.248055 0.294255 0.320779 0.200676 0.2374 0.320043 0.236007 0.191939 0.263292 0.260721 0.233864 0.253712 0.328509 0.266059 0.204535 0.520482 0.243353 0.234787 0.333455
0.219678 0.274832 0.290422 0.20689 0.329411 0.248582 0.2479 0.294083 0.320696 0.200447 0.237389 0.320895 0.235996 0.191751 0.263034 0.260495 0.233852 0.253565 0.328981 0.265731 0.204441 0.521328 0.243263 0.234776 0.333746
0.219561 0.274838 0.290448 0.20694 0.329428 0.248479 0.247745 0.293905 0.320608 0.200219 0.237377 0.321753 0.235984 0.191565 0.262777 0.260269 0.233841 0.253416 0.329457 0.265403 0.204348 0.522173 0.243174 0.234765 0.334035
0.219444 0.274845 0.290477 0.20699 0.329439 0.248378 0.247588 0.293723 0.320514 0.199992 0.237366 0.322619 0.235973 0.19138 0.262519 0.260044 0.23383 0.253267 0.329937 0.265075 0.204256 0.523017 0.243085 0.234753 0.334323
0.219327 0.274854 0.29051 0.207039 0.329443 0.248276 0.247431 0.293536 0.320414 0.199765 0.237354 0.323493 0.235962 0.191197 0.262261 0.259818 0.233818 0.253117 0.330423 0.264747 0.204164 0.523862 0.242996 0.234742 0.334609
0.219211 0.274865 0.290547 0.207088 0.329439 0.248176 0.247273 0.293345 0.320308 0.199538 0.237343 0.324374 0.23595 0.191016 0.262003 0.259591 0.233807 0.252966 0.330914 0.264419 0.204074 0.524706 0.242907 0.23473 0.334894
0.219095 0.274878 0.290588 0.207136 0.329428 0.248076 0.247114 0.293148 0.320197 0.199311 0.237331 0.325264 0.235939 0.190835 0.261745 0.259365 0.233795 0.252813 0.33141 0.264091 0.203984 0.525551 0.242818 0.234719 0.335178
0.218979 0.274893 0.290634 0.207185 0.32941 0.247977 0.246954 0.292946 0.320079 0.199085 0.23732 0.326163 0.235927 0.190657 0.261486 0.259138 0.233784 0.25266 0.331911 0.263763 0.203896 0.526397 0.242729 0.234708 0.33546
0.218864 0.27491 0.290683 0.207233 0.329385 0.247878 0.246792 0.29274 0.319956 0.198858 0.237308 0.327071 0.235916 0.190479 0.261227 0.25891 0.233772 0.252505 0.332419 0.263434 0.203808 0.527244 0.24264 0.234696 0.335742
0.218749 0.274928 0.290736 0.207281 0.329353 0.24778 0.246629 0.292528 0.319826 0.198631 0.237296 0.327989 0.235904 0.190303 0.260967 0.258682 0.233761 0.25235 0.332932 0.263105 0.203721 0.528093 0.242551 0.234684 0.336022
0.218633 0.274949 0.290794 0.207329 0.329314 0.247682 0.246466 0.29231 0.31969 0.198405 0.237285 0.328916 0.235892 0.190128 0.260707 0.258452 0.233749 0.252193 0.333451 0.262775 0.203635 0.528943 0.242461 0.234673 0.336302
0.218518 0.274971 0.290855 0.207377 0.329267 0.247585 0.2463 0.292088 0.319549 0.198178 0.237273 0.329854 0.235881 0.189954 0.260446 0.258222 0.233738 0.252034 0.333977 0.262445 0.203549 0.529796 0.242372 0.234661 0.336581
0.218403 0.274996 0.290921 0.207425 0.329213 0.247488 0.246133 0.291859 0.3194 0.19795 0.237261 0.330803 0.235869 0.189781 0.260184 0.257991 0.233726 0.251874 0.33451 0.262114 0.203464 0.530651 0.242283 0.234649 0.336859
0.218288 0.275023 0.29099 0.207472 0.329152 0.247391 0.245965 0.291626 0.319246 0.197722 0.237249 0.331763 0.235857 0.189609 0.259921 0.257759 0.233714 0.251713 0.335049 0.261781 0.20338 0.531509 0.242193 0.234638 0.337136
0.218173 0.275052 0.291064 0.20752 0.329083 0.247295 0.245795 0.291386 0.319085 0.197493 0.237237 0.332735 0.235845 0.189438 0.259656 0.257526 0.233702 0.251549 0.335596 0.261448 0.203296 0.53237 0.242103 0.234626 0.337414
0.218057 0.275083 0.291143 0.207567 0.329007 0.247199 0.245624 0.29114 0.318918 0.197264 0.237225 0.33372 0.235833 0.189268 0.259391 0.257292 0.23369 0.251384 0.336151 0.261113 0.203214 0.533235 0.242013 0.234614 0.33769
0.217942 0.275116 0.291225 0.207615 0.328924 0.247103 0.24545 0.290889 0.318744 0.197034 0.237213 0.334717 0.235821 0.189099 0.259124 0.257056 0.233678 0.251218 0.336713 0.260777 0.203131 0.534104 0.241922 0.234602 0.337967
0.217826 0.275152 0.291312 0.207662 0.328832 0.247008 0.245275 0.290631 0.318563 0.196803 0.237201 0.335728 0.235809 0.18893 0.258856 0.256818 0.233666 0.251049 0.337283 0.260439 0.20305 0.534978 0.241831 0.23459 0.338243
0.217709 0.27519 0.291403 0.20771 0.328733 0.246913 0.245097 0.290367 0.318376 0.196571 0.237188 0.336752 0.235796 0.188762 0.258586 0.256579 0.233654 0.250879 0.337862 0.2601 0.202968 0.535856 0.24174 0.234577 0.338519
0.217593 0.275231 0.291499 0.207757 0.328627 0.246818 0.244918 0.290097 0.318182 0.196338 0.237176 0.337792 0.235784 0.188594 0.258315 0.256339 0.233642 0.250706 0.338449 0.259758 0.202888 0.53674 0.241648 0.234565 0.338795
0.217475 0.275273 0.291599 0.207805 0.328512 0.246723 0.244736 0.28982 0.31798 0.196104 0.237163 0.338846 0.235772 0.188427 0.258041 0.256096 0.233629 0.250531 0.339046 0.259415 0.202808 0.53763 0.241555 0.234553 0.339072
0.217358 0.275319 0.291704 0.207853 0.328389 0.246628 0.244552 0.289537 0.317772 0.195868 0.237151 0.339916 0.235759 0.18826 0.257766 0.255851 0.233617 0.250353 0.339652 0.259069 0.202728 0.538525 0.241462 0.23454 0.339348
0.217239 0.275367 0.291813 0.2079 0.328258 0.246534 0.244366 0.289246 0.317556 0.19563 0.237138 0.341003 0.235746 0.188094 0.257488 0.255605 0.233604 0.250174 0.340268 0.258721 0.202649 0.539428 0.241368 0.234527 0.339625
0.21712 0.275417 0.291928 0.207948 0.328119 0.246439 0.244177 0.288948 0.317333 0.195391 0.237125 0.342107 0.235733 0.187928 0.257208 0.255356 0.233591 0.249991 0.340894 0.258371 0.20257 0.540337 0.241274 0.234515 0.339903
0.217 0.275471 0.292046 0.207996 0.327972 0.246344 0.243985 0.288644 0.317102 0.195151 0.237112 0.343229 0.23572 0.187762 0.256926 0.255104 0.233579 0.249806 0.341531 0.258017 0.202491 0.541254 0.241179 0.234502 0.340181
0.21688 0.275527 0.29217 0.208045 0.327816 0.24625 0.24379 0.288331 0.316863 0.194908 0.237099 0.344369 0.235707 0.187597 0.256641 0.25485 0.233565 0.249619 0.342179 0.257661 0.202413 0.54218 0.241083 0.234488 0.34046
0.216758 0.275586 0.292299 0.208093 0.327652 0.246155 0.243593 0.288011 0.316616 0.194663 0.237085 0.345529 0.235694 0.187431 0.256353 0.254594 0.233552 0.249428 0.342838 0.257302 0.202335 0.543114 0.240986 0.234475 0.34074
0.216636 0.275648 0.292433 0.208142 0.327478 0.24606 0.243392 0.287683 0.316361 0.194417 0.237072 0.346708 0.23568 0.187265 0.256063 0.254335 0.233539 0.249234 0.343509 0.256939 0.202258 0.544057 0.240887 0.234462 0.341021
0.216512 0.275713 0.292572 0.208191 0.327296 0.245965 0.243188 0.287347 0.316098 0.194167 0.237058 0.347909 0.235667 0.187099 0.255769 0.254072 0.233525 0.249037 0.344193 0.256573 0.20218 0.54501 0.240788 0.234448 0.341303
0.216387 0.275781 0.292716 0.20824 0.327105 0.24587 0.24298 0.287002 0.315827 0.193916 0.237044 0.349132 0.235653 0.186933 0.255472 0.253807 0.233511 0.248836 0.344889 0.256204 0.202103 0.545973 0.240688 0.234434 0.341586
0.216261 0.275853 0.292866 0.208289 0.326904 0.245774 0.242769 0.286649 0.315546 0.193661 0.23703 0.350378 0.235639 0.186767 0.255172 0.253538 0.233497 0.248632 0.345599 0.25583 0.202026 0.546947 0.240587 0.23442 0.341871
0.216134 0.275927 0.293022 0.208339 0.326693 0.245679 0.242554 0.286287 0.315257 0.193404 0.237016 0.351647 0.235625 0.186601 0.254868 0.253266 0.233483 0.248424 0.346323 0.255452 0.20195 0.547932 0.240484 0.234406 0.342157
0.216005 0.276006 0.293183 0.208389 0.326473 0.245583 0.242335 0.285916 0.314958 0.193144 0.237001 0.352942 0.23561 0.186434 0.25456 0.25299 0.233469 0.248212 0.347062 0.25507 0.201873 0.54893 0.24038 0.234392 0.342445
0.215875 0.276088 0.29335 0.20844 0.326243 0.245487 0.242112 0.285535 0.31465 0.192881 0.236986 0.354262 0.235595 0.186266 0.254248 0.25271 0.233454 0.247996 0.347815 0.254683 0.201797 0.549941 0.240275 0.234377 0.342735
0.215743 0.276173 0.293523 0.208491 0.326003 0.24539 0.241885 0.285145 0.314333 0.192614 0.236971 0.355609 0.23558 0.186098 0.253932 0.252426 0.233439 0.247776 0.348585 0.254291 0.201721 0.550965 0.240168 0.234362 0.343027
0.215609 0.276263 0.293702 0.208543 0.325752 0.245293 0.241653 0.284745 0.314005 0.192344 0.236956 0.356984 0.235565 0.18593 0.253612 0.252138 0.233424 0.247551 0.349371 0.253895 0.201645 0.552003 0.240059 0.234347 0.343322
0.215474 0.276356 0.293888 0.208595 0.32549 0.245195 0.241416 0.284334 0.313667 0.192071 0.23694 0.358389 0.235549 0.18576 0.253287 0.251845 0.233409 0.247321 0.350174 0.253493 0.201568 0.553056 0.239949 0.234331 0.343619
0.215336 0.276454 0.29408 0.208647 0.325217 0.245097 0.241174 0.283912 0.313318 0.191793 0.236924 0.359824 0.235534 0.18559 0.252957 0.251548 0.233393 0.247087 0.350994 0.253085 0.201492 0.554125 0.239837 0.234316 0.343918
0.215197 0.276556 0.294279 0.2087 0.324933 0.244999 0.240927 0.28348 0.312959 0.191511 0.236908 0.361291 0.235517 0.185418 0.252622 0.251246 0.233377 0.246847 0.351834 0.252671 0.201416 0.555211 0.239723 0.234299 0.344221
0.215055 0.276662 0.294484 0.208754 0.324637 0.2449 0.240675 0.283036 0.312588 0.191225 0.236892 0.362791 0.235501 0.185246 0.252281 0.250938 0.233361 0.246602 0.352692 0.252251 0.20134 0.556313 0.239607 0.234283 0.344526
0.214911 0.276773 0.294697 0.208808 0.324329 0.2448 0.240416 0.28258 0.312205 0.190934 0.236875 0.364326 0.235484 0.185073 0.251935 0.250626 0.233344 0.246351 0.353571 0.251825 0.201264 0.557434 0.239489 0.234266 0.344835
0.214764 0.276889 0.294918 0.208863 0.324009 0.244699 0.240152 0.282111 0.311811 0.190639 0.236857 0.365897 0.235467 0.184898 0.251582 0.250307 0.233327 0.246094 0.354471 0.251391 0.201187 0.558574 0.239368 0.234249 0.345147
0.214615 0.27701 0.295146 0.208918 0.323676 0.244598 0.239881 0.28163 0.311404 0.190339 0.23684 0.367506 0.235449 0.184722 0.251224 0.249983 0.233309 0.24583 0.355393 0.25095 0.201111 0.559734 0.239246 0.234232 0.345463
0.214463 0.277136 0.295382 0.208975 0.323329 0.244496 0.239603 0.281136 0.310984 0.190033 0.236822 0.369155 0.235431 0.184544 0.250859 0.249652 0.233291 0.245561 0.356338 0.250502 0.201034 0.560916 0.23912 0.234214 0.345783
0.214308 0.277267 0.295626 0.209032 0.322969 0.244393 0.239319 0.280628 0.310551 0.189722 0.236803 0.370845 0.235413 0.184365 0.250487 0.249315 0.233273 0.245284 0.357306 0.250046 0.200957 0.562119 0.238992 0.234195 0.346107
0.214151 0.277404 0.295879 0.209089 0.322595 0.244289 0.239027 0.280106 0.310104 0.189404 0.236784 0.372578 0.235394 0.184185 0.250108 0.248971 0.233254 0.245 0.3583 0.249582 0.20088 0.563345 0.238861 0.234177 0.346435
0.213989 0.277547 0.296141 0.209148 0.322206 0.244185 0.238728 0.279569 0.309643 0.189081 0.236765 0.374356 0.235375 0.184002 0.249722 0.248619 0.233235 0.244708 0.35932 0.249109 0.200803 0.564595 0.238728 0.234157 0.346769
0.213825 0.277697 0.296411 0.209208 0.321803 0.244079 0.23842 0.279016 0.309168 0.188752 0.236745 0.376181 0.235355 0.183818 0.249328 0.248261 0.233216 0.244409 0.360367 0.248626 0.200725 0.565871 0.238591 0.234138 0.347107
0.213656 0.277852 0.296692 0.209268 0.321383 0.243972 0.238104 0.278448 0.308677 0.188415 0.236725 0.378055 0.235335 0.183631 0.248926 0.247894 0.233195 0.244101 0.361443 0.248135 0.200647 0.567173 0.238451 0.234117 0.347451
0.213484 0.278015 0.296982 0.209329 0.320947 0.243864 0.237779 0.277863 0.30817 0.188072 0.236704 0.37998 0.235314 0.183443 0.248515 0.247519 0.233175 0.243784 0.362549 0.247633 0.200569 0.568502 0.238307 0.234096 0.3478
0.213308 0.278184 0.297283 0.209391 0.320495 0.243755 0.237445 0.277262 0.307647 0.187722 0.236682 0.381959 0.235292 0.183252 0.248095 0.247136 0.233153 0.243458 0.363686 0.247121 0.200491 0.569861 0.23816 0.234075 0.348155
0.213128 0.278362 0.297594 0.209455 0.320025 0.243644 0.237101 0.276642 0.307106 0.187363 0.23666 0.383995 0.23527 0.183059 0.247666 0.246743 0.233131 0.243123 0.364855 0.246598 0.200412 0.57125 0.238008 0.234053 0.348517
0.212943 0.278546 0.297916 0.209519 0.319537 0.243532 0.236747 0.276003 0.306548 0.186997 0.236637 0.386089 0.235247 0.182863 0.247227 0.246341 0.233109 0.242777 0.366059 0.246063 0.200332 0.572671 0.237853 0.23403 0.348885
0.212753 0.278739 0.298251 0.209584 0.31903 0.243418 0.236382 0.275346 0.305972 0.186622 0.236613 0.388245 0.235224 0.182664 0.246777 0.245929 0.233085 0.242421 0.367299 0.245517 0.200253 0.574125 0.237694 0.234007 0.349261
0.212559 0.278941 0.298597 0.209651 0.318504 0.243303 0.236006 0.274668 0.305376 0.186238 0.236589 0.390464 0.2352 0.182463 0.246318 0.245506 0.233061 0.242053 0.368576 0.244958 0.200172 0.575613 0.23753 0.233983 0.349644
0.212359 0.279151 0.298956 0.209719 0.317957 0.243186 0.235618 0.273969 0.304761 0.185845 0.236564 0.392752 0.235175 0.182259 0.245847 0.245073 0.233037 0.241674 0.369893 0.244386 0.200092 0.577138 0.237361 0.233958 0.350035
0.212153 0.279371 0.299329 0.209787 0.31739 0.243067 0.235218 0.273249 0.304125 0.185443 0.236538 0.395109 0.235149 0.182051 0.245364 0.244628 0.233011 0.241283 0.371251 0.243801 0.200011 0.578701 0.237187 0.233933 0.350434
0.211941 0.279601 0.299715 0.209858 0.3168 0.242947 0.234804 0.272505 0.303468 0.18503 0.236512 0.39754 0.235123 0.18184 0.244869 0.244171 0.232985 0.240879 0.372652 0.243201 0.199929 0.580303 0.237008 0.233906 0.350842
0.211724 0.279841 0.300116 0.209929 0.316187 0.242824 0.234377 0.271738 0.302788 0.184607 0.236484 0.400047 0.235095 0.181626 0.244362 0.243702 0.232957 0.240461 0.374098 0.242586 0.199847 0.581947 0.236824 0.233879 0.351259
0.211499 0.280092 0.300533 0.210001 0.315551 0.242699 0.233936 0.270947 0.302085 0.184172 0.236456 0.402636 0.235067 0.181408 0.243842 0.243219 0.232929 0.240029 0.375593 0.241956 0.199764 0.583633 0.236633 0.23385 0.351687
0.211268 0.280355 0.300965 0.210075 0.31489 0.242572 0.23348 0.27013 0.301358 0.183727 0.236426 0.405308 0.235037 0.181186 0.243307 0.242723 0.2329 0.239582 0.377137 0.24131 0.199681 0.585365 0.236437 0.233821 0.352124
0.21103 0.280629 0.301414 0.210151 0.314203 0.242442 0.233007 0.269286 0.300606 0.183269 0.236395 0.408068 0.235007 0.18096 0.242759 0.242212 0.23287 0.23912 0.378733 0.240647 0.199597 0.587143 0.236234 0.233791 0.352573
0.210783 0.280917 0.30188 0.210227 0.313489 0.242309 0.232519 0.268414 0.299828 0.182798 0.236364 0.410921 0.234975 0.18073 0.242196 0.241686 0.232838 0.238642 0.380385 0.239967 0.199513 0.58897 0.236025 0.233759 0.353033
0.210529 0.281218 0.302366 0.210305 0.312748 0.242174 0.232013 0.267513 0.299022 0.182315 0.236331 0.413869 0.234943 0.180495 0.241617 0.241144 0.232806 0.238146 0.382094 0.239268 0.199428 0.590848 0.235808 0.233727 0.353505
0.210265 0.281533 0.30287 0.210384 0.311977 0.242035 0.231489 0.266582 0.298188 0.181818 0.236297 0.416918 0.234909 0.180256 0.241022 0.240586 0.232772 0.237632 0.383864 0.23855 0.199343 0.592779 0.235583 0.233693 0.353991
0.209993 0.281862 0.303395 0.210465 0.311176 0.241893 0.230946 0.26562 0.297325 0.181306 0.236261 0.420072 0.234874 0.180012 0.24041 0.24001 0.232737 0.2371 0.385697 0.237812 0.199257 0.594765 0.235351 0.233658 0.35449
0.209711 0.282208 0.303941 0.210547 0.310343 0.241747 0.230384 0.264624 0.296431 0.18078 0.236225 0.423335 0.234837 0.179763 0.239781 0.239416 0.232701 0.236548 0.387598 0.237054 0.19917 0.596809 0.235111 0.233621 0.355003
0.209419 0.28257 0.30451 0.21063 0.309477 0.241597 0.2298 0.263595 0.295506 0.180238 0.236186 0.426712 0.234799 0.179509 0.239134 0.238803 0.232663 0.235975 0.389568 0.236275 0.199084 0.598911 0.234862 0.233584 0.355532
0.209115 0.282949 0.305103 0.210715 0.308577 0.241443 0.229195 0.26253 0.294547 0.179681 0.236147 0.430209 0.234759 0.179249 0.238468 0.23817 0.232624 0.235381 0.391612 0.235473 0.198996 0.601076 0.234604 0.233544 0.356076
0.208801 0.283347 0.30572 0.210801 0.307641 0.241284 0.228567 0.261428 0.293555 0.179106 0.236105 0.433829 0.234718 0.178984 0.237783 0.237515 0.232583 0.234764 0.393734 0.234649 0.198909 0.603304 0.234336 0.233503 0.356637
0.208474 0.283764 0.306364 0.210888 0.306668 0.24112 0.227916 0.260288 0.292527 0.178515 0.236062 0.437579 0.234675 0.178712 0.237079 0.23684 0.23254 0.234124 0.395937 0.2338 0.198821 0.605598 0.234058 0.23346 0.357217
0.208135 0.284201 0.307036 0.210976 0.305656 0.24095 0.227239 0.259108 0.291462 0.177905 0.236017 0.441462 0.234631 0.178434 0.236354 0.236141 0.232496 0.233459 0.398225 0.232928 0.198732 0.607961 0.23377 0.233416 0.357815
0.207782 0.28466 0.307736 0.211065 0.304605 0.240774 0.226538 0.257887 0.290359 0.177277 0.235971 0.445484 0.234584 0.17815 0.235607 0.235418 0.23245 0.232769 0.400603 0.23203 0.198644 0.610394 0.233471 0.233369 0.358433
0.207415 0.285141 0.308468 0.211155 0.303512 0.240592 0.225809 0.256624 0.289217 0.17663 0.235922 0.449651 0.234536 0.17786 0.23484 0.234671 0.232401 0.232053 0.403074 0.231106 0.198555 0.612899 0.233161 0.233321 0.359072
0.207033 0.285645 0.309231 0.211245 0.302376 0.240402 0.225053 0.255316 0.288034 0.175964 0.235871 0.453967 0.234485 0.177562 0.23405 0.233897 0.232351 0.231309 0.405643 0.230155 0.198466 0.615478 0.232839 0.233271 0.359733
0.206635 0.286175 0.310029 0.211336 0.301196 0.240204 0.224269 0.253962 0.28681 0.175277 0.235818 0.458436 0.234432 0.177257 0.233237 0.233097 0.232299 0.230537 0.408316 0.229177 0.198377 0.618133 0.232504 0.233218 0.360418
0.20622 0.28673 0.310863 0.211427 0.299969 0.239997 0.223454 0.252561 0.285542 0.174569 0.235763 0.463064 0.234377 0.176944 0.232402 0.232268 0.232244 0.229735 0.411095 0.228171 0.198289 0.620866 0.232157 0.233163 0.361127
0.205788 0.287313 0.311734 0.211518 0.298696 0.23978 0.22261 0.251112 0.284231 0.173841 0.235705 0.467854 0.23432 0.176624 0.231544 0.23141 0.232187 0.228903 0.413988 0.227136 0.1982 0.623677 0.231796 0.233106 0.361863
0.205337 0.287923 0.312645 0.211608 0.297374 0.239552 0.221734 0.249613 0.282874 0.17309 0.235645 0.472811 0.23426 0.176296 0.230662 0.230522 0.232128 0.22804 0.416997 0.226072 0.198113 0.626569 0.231422 0.233047 0.362626
0.204866 0.288564 0.313598 0.211697 0.296002 0.239312 0.220825 0.248064 0.281472 0.172318 0.235582 0.477937 0.234197 0.17596 0.229757 0.229603 0.232066 0.227145 0.420128 0.224979 0.198026 0.629541 0.231034 0.232984 0.363417
0.204375 0.289235 0.314595 0.211785 0.29458 0.239059 0.219884 0.246462 0.280023 0.171523 0.235517 0.483236 0.234132 0.175615 0.228828 0.228651 0.232001 0.226218 0.423387 0.223857 0.197939 0.632593 0.230631 0.232919 0.36424
0.203862 0.289938 0.315639 0.211871 0.293106 0.238792 0.21891 0.244807 0.278527 0.170706 0.235449 0.48871 0.234064 0.175262 0.227876 0.227665 0.231933 0.225257 0.426778 0.222705 0.197854 0.635727 0.230213 0.232851 0.365094
0.203326 0.290675 0.316731 0.211955 0.291579 0.238508 0.217902 0.243099 0.276983 0.169866 0.235377 0.494358 0.233993 0.174899 0.226902 0.226646 0.231863 0.224263 0.430306 0.221524 0.19777 0.63894 0.22978 0.232781 0.365983
0.202766 0.291445 0.317874 0.212035 0.29 0.238206 0.216861 0.241336 0.275392 0.169004 0.235303 0.500183 0.233919 0.174528 0.225905 0.22559 0.231789 0.223235 0.433974 0.220314 0.197688 0.642232 0.229331 0.232707 0.366907
0.202182 0.29225 0.31907 0.21211 0.288367 0.237885 0.215785 0.239519 0.273753 0.16812 0.235226 0.506181 0.233842 0.174147 0.224887 0.224499 0.231713 0.222174 0.437789 0.219075 0.197607 0.6456 0.228867 0.23263 0.367869
0.201572 0.293092 0.320322 0.212181 0.286681 0.237541 0.214676 0.237648 0.272067 0.167214 0.235145 0.51235 0.233762 0.173757 0.223849 0.223372 0.231633 0.221079 0.441754 0.217808 0.197529 0.649041 0.228388 0.23255 0.368871
0.200934 0.293969 0.321633 0.212246 0.284942 0.237174 0.213534 0.235723 0.270334 0.166286 0.235061 0.518686 0.233678 0.173357 0.222792 0.222207 0.23155 0.219951 0.445872 0.216515 0.197452 0.652553 0.227892 0.232467 0.369914
0.200269 0.294884 0.323004 0.212303 0.283152 0.23678 0.212359 0.233745 0.268557 0.165338 0.234974 0.525183 0.233592 0.172948 0.221718 0.221004 0.231464 0.218791 0.450146 0.215197 0.197379 0.656129 0.227382 0.232381 0.371
0.199575 0.295835 0.324438 0.212352 0.281312 0.236358 0.211154 0.231715 0.266736 0.164371 0.234884 0.531833 0.233502 0.172529 0.220629 0.219765 0.231374 0.217601 0.454578 0.213855 0.197308 0.659766 0.226856 0.232291 0.372132
0.198852 0.296823 0.325939 0.212391 0.279422 0.235903 0.209919 0.229635 0.264874 0.163385 0.23479 0.538626 0.233408 0.1721 0.219527 0.218487 0.231282 0.216381 0.459171 0.212491 0.19724 0.663455 0.226315 0.232198 0.373313
0.198098 0.297847 0.327507 0.212418 0.277487 0.235415 0.208656 0.227508 0.262974 0.162383 0.234693 0.54555 0.233311 0.171661 0.218415 0.217173 0.231185 0.215134 0.463924 0.211108 0.197176 0.667189 0.225761 0.232102 0.374543
0.197313 0.298905 0.329146 0.212432 0.275509 0.234888 0.207369 0.225336 0.261038 0.161365 0.234592 0.552589 0.233211 0.171213 0.217296 0.215823 0.231086 0.213862 0.468838 0.209709 0.197115 0.67096 0.225193 0.232002 0.375825
0.196497 0.299997 0.330857 0.212431 0.27349 0.234322 0.206059 0.223123 0.25907 0.160335 0.234488 0.559729 0.233108 0.170755 0.216173 0.214437 0.230983 0.212567 0.473909 0.208296 0.197058 0.674758 0.224612 0.231899 0.377162
0.19565 0.30112 0.332643 0.212413 0.271437 0.233712 0.204729 0.220872 0.257075 0.159294 0.234381 0.566948 0.233001 0.170288 0.21505 0.213019 0.230877 0.211254 0.479136 0.206874 0.197005 0.678572 0.224021 0.231793 0.378556
0.194772 0.302272 0.334504 0.212376 0.269353 0.233055 0.203384 0.218589 0.255057 0.158244 0.234271 0.574228 0.232891 0.169812 0.21393 0.211568 0.230768 0.209925 0.484512 0.205444 0.196956 0.68239 0.223419 0.231683 0.380009
0.193863 0.303449 0.336443 0.212319 0.267244 0.23235 0.202027 0.216279 0.253022 0.157189 0.234158 0.581544 0.232779 0.169327 0.212818 0.210088 0.230656 0.208585 0.490033 0.204013 0.196911 0.6862 0.222808 0.231571 0.381523
0.192924 0.304647 0.33846 0.212238 0.265115 0.231592 0.200663 0.213947 0.250974 0.156131 0.234042 0.588872 0.232663 0.168834 0.211719 0.208582 0.230542 0.207237 0.49569 0.202582 0.19687 0.689988 0.22219 0.231456 0.3831
0.191957 0.305861 0.340556 0.212132 0.262974 0.230781 0.199296 0.2116 0.248921 0.155075 0.233923 0.596187 0.232545 0.168334 0.210635 0.207052 0.230424 0.205888 0.501472 0.201158 0.196833 0.693741 0.221567 0.231338 0.384743
0.190962 0.307085 0.342732 0.211999 0.260827 0.229913 0.197931 0.209245 0.246867 0.154022 0.233802 0.60346 0.232425 0.167826 0.209573 0.205502 0.230305 0.20454 0.50737 0.199744 0.196799 0.697446 0.220941 0.231218 0.386453
0.189943 0.308314 0.344988 0.211837 0.258681 0.228988 0.196572 0.20689 0.244821 0.152976 0.233679 0.610665 0.232302 0.167313 0.208535 0.203938 0.230183 0.203199 0.513368 0.198344 0.196769 0.701088 0.220313 0.231096 0.388232
0.1889 0.30954 0.347323 0.211644 0.256544 0.228006 0.195226 0.20454 0.242788 0.151941 0.233553 0.617774 0.232177 0.166793 0.207527 0.202362 0.230059 0.201871 0.519453 0.196963 0.196741 0.704654 0.219685 0.230971 0.390082
0.187838 0.310756 0.349737 0.211417 0.254424 0.226965 0.193895 0.202205 0.240774 0.15092 0.233426 0.624761 0.23205 0.16627 0.206552 0.20078 0.229933 0.20056 0.525608 0.195605 0.196715 0.70813 0.219059 0.230845 0.392004
0.186759 0.311952 0.352228 0.211156 0.252328 0.225866 0.192586 0.199891 0.238787 0.149917 0.233298 0.631599 0.231922 0.165742 0.205614 0.199198 0.229806 0.19927 0.531814 0.194274 0.19669 0.711505 0.218437 0.230718 0.393999
0.185668 0.313121 0.354795 0.210859 0.250263 0.224712 0.191303 0.197606 0.236832 0.148934 0.233168 0.638264 0.231793 0.165213 0.204716 0.197621 0.229677 0.198007 0.538054 0.192973 0.196665 0.714767 0.217822 0.230589 0.396069
0.184567 0.314251 0.357436 0.210525 0.248237 0.223504 0.190049 0.195358 0.234914 0.147975 0.233037 0.644734 0.231663 0.164682 0.20386 0.196054 0.229548 0.196774 0.544306 0.191705 0.19664 0.717907 0.217215 0.23046 0.398215
0.183461 0.315334 0.360149 0.210153 0.246257 0.222247 0.188829 0.193154 0.23304 0.147044 0.232906 0.650988 0.231532 0.164151 0.203049 0.194503 0.229418 0.195575 0.55055 0.190473 0.196613 0.720915 0.216617 0.230329 0.400437
0.182355 0.31636 0.362932 0.209743 0.244328 0.220943 0.187646 0.191 0.231213 0.146141 0.232774 0.65701 0.231401 0.16362 0.202285 0.192975 0.229288 0.194413 0.556766 0.189279 0.196582 0.723784 0.21603 0.230198 0.402736
0.181253 0.317318 0.365782 0.209294 0.242456 0.219597 0.186501 0.188902 0.229437 0.145271 0.232642 0.662785 0.231269 0.163092 0.201567 0.191475 0.229157 0.193291 0.562932 0.188125 0.196547 0.72651 0.215456 0.230067 0.405112
0.18016 0.318198 0.368697 0.208807 0.240647 0.218216 0.185397 0.186865 0.227717 0.144434 0.232509 0.668302 0.231137 0.162567 0.200896 0.190008 0.229026 0.192211 0.569028 0.187011 0.196506 0.729087 0.214895 0.229936 0.407564
0.179081 0.31899 0.371674 0.208282 0.238904 0.216806 0.184336 0.184895 0.226053 0.143634 0.232377 0.673553 0.231006 0.162046 0.200273 0.18858 0.228895 0.191173 0.575036 0.185939 0.196458 0.731515 0.214348 0.229805 0.410094
0.17802 0.319684 0.37471 0.20772 0.237231 0.215372 0.183319 0.182994 0.224448 0.14287 0.232245 0.678533 0.230875 0.161531 0.199695 0.187196 0.228765 0.19018 0.580935 0.184908 0.196402 0.733792 0.213817 0.229674 0.412701
0.176981 0.320272 0.377802 0.207122 0.235631 0.213921 0.182344 0.181167 0.222904 0.142145 0.232114 0.683239 0.230744 0.161021 0.199163 0.185861 0.228635 0.189231 0.58671 0.183919 0.196335 0.735919 0.213301 0.229544 0.415384
0.175968 0.320745 0.380949 0.20649 0.234105 0.212461 0.181413 0.179415 0.22142 0.141459 0.231983 0.687673 0.230613 0.160518 0.198673 0.184578 0.228505 0.188325 0.592345 0.182969 0.196256 0.737898 0.212801 0.229413 0.418144
0.174986 0.321094 0.384148 0.205824 0.232655 0.210998 0.180524 0.177739 0.219996 0.140813 0.231852 0.691837 0.230483 0.160023 0.198224 0.183351 0.228376 0.187462 0.597826 0.182058 0.196165 0.739732 0.212316 0.229284 0.42098
0.174037 0.321315 0.387398 0.205127 0.231282 0.209538 0.179677 0.176142 0.218632 0.140207 0.231722 0.695737 0.230353 0.159536 0.197813 0.182184 0.228247 0.186641 0.603142 0.181185 0.19606 0.741427 0.211848 0.229155 0.423891
0.173124 0.321399 0.390696 0.204401 0.229985 0.208088 0.178869 0.174622 0.217326 0.139641 0.231592 0.699378 0.230225 0.159057 0.197438 0.181078 0.228119 0.18586 0.608283 0.180348 0.195941 0.742986 0.211394 0.229027 0.426877
0.172249 0.321343 0.394042 0.203647 0.228764 0.206652 0.1781 0.17318 0.216077 0.139115 0.231463 0.702771 0.230096 0.158586 0.197096 0.180035 0.227992 0.185118 0.613243 0.179544 0.195805 0.744415 0.210956 0.228899 0.429939
0.171415 0.321142 0.397435 0.202867 0.227616 0.205237 0.177366 0.171814 0.214882 0.138628 0.231335 0.705924 0.229968 0.158124 0.196784 0.179058 0.227865 0.184412 0.618017 0.178771 0.195652 0.745722 0.210531 0.228771 0.433075
0.170622 0.320794 0.400873 0.202062 0.226542 0.203846 0.176666 0.170522 0.21374 0.13818 0.231207 0.708849 0.229841 0.15767 0.196499 0.178145 0.227738 0.18374 0.6226 0.178028 0.195481 0.746912 0.21012 0.228644 0.436287
0.169871 0.320297 0.404358 0.201236 0.225538 0.202483 0.175997 0.169303 0.212647 0.137769 0.231079 0.711556 0.229714 0.157225 0.196238 0.177298 0.227612 0.183099 0.626993 0.177312 0.195293 0.747991 0.209722 0.228518 0.439573
0.169163 0.319649 0.407889 0.200389 0.224602 0.201151 0.175358 0.168153 0.211601 0.137396 0.230952 0.714057 0.229587 0.156787 0.195999 0.176516 0.227486 0.182488 0.631196 0.176621 0.195085 0.748968 0.209336 0.228391 0.442934
0.168497 0.31885 0.411466 0.199522 0.223732 0.199852 0.174746 0.167071 0.210599 0.137057 0.230825 0.716364 0.22946 0.156358 0.195779 0.175798 0.22736 0.181904 0.635213 0.175953 0.194859 0.749848 0.20896 0.228265 0.446371
0.167874 0.317902 0.41509 0.198638 0.222925 0.198588 0.174157 0.166054 0.209638 0.136754 0.230698 0.718489 0.229334 0.155935 0.195575 0.175143 0.227234 0.181345 0.639046 0.175304 0.194613 0.750639 0.208594 0.228139 0.449883
0.167292 0.316807 0.418763 0.197737 0.222177 0.19736 0.173592 0.165097 0.208716 0.136483 0.23057 0.720445 0.229207 0.155519 0.195386 0.174549 0.227108 0.180808 0.642702 0.174674 0.194349 0.751345 0.208238 0.228013 0.453471
0.16675 0.315566 0.422485 0.19682 0.221486 0.196167 0.173046 0.164198 0.207829 0.136244 0.230442 0.722242 0.22908 0.15511 0.19521 0.174016 0.226982 0.180291 0.646187 0.174061 0.194065 0.751975 0.207888 0.227886 0.457136
0.166247 0.314183 0.426257 0.195889 0.220849 0.19501 0.172518 0.163354 0.206975 0.136036 0.230314 0.723892 0.228952 0.154706 0.195043 0.173539 0.226855 0.179792 0.649508 0.173461 0.193762 0.752533 0.207546 0.227759 0.460877
0.165781 0.312662 0.430081 0.194944 0.220262 0.193888 0.172006 0.162561 0.206151 0.135856 0.230186 0.725405 0.228824 0.154307 0.194886 0.173118 0.226728 0.179309 0.652675 0.172874 0.19344 0.753024 0.20721 0.227631 0.464694
0.16535 0.311007 0.433957 0.193985 0.219721 0.1928 0.171507 0.161816 0.205354 0.135704 0.230056 0.726793 0.228695 0.153913 0.194736 0.172749 0.2266 0.178841 0.655695 0.172298 0.1931 0.753455 0.206878 0.227503 0.468589
0.164952 0.309224 0.437888 0.193014 0.219225 0.191743 0.171022 0.161116 0.204581 0.135578 0.229926 0.728065 0.228565 0.153523 0.194593 0.172431 0.226471 0.178384 0.658578 0.171732 0.192742 0.753829 0.206551 0.227374 0.47256
0.164586 0.307317 0.441873 0.19203 0.218769 0.190717 0.170546 0.160456 0.203831 0.135477 0.229795 0.72923 0.228435 0.153137 0.194454 0.172159 0.226341 0.177938 0.661333 0.171173 0.192367 0.754151 0.206226 0.227243 0.476607
0.164249 0.305292 0.445914 0.191035 0.21835 0.18972 0.17008 0.159836 0.2031 0.135398 0.229662 0.730298 0.228303 0.152755 0.194321 0.171933 0.22621 0.177502 0.66397 0.170622 0.191975 0.754426 0.205904 0.227112 0.48073
0.16394 0.303156 0.450011 0.190028 0.217966 0.18875 0.169622 0.15925 0.202387 0.135342 0.229529 0.731277 0.22817 0.152375 0.19419 0.171748 0.226078 0.177073 0.666498 0.170076 0.191567 0.754656 0.205583 0.226979 0.484927
0.163655 0.300915 0.454165 0.18901 0.217613 0.187803 0.16917 0.158697 0.201689 0.135305 0.229393 0.732175 0.228035 0.151999 0.194063 0.171603 0.225945 0.176651 0.668927 0.169536 0.191144 0.754846 0.205263 0.226845 0.489197
0.163393 0.298576 0.458374 0.187981 0.217289 0.18688 0.168723 0.158174 0.201005 0.135288 0.229257 0.732998 0.227899 0.151626 0.193939 0.171494 0.22581 0.176235 0.671264 0.168999 0.190706 0.754999 0.204944 0.22671 0.493538
0.163152 0.296146 0.462639 0.186942 0.216991 0.185976 0.168281 0.157677 0.200333 0.135288 0.229119 0.733755 0.227762 0.151255 0.193817 0.171419 0.225673 0.175822 0.67352 0.168466 0.190254 0.755117 0.204624 0.226573 0.497948
0.162929 0.293632 0.466958 0.185894 0.216716 0.185091 0.167842 0.157206 0.199671 0.135305 0.228979 0.734451 0.227623 0.150886 0.193698 0.171376 0.225535 0.175414 0.675701 0.167936 0.18979 0.755203 0.204303 0.226435 0.502423
0.162723 0.291042 0.471329 0.184836 0.216462 0.184221 0.167406 0.156757 0.199018 0.135336 0.228838 0.735092 0.227482 0.150521 0.19358 0.171361 0.225395 0.175008 0.677816 0.167409 0.189314 0.75526 0.203981 0.226295 0.506959
0.162532 0.288383 0.47575 0.18377 0.216226 0.183367 0.166973 0.156328 0.198372 0.135381 0.228695 0.735685 0.22734 0.150158 0.193464 0.171373 0.225254 0.174605 0.679872 0.166885 0.188827 0.755289 0.203658 0.226153 0.511553
0.162353 0.285664 0.480217 0.182696 0.216007 0.182525 0.166541 0.155918 0.197732 0.13544 0.228551 0.736233 0.227196 0.149798 0.193351 0.171409 0.225111 0.174204 0.681875 0.166362 0.18833 0.755293 0.203332 0.22601 0.5162
0.162186 0.282893 0.484728 0.181615 0.215801 0.181695 0.16611 0.155525 0.197097 0.135509 0.228405 0.736742 0.227051 0.149441 0.19324 0.171467 0.224967 0.173804 0.683832 0.165842 0.187824 0.755274 0.203005 0.225865 0.520894
0.162029 0.280077 0.489276 0.180529 0.215607 0.180876 0.165681 0.155147 0.196466 0.135589 0.228258 0.737215 0.226904 0.149087 0.193131 0.171545 0.224821 0.173405 0.685748 0.165325 0.187311 0.755233 0.202676 0.225719 0.525628
0.161879 0.277225 0.493858 0.179438 0.215423 0.180065 0.165253 0.154782 0.19584 0.135678 0.228109 0.737658 0.226756 0.148738 0.193025 0.17164 0.224674 0.173007 0.687627 0.164811 0.186792 0.755173 0.202346 0.225572 0.530395
0.161736 0.274346 0.498468 0.178344 0.215247 0.179263 0.164825 0.15443 0.195216 0.135776 0.227959 0.738073 0.226607 0.148392 0.192921 0.17175 0.224526 0.17261 0.689473 0.164299 0.186267 0.755094 0.202013 0.225423 0.535189
0.161598 0.271449 0.503097 0.177248 0.215078 0.178469 0.164399 0.154089 0.194595 0.135881 0.227808 0.738464 0.226457 0.148051 0.192821 0.171875 0.224377 0.172214 0.69129 0.163792 0.185738 0.754998 0.201679 0.225274 0.539999
0.161465 0.268541 0.507741 0.176153 0.214914 0.177683 0.163974 0.153758 0.193977 0.135992 0.227657 0.738834 0.226306 0.147715 0.192724 0.17201 0.224228 0.171819 0.693081 0.163288 0.185206 0.754887 0.201344 0.225123 0.544818
0.161334 0.265632 0.512389 0.175059 0.214754 0.176903 0.16355 0.153436 0.193361 0.136109 0.227505 0.739185 0.226155 0.147385 0.19263 0.172156 0.224077 0.171426 0.694848 0.162789 0.184673 0.754761 0.201008 0.224973 0.549636
0.161206 0.26273 0.517035 0.173969 0.214596 0.176132 0.163129 0.153122 0.192748 0.13623 0.227353 0.73952 0.226003 0.147061 0.19254 0.17231 0.223927 0.171034 0.696592 0.162295 0.18414 0.754623 0.200671 0.224822 0.554444
0.161079 0.259844 0.521668 0.172884 0.214441 0.175368 0.16271 0.152816 0.192137 0.136354 0.2272 0.739841 0.225852 0.146743 0.192455 0.172471 0.223776 0.170645 0.698315 0.161808 0.183609 0.754474 0.200334 0.224671 0.559229
0.160953 0.256981 0.526279 0.171807 0.214286 0.174612 0.162293 0.152518 0.19153 0.136481 0.227049 0.74015 0.2257 0.146432 0.192373 0.172637 0.223626 0.170258 0.700017 0.161327 0.183079 0.754314 0.199998 0.22452 0.563983
0.160827 0.25415 0.530859 0.17074 0.214131 0.173865 0.161881 0.152225 0.190926 0.13661 0.226897 0.740449 0.22555 0.146128 0.192296 0.172807 0.223476 0.169875 0.701697 0.160854 0.182554 0.754145 0.199664 0.22437 0.568694
0.1607 0.251359 0.535398 0.169685 0.213976 0.173127 0.161472 0.15194 0.190327 0.136741 0.226747 0.740738 0.2254 0.145832 0.192224 0.172979 0.223328 0.169495 0.703355 0.160389 0.182034 0.753969 0.199331 0.224221 0.573352
0.160573 0.248614 0.539885 0.168645 0.21382 0.1724 0.161069 0.15166 0.189733 0.136872 0.226598 0.74102 0.225252 0.145545 0.192157 0.173153 0.22318 0.169119 0.704991 0.159933 0.18152 0.753785 0.199 0.224073 0.577945
0.160445 0.245923 0.544311 0.16762 0.213662 0.171684 0.160671 0.151386 0.189144 0.137002 0.22645 0.741295 0.225105 0.145267 0.192094 0.173326 0.223034 0.168749 0.706603 0.159487 0.181014 0.753597 0.198673 0.223927 0.582463
0.160316 0.243292 0.548666 0.166615 0.213504 0.17098 0.160279 0.151118 0.188562 0.137132 0.226305 0.741564 0.22496 0.144997 0.192037 0.173499 0.222891 0.168384 0.708189 0.159052 0.180516 0.753404 0.19835 0.223783 0.586897
0.160186 0.240727 0.552939 0.165629 0.213343 0.17029 0.159894 0.150855 0.187988 0.13726 0.226162 0.741827 0.224818 0.144738 0.191984 0.17367 0.222749 0.168026 0.709749 0.158628 0.180029 0.753209 0.198032 0.223641 0.591236
0.160056 0.238233 0.557123 0.164667 0.213182 0.169614 0.159517 0.150598 0.187423 0.137386 0.226022 0.742085 0.224678 0.144487 0.191937 0.173837 0.22261 0.167675 0.711278 0.158215 0.179553 0.753011 0.197719 0.223501 0.595472
0.159924 0.235816 0.561208 0.163728 0.213019 0.168954 0.159148 0.150347 0.186867 0.137509 0.225884 0.742339 0.224541 0.144247 0.191894 0.174002 0.222475 0.167331 0.712777 0.157816 0.179089 0.752812 0.197413 0.223365 0.599595
0.159792 0.233478 0.565187 0.162816 0.212855 0.168311 0.158789 0.150102 0.186321 0.13763 0.22575 0.742588 0.224408 0.144017 0.191856 0.174162 0.222342 0.166996 0.714242 0.157429 0.178637 0.752614 0.197113 0.223232 0.603599
0.15966 0.231224 0.569053 0.161931 0.21269 0.167685 0.158439 0.149863 0.185787 0.137747 0.22562 0.742833 0.224278 0.143797 0.191823 0.174317 0.222213 0.16667 0.715671 0.157056 0.1782 0.752416 0.19682 0.223103 0.607477
0.159528 0.229056 0.572798 0.161076 0.212525 0.167078 0.158099 0.14963 0.185265 0.137861 0.225493 0.743074 0.224152 0.143587 0.191794 0.174467 0.222088 0.166353 0.717063 0.156697 0.177776 0.752221 0.196536 0.222977 0.611224
0.159397 0.226976 0.576418 0.16025 0.21236 0.16649 0.15777 0.149403 0.184757 0.137971 0.22537 0.74331 0.224029 0.143387 0.191769 0.174611 0.221966 0.166045 0.718415 0.156352 0.177368 0.752028 0.19626 0.222855 0.614833
0.159266 0.224986 0.579908 0.159454 0.212195 0.165922 0.157452 0.149183 0.184262 0.138077 0.225251 0.743542 0.223911 0.143198 0.191749 0.174749 0.221849 0.165748 0.719726 0.156021 0.176974 0.751839 0.195993 0.222738 0.618303
0.159137 0.223086 0.583264 0.158691 0.212031 0.165375 0.157145 0.14897 0.183783 0.138178 0.225137 0.743769 0.223798 0.143018 0.191732 0.174881 0.221736 0.165462 0.720994 0.155705 0.176597 0.751654 0.195735 0.222625 0.621629
0.159009 0.221276 0.586484 0.157959 0.211869 0.164849 0.156851 0.148763 0.183319 0.138275 0.225028 0.74399 0.223688 0.142849 0.191718 0.175007 0.221628 0.165187 0.722218 0.155403 0.176235 0.751474 0.195486 0.222516 0.624811
0.158883 0.219557 0.589565 0.15726 0.211709 0.164345 0.156568 0.148563 0.18287 0.138367 0.224922 0.744207 0.223584 0.142689 0.191707 0.175126 0.221524 0.164922 0.723396 0.155116 0.17589 0.7513 0.195248 0.222411 0.627847
0.15876 0.217926 0.592508 0.156593 0.211551 0.163862 0.156297 0.148371 0.182439 0.138455 0.224822 0.744418 0.223484 0.142538 0.191699 0.175239 0.221424 0.164669 0.724528 0.154843 0.17556 0.751131 0.195019 0.222312 0.630738
0.15864 0.216383 0.595312 0.155959 0.211396 0.163401 0.156038 0.148185 0.182023 0.138539 0.224726 0.744623 0.223388 0.142396 0.191694 0.175346 0.221329 0.164427 0.725614 0.154584 0.175247 0.750968 0.194801 0.222217 0.633485
0.158522 0.214926 0.597978 0.155356 0.211244 0.162963 0.155792 0.148007 0.181625 0.138618 0.224635 0.744822 0.223297 0.142264 0.191691 0.175446 0.221239 0.164196 0.726652 0.154338 0.174949 0.750812 0.194593 0.222126 0.636089
0.158408 0.213552 0.600507 0.154785 0.211097 0.162545 0.155558 0.147836 0.181245 0.138692 0.224548 0.745015 0.223211 0.142139 0.19169 0.17554 0.221153 0.163977 0.727643 0.154107 0.174667 0.750663 0.194394 0.22204 0.638553
0.158298 0.21226 0.602902 0.154245 0.210953 0.162149 0.155335 0.147673 0.180881 0.138762 0.224466 0.745202 0.223129 0.142023 0.19169 0.175629 0.221072 0.163768 0.728587 0.153888 0.174401 0.75052 0.194206 0.221959 0.640879
0.158191 0.211046 0.605166 0.153735 0.210813 0.161775 0.155124 0.147517 0.180534 0.138828 0.224388 0.745382 0.223052 0.141914 0.191692 0.175711 0.220995 0.163571 0.729484 0.153682 0.174149 0.750385 0.194028 0.221882 0.643072
0.158088 0.209908 0.607301 0.153255 0.210678 0.16142 0.154925 0.147368 0.180205 0.13889 0.224315 0.745555 0.222979 0.141813 0.191695 0.175788 0.220923 0.163384 0.730335 0.153489 0.173912 0.750256 0.193859 0.221809 0.645136
0.15799 0.208842 0.609312 0.152803 0.210548 0.161086 0.154737 0.147226 0.179892 0.138947 0.224246 0.745722 0.22291 0.141719 0.191699 0.175859 0.220854 0.163207 0.731141 0.153308 0.173689 0.750135 0.1937 0.22174 0.647075
0.157895 0.207845 0.611202 0.152378 0.210423 0.160771 0.154559 0.147092 0.179595 0.139001 0.22418 0.745881 0.222845 0.141631 0.191704 0.175926 0.22079 0.163041 0.731903 0.153137 0.173479 0.75002 0.19355 0.221676 0.648894
0.157805 0.206915 0.612977 0.15198 0.210303 0.160475 0.154392 0.146964 0.179315 0.139052 0.224119 0.746034 0.222784 0.14155 0.191709 0.175987 0.22073 0.162884 0.732623 0.152978 0.173283 0.749912 0.193408 0.221615 0.650597
0.157719 0.206047 0.614641 0.151607 0.210189 0.160198 0.154236 0.146843 0.17905 0.139098 0.224062 0.74618 0.222727 0.141474 0.191715 0.176044 0.220673 0.162737 0.7333 0.152829 0.173099 0.74981 0.193276 0.221558 0.65219
0.157638 0.205238 0.616198 0.151258 0.210079 0.159937 0.154088 0.146729 0.178801 0.139142 0.224008 0.746319 0.222674 0.141404 0.191721 0.176097 0.22062 0.162599 0.733937 0.15269 0.172927 0.749715 0.193151 0.221505 0.653678
0.15756 0.204486 0.617654 0.150933 0.209975 0.159693 0.153951 0.146622 0.178566 0.139182 0.223958 0.746451 0.222624 0.141339 0.191727 0.176146 0.220571 0.16247 0.734536 0.152561 0.172766 0.749625 0.193035 0.221455 0.655066
0.157487 0.203787 0.619013 0.150629 0.209876 0.159466 0.153822 0.14652 0.178346 0.13922 0.223911 0.746576 0.222577 0.141279 0.191733 0.176191 0.220524 0.162349 0.735097 0.15244 0.172616 0.749542 0.192926 0.221409 0.65636
0.157418 0.203138 0.62028 0.150346 0.209782 0.159253 0.153701 0.146425 0.178139 0.139254 0.223868 0.746695 0.222534 0.141224 0.19174 0.176233 0.220481 0.162236 0.735623 0.152328 0.172477 0.749464 0.192824 0.221366 0.657564
0.157352 0.202535 0.621461 0.150082 0.209693 0.159054 0.153589 0.146335 0.177945 0.139287 0.223827 0.746808 0.222493 0.141172 0.191746 0.176271 0.220441 0.16213 0.736115 0.152223 0.172347 0.749392 0.192729 0.221325 0.658684
0.157291 0.201977 0.62256 0.149837 0.209609 0.158869 0.153484 0.146251 0.177764 0.139316 0.223789 0.746914 0.222455 0.141125 0.191752 0.176306 0.220403 0.162031 0.736574 0.152126 0.172226 0.749325 0.19264 0.221288 0.659725
0.157233 0.20146 0.623581 0.14961 0.20953 0.158697 0.153386 0.146172 0.177594 0.139343 0.223754 0.747014 0.22242 0.141081 0.191758 0.176339 0.220368 0.161939 0.737003 0.152036 0.172114 0.749262 0.192558 0.221253 0.66069
0.157179 0.200981 0.62453 0.149398 0.209456 0.158537 0.153295 0.146098 0.177436 0.139369 0.223721 0.747109 0.222388 0.141041 0.191764 0.176368 0.220336 0.161854 0.737403 0.151952 0.172009 0.749204 0.192481 0.22122 0.661586
0.157128 0.200538 0.625411 0.149203 0.209386 0.158389 0.153211 0.146029 0.177288 0.139392 0.223691 0.747197 0.222357 0.141003 0.191769 0.176396 0.220306 0.161775 0.737775 0.151875 0.171913 0.74915 0.19241 0.22119 0.662417
0.15708 0.200128 0.626228 0.149021 0.20932 0.158251 0.153132 0.145965 0.177151 0.139413 0.223662 0.747281 0.222329 0.140969 0.191775 0.176421 0.220278 0.161701 0.738121 0.151803 0.171823 0.749101 0.192343 0.221162 0.663186
0.157036 0.19975 0.626985 0.148853 0.209259 0.158123 0.15306 0.145905 0.177023 0.139433 0.223636 0.747359 0.222303 0.140937 0.191779 0.176444 0.220252 0.161632 0.738443 0.151736 0.17174 0.749055 0.192282 0.221136 0.663897
0.156994 0.1994 0.627686 0.148697 0.209201 0.158004 0.152992 0.145849 0.176904 0.139451 0.223612 0.747433 0.222279 0.140908 0.191784 0.176465 0.220228 0.161569 0.738743 0.151675 0.171663 0.749012 0.192225 0.221112 0.664556
0.156955 0.199077 0.628335 0.148553 0.209147 0.157895 0.152929 0.145797 0.176793 0.139468 0.22359 0.747501 0.222257 0.140881 0.191789 0.176484 0.220206 0.16151 0.73902 0.151618 0.171592 0.748973 0.192172 0.22109 0.665165
0.156919 0.198779 0.628935 0.14842 0.209097 0.157793 0.152871 0.145748 0.17669 0.139483 0.223569 0.747565 0.222236 0.140857 0.191793 0.176502 0.220186 0.161455 0.739278 0.151565 0.171527 0.748937 0.192123 0.221069 0.665727
0.156886 0.198505 0.62949 0.148297 0.20905 0.157699 0.152818 0.145703 0.176595 0.139497 0.22355 0.747625 0.222217 0.140834 0.191797 0.176518 0.220167 0.161404 0.739516 0.151517 0.171466 0.748904 0.192078 0.22105 0.666247
0.156855 0.198251 0.630003 0.148183 0.209007 0.157612 0.152768 0.145661 0.176507 0.13951 0.223532 0.747681 0.2222 0.140813 0.1918 0.176533 0.220149 0.161358 0.739737 0.151472 0.17141 0.748873 0.192036 0.221033 0.666727
0.156826 0.198018 0.630477 0.148078 0.208966 0.157532 0.152722 0.145622 0.176425 0.139522 0.223516 0.747733 0.222183 0.140794 0.191804 0.176547 0.220133 0.161314 0.739942 0.15143 0.171358 0.748845 0.191998 0.221016 0.66717
0.156799 0.197803 0.630914 0.147981 0.208928 0.157458 0.152679 0.145586 0.176349 0.139533 0.223501 0.747782 0.222168 0.140776 0.191807 0.176559 0.220118 0.161274 0.740131 0.151392 0.17131 0.748819 0.191962 0.221002 0.667578
0.156774 0.197604 0.631318 0.147892 0.208893 0.157389 0.15264 0.145553 0.176279 0.139543 0.223487 0.747827 0.222154 0.14076 0.19181 0.176571 0.220104 0.161237 0.740306 0.151357 0.171266 0.748796 0.191929 0.220988 0.667955
0.156751 0.197422 0.63169 0.14781 0.208861 0.157326 0.152604 0.145522 0.176214 0.139552 0.223474 0.747869 0.222142 0.140745 0.191812 0.176581 0.220091 0.161203 0.740468 0.151324 0.171226 0.748774 0.191898 0.220975 0.668302
0.156729 0.197254 0.632034 0.147734 0.20883 0.157267 0.15257 0.145494 0.176154 0.13956 0.223462 0.747908 0.22213 0.140731 0.191815 0.176591 0.22008 0.161171 0.740618 0.151294 0.171188 0.748754 0.19187 0.220963 0.668622
0.15671 0.197099 0.63235 0.147664 0.208802 0.157214 0.152539 0.145467 0.176099 0.139568 0.223451 0.747945 0.222119 0.140718 0.191817 0.1766 0.220069 0.161142 0.740756 0.151266 0.171154 0.748735 0.191844 0.220952 0.668917
0.156691 0.196956 0.632642 0.147599 0.208776 0.157164 0.152511 0.145443 0.176048 0.139575 0.223441 0.747978 0.222109 0.140707 0.191819 0.176608 0.220059 0.161116 0.740883 0.151241 0.171122 0.748718 0.19182 0.220942 0.669189
0.156674 0.196825 0.632911 0.14754 0.208752 0.157118 0.152485 0.14542 0.176 0.139582 0.223432 0.748009 0.222099 0.140696 0.191821 0.176615 0.22005 0.161091 0.741001 0.151217 0.171092 0.748703 0.191798 0.220933 0.669439
0.156659 0.196705 0.633159 0.147485 0.20873 0.157076 0.15246 0.145399 0.175957 0.139587 0.223423 0.748038 0.222091 0.140686 0.191823 0.176622 0.220041 0.161068 0.74111 0.151196 0.171065 0.748688 0.191778 0.220925 0.66967
0.156644 0.196594 0.633387 0.147435 0.208709 0.157037 0.152438 0.14538 0.175917 0.139593 0.223415 0.748065 0.222083 0.140677 0.191825 0.176628 0.220033 0.161047 0.74121 0.151176 0.171041 0.748675 0.191759 0.220917 0.669882
0.156631 0.196491 0.633598 0.147388 0.20869 0.157001 0.152417 0.145362 0.175879 0.139598 0.223408 0.74809 0.222076 0.140669 0.191826 0.176634 0.220026 0.161027 0.741302 0.151157 0.171018 0.748663 0.191742 0.220909 0.670077
0.156618 0.196398 0.633791 0.147346 0.208673 0.156968 0.152398 0.145345 0.175845 0.139602 0.223401 0.748113 0.222069 0.140661 0.191828 0.176639 0.22002 0.161009 0.741387 0.15114 0.170997 0.748652 0.191726 0.220903 0.670257
0.156607 0.196311 0.633969 0.147307 0.208657 0.156938 0.152381 0.14533 0.175814 0.139607 0.223395 0.748134 0.222063 0.140654 0.191829 0.176644 0.220014 0.160993 0.741465 0.151125 0.170977 0.748642 0.191711 0.220897 0.670422
0.156596 0.196232 0.634133 0.14727 0.208642 0.15691 0.152365 0.145316 0.175785 0.13961 0.223389 0.748154 0.222057 0.140647 0.19183 0.176648 0.220008 0.160978 0.741538 0.151111 0.170959 0.748633 0.191698 0.220891 0.670575
0.156587 0.196159 0.634284 0.147237 0.208628 0.156885 0.15235 0.145303 0.175758 0.139614 0.223384 0.748172 0.222052 0.140641 0.191831 0.176652 0.220003 0.160964 0.741604 0.151097 0.170943 0.748624 0.191685 0.220886 0.670715
0.156578 0.196091 0.634423 0.147207 0.208615 0.156861 0.152336 0.145291 0.175733 0.139617 0.223379 0.748189 0.222047 0.140636 0.191832 0.176656 0.219998 0.160951 0.741665 0.151085 0.170928 0.748616 0.191674 0.220881 0.670843
0.15657 0.19603 0.634551 0.147178 0.208603 0.156839 0.152324 0.14528 0.17571 0.13962 0.223375 0.748204 0.222043 0.140631 0.191833 0.176659 0.219994 0.160939 0.741722 0.151074 0.170914 0.748609 0.191663 0.220877 0.670962
0.156562 0.195973 0.634668 0.147152 0.208592 0.156819 0.152312 0.14527 0.175689 0.139623 0.223371 0.748219 0.222039 0.140626 0.191834 0.176662 0.21999 0.160928 0.741774 0.151064 0.170901 0.748603 0.191653 0.220873 0.671071
0.156555 0.195921 0.634777 0.147129 0.208582 0.156801 0.152301 0.145261 0.17567 0.139625 0.223367 0.748232 0.222035 0.140622 0.191835 0.176665 0.219986 0.160918 0.741822 0.151054 0.170889 0.748597 0.191644 0.220869 0.671171
0.156549 0.195873 0.634876 0.147107 0.208573 0.156784 0.152292 0.145252 0.175652 0.139628 0.223364 0.748244 0.222032 0.140618 0.191835 0.176667 0.219983 0.160909 0.741866 0.151046 0.170879 0.748591 0.191636 0.220866 0.671263
0.156543 0.195829 0.634967 0.147087 0.208565 0.156768 0.152283 0.145245 0.175636 0.13963 0.22336 0.748255 0.222029 0.140615 0.191836 0.17667 0.219979 0.1609 0.741906 0.151038 0.170869 0.748586 0.191629 0.220862 0.671348
0.156537 0.195788 0.635051 0.147068 0.208557 0.156754 0.152274 0.145237 0.175621 0.139632 0.223357 0.748266 0.222026 0.140611 0.191837 0.176672 0.219977 0.160893 0.741943 0.15103 0.170859 0.748582 0.191622 0.22086 0.671426
0.156532 0.195751 0.635129 0.147051 0.20855 0.156741 0.152267 0.145231 0.175607 0.139633 0.223355 0.748275 0.222023 0.140608 0.191837 0.176674 0.219974 0.160885 0.741978 0.151023 0.170851 0.748577 0.191615 0.220857 0.671497
0.156527 0.195717 0.6352 0.147035 0.208543 0.156728 0.15226 0.145224 0.175594 0.139635 0.223352 0.748284 0.222021 0.140605 0.191838 0.176676 0.219971 0.160879 0.742009 0.151017 0.170843 0.748573 0.191609 0.220854 0.671563
0.156523 0.195685 0.635265 0.147021 0.208537 0.156717 0.152253 0.145219 0.175583 0.139636 0.22335 0.748292 0.222018 0.140603 0.191838 0.176677 0.219969 0.160873 0.742038 0.151011 0.170836 0.74857 0.191604 0.220852 0.671624
0.156519 0.195656 0.635325 0.147008 0.208531 0.156707 0.152247 0.145213 0.175572 0.139638 0.223348 0.7483 0.222016 0.140601 0.191839 0.176679 0.219967 0.160867 0.742065 0.151006 0.17083 0.748567 0.191599 0.22085 0.671679
0.156516 0.19563 0.635381 0.146996 0.208526 0.156698 0.152242 0.145209 0.175562 0.139639 0.223346 0.748307 0.222014 0.140598 0.191839 0.17668 0.219965 0.160862 0.74209 0.151001 0.170824 0.748563 0.191595 0.220848 0.67173
0.156512 0.195605 0.635431 0.146985 0.208521 0.156689 0.152237 0.145204 0.175553 0.13964 0.223344 0.748313 0.222013 0.140596 0.191839 0.176682 0.219964 0.160857 0.742112 0.150997 0.170818 0.748561 0.19159 0.220847 0.671777
0.156509 0.195583 0.635478 0.146974 0.208517 0.156681 0.152232 0.1452 0.175545 0.139641 0.223343 0.748319 0.222011 0.140595 0.19184 0.176683 0.219962 0.160853 0.742133 0.150993 0.170813 0.748558 0.191586 0.220845 0.671821
0.156506 0.195562 0.635521 0.146965 0.208513 0.156674 0.152228 0.145196 0.175537 0.139642 0.223341 0.748324 0.22201 0.140593 0.19184 0.176684 0.21996 0.160849 0.742152 0.150989 0.170808 0.748556 0.191583 0.220843 0.67186
0.156504 0.195543 0.63556 0.146956 0.208509 0.156667 0.152224 0.145193 0.17553 0.139643 0.22334 0.748329 0.222008 0.140591 0.19184 0.176685 0.219959 0.160845 0.74217 0.150986 0.170804 0.748554 0.19158 0.220842 0.671897
0.156501 0.195526 0.635597 0.146948 0.208506 0.156661 0.15222 0.14519 0.175523 0.139644 0.223339 0.748334 0.222007 0.14059 0.19184 0.176686 0.219958 0.160842 0.742186 0.150982 0.1708 0.748552 0.191577 0.220841 0.67193
0.156499 0.19551 0.63563 0.146941 0.208503 0.156655 0.152217 0.145187 0.175517 0.139645 0.223337 0.748338 0.222006 0.140589 0.191841 0.176687 0.219957 0.160839 0.7422 0.150979 0.170797 0.74855 0.191574 0.22084 0.671961
0.156497 0.195495 0.63566 0.146934 0.2085 0.15665 0.152214 0.145184 0.175512 0.139645 0.223336 0.748342 0.222005 0.140587 0.191841 0.176687 0.219956 0.160836 0.742214 0.150977 0.170793 0.748548 0.191571 0.220839 0.671989
0.156495 0.195482 0.635689 0.146928 0.208497 0.156645 0.152211 0.145182 0.175507 0.139646 0.223335 0.748345 0.222004 0.140586 0.191841 0.176688 0.219955 0.160833 0.742227 0.150974 0.17079 0.748547 0.191569 0.220838 0.672015
0.156494 0.195469 0.635714 0.146922 0.208495 0.156641 0.152209 0.14518 0.175502 0.139646 0.223334 0.748349 0.222003 0.140585 0.191841 0.176689 0.219954 0.160831 0.742238 0.150972 0.170787 0.748545 0.191567 0.220837 0.672039
0.156492 0.195458 0.635738 0.146917 0.208492 0.156637 0.152206 0.145177 0.175498 0.139647 0.223334 0.748352 0.222002 0.140584 0.191841 0.176689 0.219953 0.160828 0.742249 0.15097 0.170785 0.748544 0.191565 0.220836 0.672061
0.156491 0.195447 0.63576 0.146912 0.20849 0.156633 0.152204 0.145176 0.175494 0.139647 0.223333 0.748354 0.222001 0.140584 0.191841 0.17669 0.219952 0.160826 0.742258 0.150968 0.170782 0.748543 0.191563 0.220835 0.672082
0.156489 0.195438 0.63578 0.146908 0.208488 0.156629 0.152202 0.145174 0.17549 0.139648 0.223332 0.748357 0.222001 0.140583 0.191842 0.17669 0.219952 0.160825 0.742267 0.150966 0.17078 0.748542 0.191561 0.220835 0.6721
0.156488 0.195429 0.635798 0.146904 0.208487 0.156626 0.1522 0.145172 0.175487 0.139648 0.223332 0.748359 0.222 0.140582 0.191842 0.176691 0.219951 0.160823 0.742276 0.150965 0.170778 0.748541 0.19156 0.220834 0.672117
0.156487 0.195421 0.635815 0.1469 0.208485 0.156623 0.152199 0.145171 0.175484 0.139649 0.223331 0.748362 0.221999 0.140581 0.191842 0.176691 0.21995 0.160821 0.742283 0.150963 0.170776 0.74854 0.191558 0.220833 0.672133
0.156486 0.195413 0.635831 0.146897 0.208484 0.156621 0.152197 0.145169 0.175481 0.139649 0.22333 0.748364 0.221999 0.140581 0.191842 0.176692 0.21995 0.16082 0.74229 0.150962 0.170775 0.748539 0.191557 0.220833 0.672147
0.156485 0.195406 0.635845 0.146894 0.208482 0.156618 0.152196 0.145168 0.175478 0.139649 0.22333 0.748365 0.221998 0.14058 0.191842 0.176692 0.219949 0.160818 0.742297 0.150961 0.170773 0.748538 0.191556 0.220832 0.67216
0.156484 0.1954 0.635858 0.146891 0.208481 0.156616 0.152195 0.145167 0.175476 0.13965 0.223329 0.748367 0.221998 0.14058 0.191842 0.176692 0.219949 0.160817 0.742302 0.150959 0.170772 0.748538 0.191555 0.220832 0.672173
0.156483 0.195394 0.635871 0.146888 0.20848 0.156614 0.152193 0.145166 0.175474 0.13965 0.223329 0.748369 0.221998 0.140579 0.191842 0.176693 0.219948 0.160816 0.742308 0.150958 0.17077 0.748537 0.191554 0.220831 0.672184
0.156483 0.195389 0.635882 0.146886 0.208479 0.156612 0.152192 0.145165 0.175472 0.13965 0.223329 0.74837 0.221997 0.140579 0.191842 0.176693 0.219948 0.160815 0.742313 0.150957 0.170769 0.748537 0.191553 0.220831 0.672194
0.156482 0.195384 0.635892 0.146883 0.208478 0.15661 0.152191 0.145164 0.17547 0.13965 0.223328 0.748371 0.221997 0.140578 0.191842 0.176693 0.219948 0.160814 0.742317 0.150956 0.170768 0.748536 0.191552 0.220831 0.672203
0.156481 0.19538 0.635901 0.146881 0.208477 0.156609 0.15219 0.145163 0.175468 0.139651 0.223328 0.748372 0.221996 0.140578 0.191842 0.176693 0.219947 0.160813 0.742322 0.150956 0.170767 0.748536 0.191551 0.22083 0.672212
0.156481 0.195376 0.63591 0.146879 0.208476 0.156607 0.152189 0.145162 0.175467 0.139651 0.223328 0.748374 0.221996 0.140578 0.191842 0.176694 0.219947 0.160812 0.742325 0.150955 0.170766 0.748535 0.191551 0.22083 0.67222
0.15648 0.195372 0.635918 0.146878 0.208475 0.156606 0.152189 0.145162 0.175465 0.139651 0.223327 0.748375 0.221996 0.140577 0.191842 0.176694 0.219947 0.160812 0.742329 0.150954 0.170765 0.748535 0.19155 0.22083 0.672227
0.15648 0.195368 0.635925 0.146876 0.208475 0.156605 0.152188 0.145161 0.175464 0.139651 0.223327 0.748376 0.221996 0.140577 0.191842 0.176694 0.219947 0.160811 0.742332 0.150954 0.170765 0.748534 0.191549 0.22083 0.672234
0.156479 0.195365 0.635932 0.146875 0.208474 0.156604 0.152187 0.14516 0.175463 0.139651 0.223327 0.748376 0.221995 0.140577 0.191843 0.176694 0.219946 0.16081 0.742335 0.150953 0.170764 0.748534 0.191549 0.220829 0.67224
0.156479 0.195362 0.635938 0.146873 0.208473 0.156602 0.152187 0.14516 0.175462 0.139651 0.223327 0.748377 0.221995 0.140577 0.191843 0.176694 0.219946 0.16081 0.742338 0.150952 0.170763 0.748534 0.191548 0.220829 0.672246
0.156479 0.195359 0.635943 0.146872 0.208473 0.156602 0.152186 0.145159 0.175461 0.139651 0.223327 0.748378 0.221995 0.140576 0.191843 0.176694 0.219946 0.160809 0.74234 0.150952 0.170763 0.748533 0.191548 0.220829 0.672251
0.156478 0.195357 0.635949 0.146871 0.208472 0.156601 0.152186 0.145159 0.17546 0.139652 0.223326 0.748379 0.221995 0.140576 0.191843 0.176695 0.219946 0.160809 0.742343 0.150951 0.170762 0.748533 0.191547 0.220829 0.672256
0.156478 0.195355 0.635953 0.14687 0.208472 0.1566 0.152185 0.145159 0.175459 0.139652 0.223326 0.748379 0.221995 0.140576 0.191843 0.176695 0.219946 0.160808 0.742345 0.150951 0.170761 0.748533 0.191547 0.220829 0.67226
0.156478 0.195353 0.635958 0.146869 0.208472 0.156599 0.152185 0.145158 0.175458 0.139652 0.223326 0.74838 0.221995 0.140576 0.191843 0.176695 0.219945 0.160808 0.742347 0.150951 0.170761 0.748533 0.191547 0.220828 0.672264
0.156477 0.195351 0.635962 0.146868 0.208471 0.156598 0.152184 0.145158 0.175457 0.139652 0.223326 0.74838 0.221994 0.140576 0.191843 0.176695 0.219945 0.160808 0.742349 0.15095 0.170761 0.748532 0.191546 0.220828 0.672268
0.156477 0.195349 0.635965 0.146867 0.208471 0.156598 0.152184 0.145157 0.175457 0.139652 0.223326 0.748381 0.221994 0.140576 0.191843 0.176695 0.219945 0.160807 0.74235 0.15095 0.17076 0.748532 0.191546 0.220828 0.672271
0.156477 0.195347 0.635969 0.146866 0.20847 0.156597 0.152184 0.145157 0.175456 0.139652 0.223326 0.748381 0.221994 0.140575 0.191843 0.176695 0.219945 0.160807 0.742352 0.15095 0.17076 0.748532 0.191546 0.220828 0.672275
0.156477 0.195346 0.635972 0.146866 0.20847 0.156597 0.152183 0.145157 0.175456 0.139652 0.223326 0.748382 0.221994 0.140575 0.191843 0.176695 0.219945 0.160807 0.742353 0.150949 0.170759 0.748532 0.191545 0.220828 0.672278
0.156477 0.195344 0.635975 0.146865 0.20847 0.156596 0.152183 0.145157 0.175455 0.139652 0.223325 0.748382 0.221994 0.140575 0.191843 0.176695 0.219945 0.160806 0.742354 0.150949 0.170759 0.748532 0.191545 0.220828 0.67228
0.156476 0.195343 0.635977 0.146865 0.20847 0.156596 0.152183 0.145156 0.175455 0.139652 0.223325 0.748382 0.221994 0.140575 0.191843 0.176695 0.219945 0.160806 0.742356 0.150949 0.170759 0.748531 0.191545 0.220828 0.672283
0.156476 0.195342 0.63598 0.146864 0.208469 0.156595 0.152182 0.145156 0.175454 0.139652 0.223325 0.748383 0.221994 0.140575 0.191843 0.176695 0.219945 0.160806 0.742357 0.150949 0.170759 0.748531 0.191545 0.220828 0.672285
0.156476 0.195341 0.635982 0.146864 0.208469 0.156595 0.152182 0.145156 0.175454 0.139652 0.223325 0.748383 0.221994 0.140575 0.191843 0.176695 0.219945 0.160806 0.742358 0.150949 0.170758 0.748531 0.191545 0.220828 0.672287
0.156476 0.19534 0.635984 0.146863 0.208469 0.156595 0.152182 0.145156 0.175453 0.139652 0.223325 0.748383 0.221994 0.140575 0.191843 0.176695 0.219945 0.160805 0.742359 0.150948 0.170758 0.748531 0.191544 0.220828 0.672289
0.156476 0.195339 0.635986 0.146863 0.208469 0.156594 0.152182 0.145156 0.175453 0.139652 0.223325 0.748383 0.221994 0.140575 0.191843 0.176696 0.219945 0.160805 0.742359 0.150948 0.170758 0.748531 0.191544 0.220827 0.67229
0.156476 0.195338 0.635988 0.146862 0.208469 0.156594 0.152182 0.145155 0.175453 0.139652 0.223325 0.748384 0.221993 0.140575 0.191843 0.176696 0.219944 0.160805 0.74236 0.150948 0.170758 0.748531 0.191544 0.220827 0.672292
0.156476 0.195337 0.635989 0.146862 0.208469 0.156594 0.152182 0.145155 0.175452 0.139652 0.223325 0.748384 0.221993 0.140575 0.191843 0.176696 0.219944 0.160805 0.742361 0.150948 0.170758 0.748531 0.191544 0.220827 0.672294
0.156475 0.195337 0.635991 0.146862 0.208468 0.156593 0.152181 0.145155 0.175452 0.139652 0.223325 0.748384 0.221993 0.140575 0.191843 0.176696 0.219944 0.160805 0.742362 0.150948 0.170757 0.748531 0.191544 0.220827 0.672295
0.156475 0.195336 0.635992 0.146861 0.208468 0.156593 0.152181 0.145155 0.175452 0.139653 0.223325 0.748384 0.221993 0.140575 0.191843 0.176696 0.219944 0.160805 0.742362 0.150948 0.170757 0.748531 0.191544 0.220827 0.672296
0.156475 0.195336 0.635993 0.146861 0.208468 0.156593 0.152181 0.145155 0.175452 0.139653 0.223325 0.748384 0.221993 0.140574 0.191843 0.176696 0.219944 0.160805 0.742363 0.150948 0.170757 0.748531 0.191544 0.220827 0.672297
0.156475 0.195335 0.635994 0.146861 0.208468 0.156593 0.152181 0.145155 0.175452 0.139653 0.223325 0.748384 0.221993 0.140574 0.191843 0.176696 0.219944 0.160804 0.742363 0.150947 0.170757 0.748531 0.191544 0.220827 0.672298
0.156475 0.195334 0.635995 0.146861 0.208468 0.156593 0.152181 0.145155 0.175451 0.139653 0.223325 0.748385 0.221993 0.140574 0.191843 0.176696 0.219944 0.160804 0.742364 0.150947 0.170757 0.748531 0.191544 0.220827 0.672299
0.156475 0.195334 0.635996 0.14686 0.208468 0.156592 0.152181 0.145155 0.175451 0.139653 0.223325 0.748385 0.221993 0.140574 0.191843 0.176696 0.219944 0.160804 0.742364 0.150947 0.170757 0.74853 0.191543 0.220827 0.6723
0.156475 0.195334 0.635997 0.14686 0.208468 0.156592 0.152181 0.145155 0.175451 0.139653 0.223325 0.748385 0.221993 0.140574 0.191843 0.176696 0.219944 0.160804 0.742364 0.150947 0.170757 0.74853 0.191543 0.220827 0.672301
0.156475 0.195333 0.635998 0.14686 0.208468 0.156592 0.152181 0.145155 0.175451 0.139653 0.223325 0.748385 0.221993 0.140574 0.191843 0.176696 0.219944 0.160804 0.742365 0.150947 0.170757 0.74853 0.191543 0.220827 0.672302
0.156475 0.195333 0.635999 0.14686 0.208468 0.156592 0.152181 0.145155 0.175451 0.139653 0.223325 0.748385 0.221993 0.140574 0.191843 0.176696 0.219944 0.160804 0.742365 0.150947 0.170757 0.74853 0.191543 0.220827 0.672302
0.156475 0.195333 0.635999 0.14686 0.208468 0.156592 0.152181 0.145154 0.175451 0.139653 0.223325 0.748385 0.221993 0.140574 0.191843 0.176696 0.219944 0.160804 0.742365 0.150947 0.170756 0.74853 0.191543 0.220827 0.672303
0.156475 0.195332 0.636 0.14686 0.208467 0.156592 0.15218 0.145154 0.17545 0.139653 0.223325 0.748385 0.221993 0.140574 0.191843 0.176696 0.219944 0.160804 0.742366 0.150947 0.170756 0.74853 0.191543 0.220827 0.672304
0.156475 0.195332 0.636001 0.146859 0.208467 0.156592 0.15218 0.145154 0.17545 0.139653 0.223325 0.748385 0.221993 0.140574 0.191843 0.176696 0.219944 0.160804 0.742366 0.150947 0.170756 0.74853 0.191543 0.220827 0.672304
0.156475 0.195332 0.636001 0.146859 0.208467 0.156592 0.15218 0.145154 0.17545 0.139653 0.223325 0.748385 0.221993 0.140574 0.191843 0.176696 0.219944 0.160804 0.742366 0.150947 0.170756 0.74853 0.191543 0.220827 0.672305
0.156475 0.195331 0.636002 0.146859 0.208467 0.156592 0.15218 0.145154 0.17545 0.139653 0.223325 0.748385 0.221993 0.140574 0.191843 0.176696 0.219944 0.160804 0.742366 0.150947 0.170756 0.74853 0.191543 0.220827 0.672305
0.156475 0.195331 0.636002 0.146859 0.208467 0.156591 0.15218 0.145154 0.17545 0.139653 0.223325 0.748385 0.221993 0.140574 0.191843 0.176696 0.219944 0.160804 0.742367 0.150947 0.170756 0.74853 0.191543 0.220827 0.672305
0.156475 0.195331 0.636003 0.146859 0.208467 0.156591 0.15218 0.145154 0.17545 0.139653 0.223325 0.748385 0.221993 0.140574 0.191843 0.176696 0.219944 0.160804 0.742367 0.150947 0.170756 0.74853 0.191543 0.220827 0.672306
0.156475 0.195331 0.636003 0.146859 0.208467 0.156591 0.15218 0.145154 0.17545 0.139653 0.223324 0.748386 0.221993 0.140574 0.191843 0.176696 0.219944 0.160804 0.742367 0.150947 0.170756 0.74853 0.191543 0.220827 0.672306
0.156475 0.195331 0.636003 0.146859 0.208467 0.156591 0.15218 0.145154 0.17545 0.139653 0.223324 0.748386 0.221993 0.140574 0.191843 0.176696 0.219944 0.160804 0.742367 0.150947 0.170756 0.74853 0.191543 0.220827 0.672306
0.156475 0.195331 0.636004 0.146859 0.208467 0.156591 0.15218 0.145154 0.17545 0.139653 0.223324 0.748386 0.221993 0.140574 0.191843 0.176696 0.219944 0.160804 0.742367 0.150947 0.170756 0.74853 0.191543 0.220827 0.672307
0.156475 0.19533 0.636004 0.146859 0.208467 0.156591 0.15218 0.145154 0.17545 0.139653 0.223324 0.748386 0.221993 0.140574 0.191843 0.176696 0.219944 0.160804 0.742367 0.150947 0.170756 0.74853 0.191543 0.220827 0.672307
0.156475 0.19533 0.636004 0.146859 0.208467 0.156591 0.15218 0.145154 0.17545 0.139653 0.223324 0.748386 0.221993 0.140574 0.191843 0.176696 0.219944 0.160804 0.742368 0.150947 0.170756 0.74853 0.191543 0.220827 0.672307
0.156475 0.19533 0.636004 0.146859 0.208467 0.156591 0.15218 0.145154 0.17545 0.139653 0.223324 0.748386 0.221993 0.140574 0.191843 0.176696 0.219944 0.160804 0.742368 0.150947 0.170756 0.74853 0.191543 0.220827 0.672308
0.156475 0.19533 0.636005 0.146859 0.208467 0.156591 0.15218 0.145154 0.17545 0.139653 0.223324 0.748386 0.221993 0.140574 0.191843 0.176696 0.219944 0.160804 0.742368 0.150947 0.170756 0.74853 0.191543 0.220827 0.672308
0.156475 0.19533 0.636005 0.146859 0.208467 0.156591 0.15218 0.145154 0.17545 0.139653 0.223324 0.748386 0.221993 0.140574 0.191843 0.176696 0.219944 0.160804 0.742368 0.150947 0.170756 0.74853 0.191543 0.220827 0.672308
0.156475 0.19533 0.636005 0.146858 0.208467 0.156591 0.15218 0.145154 0.17545 0.139653 0.223324 0.748386 0.221993 0.140574 0.191843 0.176696 0.219944 0.160803 0.742368 0.150947 0.170756 0.74853 0.191543 0.220827 0.672308
0.156475 0.19533 0.636005 0.146858 0.208467 0.156591 0.15218 0.145154 0.17545 0.139653 0.223324 0.748386 0.221993 0.140574 0.191843 0.176696 0.219944 0.160803 0.742368 0.150946 0.170756 0.74853 0.191543 0.220827 0.672308
0.156475 0.19533 0.636005 0.146858 0.208467 0.156591 0.15218 0.145154 0.17545 0.139653 0.223324 0.748386 0.221993 0.140574 0.191843 0.176696 0.219944 0.160803 0.742368 0.150946 0.170756 0.74853 0.191543 0.220827 0.672308
0.156475 0.19533 0.636005 0.146858 0.208467 0.156591 0.15218 0.145154 0.17545 0.139653 0.223324 0.748386 0.221993 0.140574 0.191843 0.176696 0.219944 0.160803 0.742368 0.150946 0.170756 0.74853 0.191543 0.220827 0.672309
0.156475 0.19533 0.636006 0.146858 0.208467 0.156591 0.15218 0.145154 0.175449 0.139653 0.223324 0.748386 0.221993 0.140574 0.191843 0.176696 0.219944 0.160803 0.742368 0.150946 0.170756 0.74853 0.191543 0.220827 0.672309
0.156474 0.19533 0.636006 0.146858 0.208467 0.156591 0.15218 0.145154 0.175449 0.139653 0.223324 0.748386 0.221993 0.140574 0.191843 0.176696 0.219944 0.160803 0.742368 0.150946 0.170756 0.74853 0.191543 0.220827 0.672309
0.156474 0.195329 0.636006 0.146858 0.208467 0.156591 0.15218 0.145154 0.175449 0.139653 0.223324 0.748386 0.221993 0.140574 0.191843 0.176696 0.219944 0.160803 0.742368 0.150946 0.170756 0.74853 0.191543 0.220827 0.672309
0.156474 0.195329 0.636006 0.146858 0.208467 0.156591 0.15218 0.145154 0.175449 0.139653 0.223324 0.748386 0.221993 0.140574 0.191843 0.176696 0.219944 0.160803 0.742368 0.150946 0.170756 0.74853 0.191543 0.220827 0.672309
0.156474 0.195329 0.636006 0.146858 0.208467 0.156591 0.15218 0.145154 0.175449 0.139653 0.223324 0.748386 0.221993 0.140574 0.191843 0.176696 0.219944 0.160803 0.742368 0.150946 0.170756 0.74853 0.191543 0.220827 0.672309
0.156474 0.195329 0.636006 0.146858 0.208467 0.156591 0.15218 0.145154 0.175449 0.139653 0.223324 0.748386 0.221993 0.140574 0.191843 0.176696 0.219944 0.160803 0.742368 0.150946 0.170756 0.74853 0.191543 0.220827 0.672309
0.156474 0.195329 0.636006 0.146858 0.208467 0.156591 0.15218 0.145154 0.175449 0.139653 0.223324 0.748386 0.221993 0.140574 0.191843 0.176696 0.219944 0.160803 0.742368 0.150946 0.170756 0.74853 0.191543 0.220827 0.672309
0.156474 0.195329 0.636006 0.146858 0.208467 0.156591 0.15218 0.145154 0.175449 0.139653 0.223324 0.748386 0.221993 0.140574 0.191843 0.176696 0.219944 0.160803 0.742368 0.150946 0.170756 0.74853 0.191543 0.220827 0.672309
0.156474 0.195329 0.636006 0.146858 0.208467 0.156591 0.15218 0.145154 0.175449 0.139653 0.223324 0.748386 0.221993 0.140574 0.191843 0.176696 0.219944 0.160803 0.742369 0.150946 0.170756 0.74853 0.191543 0.220827 0.672309
0.156474 0.195329 0.636006 0.146858 0.208467 0.156591 0.15218 0.145154 0.175449 0.139653 0.223324 0.748386 0.221993 0.140574 0.191843 0.176696 0.219944 0.160803 0.742369 0.150946 0.170756 0.74853 0.191543 0.220827 0.672309
