0.251469 0.308988 0.309939 0.130689 0.152308 0.248824 0.205472 0.250803 0.284754 0.425624 0.160405 0.155783 0.159664 0.203224 0.26155 0.210889 0.158521 0.206515 0.211241 0.347741 0.21344 0.493678 0.206449 0.159014 0.2099
0.313161 0.324436 0.306884 0.329197 0.258273 0.361752 0.348982 0.346806 0.34188 0.287435 0.243726 0.333838 0.242431 0.320079 0.377013 0.291092 0.240437 0.350512 0.319513 0.317533 0.30466 0.324783 0.275613 0.241296 0.353702
0.289774 0.352628 0.357661 0.19465 0.233493 0.284397 0.26019 0.2917 0.313344 0.454407 0.213473 0.227896 0.212213 0.256413 0.287986 0.296865 0.210273 0.261391 0.271014 0.371124 0.259545 0.478932 0.263246 0.211109 0.253215
0.297083 0.320343 0.315361 0.300404 0.232483 0.343131 0.324999 0.329018 0.325065 0.296952 0.229157 0.297088 0.227811 0.310844 0.374206 0.276467 0.225739 0.326427 0.299278 0.325185 0.293993 0.35441 0.256624 0.226632 0.333243
0.289269 0.350463 0.359198 0.209218 0.23836 0.294864 0.275455 0.303744 0.312422 0.433261 0.218411 0.24612 0.217102 0.266004 0.298914 0.30709 0.215089 0.276714 0.283496 0.368823 0.260609 0.446882 0.263718 0.215957 0.264451
0.290305 0.325614 0.330211 0.283583 0.228484 0.334623 0.315338 0.322647 0.318051 0.31195 0.226716 0.282259 0.225372 0.308866 0.369351 0.280832 0.223302 0.316732 0.294869 0.335939 0.288367 0.369551 0.255234 0.224194 0.32182
0.286774 0.347246 0.361567 0.217116 0.236573 0.301015 0.282912 0.310086 0.309093 0.41277 0.219935 0.25212 0.218618 0.274077 0.310624 0.309037 0.216591 0.284197 0.289504 0.368826 0.261339 0.427709 0.261955 0.217465 0.271254
0.285488 0.330235 0.342782 0.27009 0.227404 0.329157 0.310041 0.320447 0.312722 0.322692 0.225543 0.274134 0.224202 0.307275 0.364976 0.287218 0.222139 0.311417 0.294487 0.345574 0.282705 0.375992 0.255933 0.223028 0.313234
0.283907 0.345475 0.365674 0.221649 0.234152 0.305226 0.287525 0.313864 0.305609 0.395645 0.220788 0.25404 0.219468 0.2813 0.321157 0.310005 0.217435 0.288825 0.293425 0.370337 0.26185 0.414801 0.260864 0.218311 0.275942
0.281646 0.333825 0.353582 0.259048 0.226825 0.325259 0.306702 0.319992 0.307982 0.329534 0.224733 0.268584 0.223396 0.306324 0.362195 0.293475 0.221338 0.308066 0.295708 0.354185 0.277584 0.378576 0.256878 0.222225 0.306474
0.280897 0.34475 0.370795 0.223876 0.231892 0.30821 0.290745 0.316392 0.302184 0.381641 0.221333 0.254319 0.22001 0.287422 0.330215 0.31122 0.217974 0.292056 0.296473 0.372824 0.261843 0.40511 0.260336 0.218852 0.279129
0.278326 0.336678 0.363229 0.24999 0.22627 0.322432 0.304483 0.320243 0.303595 0.333429 0.224124 0.26424 0.222789 0.306037 0.360932 0.299239 0.220736 0.30584 0.297644 0.361922 0.273113 0.379165 0.257743 0.221621 0.3011
0.277847 0.34463 0.376501 0.224513 0.229895 0.310342 0.293132 0.318228 0.298816 0.370211 0.221685 0.2538 0.22036 0.292513 0.337983 0.312876 0.218322 0.294451 0.299144 0.376003 0.261337 0.397345 0.260146 0.2192 0.281175
0.275283 0.339003 0.372096 0.242517 0.225632 0.320404 0.303003 0.320747 0.299472 0.335191 0.223651 0.260582 0.222318 0.306268 0.36089 0.304488 0.220267 0.304355 0.29991 0.368945 0.269221 0.378545 0.258469 0.221151 0.296807
0.274807 0.344836 0.382566 0.224077 0.22813 0.311886 0.294956 0.319613 0.295493 0.360834 0.221901 0.252821 0.220576 0.296732 0.344713 0.31494 0.218536 0.29628 0.301658 0.37968 0.26043 0.390861 0.260138 0.219415 0.282363
0.272384 0.340916 0.380412 0.236297 0.224896 0.318986 0.302041 0.321295 0.295564 0.335446 0.223275 0.257377 0.221944 0.306857 0.361789 0.309288 0.219896 0.303389 0.302334 0.375405 0.265806 0.377121 0.259056 0.220779 0.293353
0.2718 0.345204 0.388868 0.222932 0.226546 0.313034 0.296376 0.320657 0.292211 0.353066 0.222021 0.251546 0.220695 0.300231 0.350633 0.317333 0.218655 0.297704 0.304119 0.383708 0.259229 0.385275 0.260216 0.219534 0.282921
0.269563 0.342486 0.388329 0.231061 0.224076 0.318039 0.301449 0.321781 0.291839 0.334661 0.222971 0.254499 0.221641 0.307666 0.363403 0.313724 0.219594 0.302794 0.304838 0.381429 0.262775 0.375135 0.259518 0.220476 0.290552
0.268841 0.345629 0.395332 0.221335 0.225099 0.313925 0.297496 0.321415 0.288971 0.346554 0.222071 0.250068 0.220745 0.303135 0.355935 0.31998 0.218704 0.298828 0.306577 0.387981 0.257822 0.380331 0.260321 0.219584 0.283035
0.266789 0.343755 0.395955 0.226593 0.223185 0.317463 0.30112 0.322148 0.288273 0.333177 0.222717 0.251867 0.221388 0.308586 0.365556 0.317874 0.219343 0.302464 0.307388 0.387119 0.260051 0.372749 0.259868 0.220224 0.288261
0.265936 0.346042 0.401914 0.219464 0.223752 0.314663 0.298392 0.321915 0.285777 0.341017 0.22207 0.248451 0.220743 0.305542 0.360774 0.322817 0.218703 0.299726 0.309059 0.392419 0.256282 0.375851 0.260421 0.219582 0.282848
0.264052 0.344753 0.403373 0.222726 0.22224 0.317182 0.300975 0.322359 0.284846 0.331242 0.2225 0.249425 0.221172 0.309532 0.368114 0.321807 0.219129 0.302318 0.309973 0.392556 0.257574 0.370076 0.260123 0.220009 0.286371
0.263089 0.346396 0.408587 0.217443 0.222478 0.315321 0.299113 0.322173 0.282634 0.33624 0.222031 0.24674 0.220705 0.307525 0.365276 0.325797 0.218665 0.30045 0.311578 0.396965 0.254663 0.371702 0.260496 0.219544 0.282472
0.261349 0.345501 0.410646 0.219329 0.221254 0.317143 0.300953 0.322393 0.281541 0.329033 0.222308 0.247128 0.220981 0.310438 0.370981 0.32558 0.218939 0.302295 0.312591 0.3978 0.255298 0.367197 0.260293 0.219819 0.284804
0.260303 0.346654 0.415334 0.215353 0.221256 0.315955 0.299699 0.322197 0.279546 0.332057 0.221964 0.244968 0.220639 0.309138 0.369541 0.328887 0.218599 0.301037 0.314144 0.401579 0.253006 0.367788 0.260536 0.219478 0.281992
0.258684 0.346013 0.417826 0.216299 0.220237 0.317306 0.301008 0.322234 0.278346 0.326674 0.222135 0.244945 0.220809 0.311252 0.374086 0.32924 0.218768 0.30235 0.315248 0.402898 0.253184 0.36417 0.260389 0.219647 0.283503
0.25758 0.34679 0.422147 0.213247 0.220072 0.316604 0.300176 0.32199 0.276516 0.328341 0.221878 0.243159 0.220553 0.310418 0.373648 0.332063 0.218514 0.301515 0.316766 0.406234 0.251339 0.36404 0.260538 0.219392 0.281472
0.256061 0.346302 0.424953 0.213558 0.219198 0.317647 0.301105 0.321869 0.275248 0.324251 0.221973 0.242852 0.220648 0.311933 0.37738 0.332825 0.218608 0.302447 0.31795 0.407886 0.251205 0.361036 0.260422 0.219487 0.282428
0.254921 0.346782 0.429027 0.211158 0.218916 0.317298 0.30056 0.321553 0.273546 0.324995 0.221777 0.241333 0.220452 0.311393 0.37766 0.33531 0.218413 0.3019 0.319449 0.410912 0.249681 0.360406 0.260501 0.219292 0.28096
0.253485 0.346373 0.432063 0.211047 0.218145 0.318146 0.301219 0.321289 0.272238 0.321818 0.22182 0.24083 0.220495 0.312451 0.380831 0.336366 0.218457 0.302561 0.320706 0.412792 0.249337 0.357824 0.2604 0.219335 0.281549
0.252326 0.346615 0.435975 0.209106 0.217781 0.318059 0.300866 0.320885 0.270634 0.321943 0.221664 0.239502 0.22034 0.312078 0.381626 0.338619 0.218303 0.302207 0.322202 0.415602 0.248044 0.356849 0.260426 0.219181 0.280492
0.250959 0.346231 0.439184 0.208717 0.217082 0.318791 0.30133 0.320488 0.269307 0.319413 0.221672 0.238868 0.220347 0.312781 0.384417 0.339888 0.21831 0.302672 0.323526 0.417637 0.247562 0.354556 0.260331 0.219188 0.280848
0.249794 0.346277 0.442999 0.207101 0.216663 0.318903 0.301102 0.319983 0.26778 0.319127 0.221544 0.237675 0.22022 0.312485 0.385585 0.341986 0.218183 0.302443 0.325033 0.420299 0.246435 0.353344 0.260316 0.219061 0.280094
0.248485 0.345879 0.446343 0.206533 0.216015 0.319576 0.301423 0.319458 0.266447 0.317055 0.221526 0.236955 0.220202 0.3129 0.388128 0.343412 0.218166 0.302765 0.326422 0.422439 0.245863 0.351246 0.260219 0.219043 0.28031
0.247323 0.345757 0.450107 0.205146 0.21556 0.319843 0.301272 0.318845 0.264981 0.316502 0.221417 0.23586 0.220094 0.312617 0.38957 0.345412 0.218058 0.302613 0.327951 0.425001 0.244856 0.349873 0.260174 0.218935 0.279786
0.246063 0.345318 0.453563 0.204465 0.214949 0.320497 0.301487 0.318194 0.26365 0.314753 0.221381 0.235086 0.220059 0.312794 0.391958 0.346957 0.218023 0.302829 0.329403 0.427214 0.244227 0.347906 0.260073 0.2189 0.279927
0.24491 0.345049 0.457311 0.203241 0.21447 0.320889 0.301379 0.317467 0.262233 0.31403 0.221285 0.234061 0.219962 0.312476 0.393608 0.348899 0.217927 0.302721 0.330966 0.429709 0.243307 0.346422 0.260003 0.218804 0.27958
0.243692 0.34455 0.460862 0.202491 0.213887 0.321551 0.301513 0.316691 0.260911 0.312511 0.221237 0.233254 0.219915 0.312447 0.395909 0.350537 0.21788 0.302855 0.332482 0.431974 0.242643 0.344544 0.259895 0.218757 0.279693
0.24255 0.344148 0.46462 0.201383 0.213394 0.32205 0.301426 0.315847 0.259533 0.311681 0.221148 0.232282 0.219826 0.312062 0.397721 0.352452 0.217792 0.302768 0.334088 0.434428 0.241784 0.342986 0.259805 0.218669 0.279488
0.241368 0.343575 0.468259 0.200592 0.212833 0.32274 0.301496 0.314946 0.258221 0.310325 0.221092 0.231459 0.21977 0.311847 0.399984 0.354166 0.217736 0.302838 0.33567 0.436732 0.241099 0.341166 0.259689 0.218613 0.279602
0.240241 0.34305 0.472048 0.199567 0.212333 0.323333 0.301413 0.313981 0.256876 0.30943 0.221008 0.230527 0.219686 0.311372 0.401929 0.356075 0.217653 0.302755 0.337328 0.439163 0.240284 0.339557 0.259584 0.218529 0.279515
0.239087 0.342394 0.47577 0.198754 0.211789 0.324063 0.301429 0.312956 0.255577 0.308188 0.220945 0.229696 0.219624 0.310987 0.404189 0.357855 0.217591 0.302771 0.33898 0.441497 0.239586 0.337777 0.259459 0.218467 0.279652
0.237974 0.341754 0.479605 0.197788 0.211288 0.324741 0.301339 0.311868 0.254257 0.307254 0.220863 0.228797 0.219543 0.310404 0.406249 0.359774 0.217511 0.302681 0.340697 0.443919 0.238801 0.336135 0.25934 0.218386 0.279667
0.236845 0.341011 0.48341 0.196962 0.210759 0.325522 0.301309 0.310719 0.252971 0.306093 0.220796 0.227967 0.219475 0.309857 0.408532 0.361615 0.217444 0.302651 0.342422 0.446281 0.238094 0.33438 0.259208 0.218319 0.279841
0.235745 0.340261 0.487303 0.196039 0.21026 0.326281 0.301203 0.309508 0.251673 0.305136 0.220716 0.227093 0.219396 0.309155 0.410696 0.363556 0.217365 0.302545 0.344206 0.448704 0.237329 0.332716 0.259077 0.21824 0.279944
0.234635 0.339428 0.491191 0.195208 0.209745 0.327119 0.301132 0.308234 0.2504 0.304029 0.220644 0.226268 0.219325 0.308452 0.413022 0.365454 0.217294 0.302473 0.346009 0.451092 0.236616 0.330978 0.258937 0.218169 0.280164
0.233546 0.338575 0.495152 0.194315 0.209252 0.327955 0.301005 0.3069 0.24912 0.303058 0.220564 0.225417 0.219245 0.307624 0.415283 0.367427 0.217215 0.302346 0.347867 0.453525 0.235863 0.329299 0.258796 0.21809 0.280349
0.232451 0.337651 0.499124 0.193482 0.208751 0.328855 0.300894 0.305504 0.247858 0.301988 0.22049 0.224601 0.219171 0.306771 0.417667 0.369379 0.217141 0.302235 0.349752 0.45594 0.235143 0.327573 0.258647 0.218016 0.280621
0.23137 0.336699 0.503159 0.192609 0.208266 0.329766 0.300741 0.304049 0.246592 0.301005 0.220409 0.22377 0.21909 0.305812 0.420023 0.371391 0.217062 0.302082 0.351689 0.458388 0.234396 0.325884 0.258497 0.217936 0.28088
0.230286 0.335687 0.507217 0.191776 0.207777 0.33073 0.300593 0.302533 0.24534 0.299958 0.220332 0.222964 0.219013 0.304812 0.422476 0.373397 0.216985 0.301933 0.35366 0.460831 0.233669 0.324165 0.25834 0.217859 0.281206
0.22921 0.334643 0.511331 0.190917 0.207302 0.331714 0.30041 0.300959 0.244088 0.298967 0.22025 0.222151 0.218932 0.30372 0.424927 0.375452 0.216904 0.30175 0.355683 0.463302 0.232923 0.32247 0.258181 0.217778 0.281535
0.228131 0.333546 0.515475 0.190084 0.206827 0.332745 0.300225 0.299326 0.242845 0.297931 0.22017 0.221358 0.218853 0.302579 0.427458 0.377513 0.216825 0.301564 0.357743 0.465774 0.232188 0.320755 0.258016 0.217699 0.281917
0.227058 0.332416 0.519671 0.189233 0.206363 0.333801 0.300011 0.297637 0.241603 0.29693 0.220087 0.220563 0.21877 0.301356 0.430003 0.379615 0.216743 0.30135 0.359855 0.468271 0.231439 0.319056 0.257849 0.217617 0.28231
0.225981 0.33124 0.5239 0.188398 0.205902 0.334899 0.299788 0.295893 0.240369 0.295899 0.220005 0.219782 0.218688 0.300078 0.432618 0.381729 0.216662 0.301126 0.362008 0.470775 0.230695 0.317344 0.257676 0.217535 0.282748
0.224906 0.330032 0.528177 0.187552 0.205451 0.336024 0.299539 0.294095 0.239137 0.294887 0.21992 0.219004 0.218603 0.298725 0.435258 0.383879 0.216578 0.300877 0.364213 0.4733 0.22994 0.315642 0.2575 0.217451 0.283201
0.223828 0.328784 0.532489 0.186715 0.205004 0.337188 0.299278 0.292245 0.23791 0.293854 0.219835 0.218237 0.218519 0.297318 0.437961 0.386046 0.216494 0.300616 0.366461 0.475836 0.229186 0.313931 0.25732 0.217367 0.283692
0.222749 0.327506 0.536845 0.18587 0.204567 0.338381 0.298993 0.290345 0.236687 0.292831 0.219748 0.217475 0.218433 0.295842 0.440697 0.388245 0.216408 0.300331 0.368759 0.478393 0.228423 0.312226 0.257136 0.217281 0.284201
0.221665 0.326194 0.541236 0.18503 0.204136 0.33961 0.298693 0.288398 0.235468 0.291791 0.219661 0.216723 0.218346 0.294311 0.44349 0.390463 0.216322 0.30003 0.371102 0.480962 0.227658 0.310515 0.256947 0.217194 0.284742
0.22058 0.324857 0.545665 0.184184 0.203713 0.340869 0.298371 0.286405 0.234253 0.290754 0.219573 0.215976 0.218258 0.29272 0.44632 0.392709 0.216235 0.299707 0.373493 0.483551 0.226884 0.308808 0.256755 0.217106 0.285301
0.219488 0.323493 0.550127 0.18334 0.203298 0.34216 0.298031 0.28437 0.233043 0.289705 0.219483 0.21524 0.218169 0.291076 0.449203 0.394975 0.216146 0.299367 0.37593 0.486153 0.226108 0.307096 0.256558 0.217018 0.285888
0.218393 0.322107 0.554621 0.182491 0.202891 0.34348 0.29767 0.282295 0.231838 0.288655 0.219393 0.214509 0.218079 0.289378 0.452127 0.397267 0.216057 0.299004 0.378414 0.488773 0.225325 0.305388 0.256358 0.216928 0.286492
0.217293 0.320702 0.559143 0.181643 0.202492 0.344831 0.29729 0.280184 0.230637 0.287595 0.219301 0.213788 0.217988 0.287633 0.455098 0.399577 0.215966 0.298624 0.380941 0.491406 0.224538 0.303676 0.256153 0.216837 0.287118
0.216187 0.319281 0.563692 0.180791 0.202102 0.346209 0.296888 0.278039 0.229442 0.286532 0.219208 0.213074 0.217895 0.285841 0.45811 0.401909 0.215875 0.298221 0.383512 0.494055 0.223744 0.301966 0.255945 0.216746 0.287761
0.215075 0.317847 0.568262 0.179938 0.20172 0.347614 0.296468 0.275864 0.228253 0.28546 0.219115 0.212368 0.217802 0.284006 0.461166 0.404258 0.215783 0.2978 0.386124 0.496717 0.222947 0.300255 0.255732 0.216653 0.288421
0.213958 0.316405 0.572849 0.179083 0.201347 0.349045 0.296026 0.273663 0.227071 0.284384 0.219021 0.211671 0.217708 0.282132 0.46426 0.406626 0.215689 0.297357 0.388776 0.499392 0.222145 0.298546 0.255516 0.216559 0.289094
0.212836 0.314957 0.577449 0.178226 0.200984 0.350501 0.295564 0.271439 0.225895 0.283301 0.218926 0.210982 0.217614 0.280223 0.467395 0.409007 0.215595 0.296894 0.391465 0.502077 0.221339 0.296836 0.255296 0.216465 0.28978
0.211708 0.313507 0.582058 0.177368 0.200629 0.351979 0.295082 0.269197 0.224728 0.282215 0.21883 0.210302 0.217518 0.278282 0.470563 0.411402 0.215501 0.296411 0.394188 0.504773 0.220529 0.295129 0.255072 0.21637 0.290474
0.210574 0.312058 0.586668 0.17651 0.200284 0.353479 0.29458 0.266939 0.22357 0.281123 0.218733 0.209631 0.217422 0.276314 0.473766 0.413808 0.215405 0.295908 0.396943 0.507476 0.219717 0.293423 0.254845 0.216274 0.291177
0.209437 0.310615 0.591276 0.175651 0.199949 0.354999 0.294058 0.264672 0.222422 0.280028 0.218636 0.208969 0.217326 0.274322 0.476998 0.416222 0.215309 0.295385 0.399725 0.510186 0.218903 0.291721 0.254614 0.216178 0.291885
0.208296 0.309182 0.595875 0.174792 0.199624 0.356538 0.293517 0.262398 0.221284 0.27893 0.218539 0.208317 0.217229 0.272311 0.480258 0.418643 0.215213 0.294843 0.402531 0.5129 0.218088 0.290022 0.25438 0.216082 0.292595
0.207151 0.307761 0.600458 0.173934 0.199309 0.358093 0.292956 0.260122 0.220159 0.27783 0.218441 0.207674 0.217132 0.270285 0.483541 0.421067 0.215116 0.294282 0.405357 0.515615 0.217272 0.288328 0.254143 0.215985 0.293305
0.206005 0.306357 0.605019 0.173079 0.199004 0.359663 0.292378 0.257848 0.219046 0.276729 0.218343 0.207041 0.217034 0.268249 0.486844 0.423492 0.21502 0.293702 0.408198 0.51833 0.216457 0.28664 0.253904 0.215888 0.294013
0.204857 0.304972 0.60955 0.172226 0.198709 0.361246 0.291782 0.255581 0.217948 0.275628 0.218245 0.206419 0.216937 0.266207 0.490162 0.425915 0.214923 0.293104 0.41105 0.521042 0.215644 0.284959 0.253663 0.215791 0.294714
0.20371 0.303611 0.614046 0.171377 0.198425 0.362842 0.291168 0.253325 0.216865 0.274528 0.218148 0.205807 0.216839 0.264164 0.493491 0.428334 0.214826 0.29249 0.413907 0.523748 0.214834 0.283286 0.253419 0.215694 0.295408
0.202564 0.302275 0.618499 0.170532 0.198152 0.364447 0.290539 0.251084 0.2158 0.273431 0.21805 0.205207 0.216742 0.262122 0.496826 0.430745 0.21473 0.291859 0.416764 0.526446 0.214027 0.281624 0.253174 0.215597 0.29609
0.201421 0.30097 0.622901 0.169694 0.19789 0.36606 0.289895 0.248862 0.214752 0.272337 0.217953 0.204617 0.216646 0.260089 0.500164 0.433146 0.214634 0.291214 0.419615 0.529132 0.213226 0.279973 0.252928 0.215501 0.296757
0.200283 0.299696 0.627246 0.168863 0.197639 0.367681 0.289236 0.246663 0.213723 0.271248 0.217857 0.20404 0.21655 0.258066 0.503497 0.435534 0.214539 0.290554 0.422454 0.531804 0.212432 0.278335 0.252681 0.215405 0.297408
0.199151 0.298456 0.631526 0.16804 0.197399 0.369307 0.288565 0.244492 0.212715 0.270165 0.217761 0.203475 0.216454 0.256058 0.506823 0.437907 0.214444 0.289881 0.425275 0.534459 0.211645 0.276712 0.252434 0.21531 0.298038
0.198027 0.297254 0.635735 0.167226 0.19717 0.370936 0.287882 0.242351 0.211728 0.26909 0.217666 0.202922 0.21636 0.25407 0.510135 0.44026 0.21435 0.289197 0.428072 0.537094 0.210867 0.275106 0.252187 0.215216 0.298646
0.196913 0.29609 0.639867 0.166424 0.196953 0.372569 0.287188 0.240246 0.210764 0.268023 0.217573 0.202382 0.216267 0.252106 0.513428 0.442593 0.214258 0.288502 0.430839 0.539706 0.210099 0.273518 0.25194 0.215124 0.299228
0.195811 0.294967 0.643913 0.165634 0.196747 0.374203 0.286486 0.238178 0.209823 0.266966 0.21748 0.201856 0.216175 0.250168 0.516697 0.444903 0.214167 0.287798 0.433567 0.542293 0.209342 0.27195 0.251695 0.215032 0.299781
0.194722 0.293885 0.64787 0.164858 0.196552 0.375838 0.285775 0.236151 0.208908 0.26592 0.217389 0.201343 0.216084 0.24826 0.519936 0.447188 0.214077 0.287086 0.436252 0.544851 0.208597 0.270403 0.251451 0.214942 0.300304
0.193648 0.292846 0.65173 0.164096 0.196368 0.377473 0.285059 0.234169 0.208018 0.264887 0.2173 0.200843 0.215995 0.246387 0.523141 0.449445 0.213988 0.286368 0.438887 0.547379 0.207866 0.268881 0.25121 0.214853 0.300793
0.192591 0.29185 0.655489 0.16335 0.196196 0.379107 0.284338 0.232233 0.207154 0.263866 0.217212 0.200358 0.215908 0.24455 0.526307 0.451674 0.213901 0.285645 0.441464 0.549874 0.207149 0.267383 0.250971 0.214766 0.301247
0.191554 0.290897 0.659143 0.162622 0.196034 0.380739 0.283613 0.230347 0.206317 0.26286 0.217126 0.199887 0.215822 0.242752 0.529429 0.453873 0.213816 0.284919 0.443978 0.552334 0.206448 0.265912 0.250734 0.214681 0.301662
0.190537 0.289989 0.662687 0.161911 0.195883 0.382371 0.282887 0.228513 0.205508 0.261868 0.217042 0.19943 0.215739 0.240997 0.532502 0.45604 0.213733 0.284191 0.446422 0.554757 0.205762 0.264469 0.250502 0.214597 0.302038
0.189543 0.289123 0.666117 0.161221 0.195743 0.384001 0.28216 0.226732 0.204727 0.260893 0.21696 0.198987 0.215657 0.239286 0.535522 0.458176 0.213652 0.283463 0.44879 0.557141 0.205094 0.263055 0.250272 0.214516 0.302371
0.188572 0.2883 0.669431 0.16055 0.195613 0.38563 0.281434 0.225006 0.203975 0.259934 0.21688 0.198559 0.215577 0.237621 0.538485 0.46028 0.213573 0.282735 0.451076 0.559486 0.204444 0.261672 0.250047 0.214437 0.302661
0.187627 0.287518 0.672626 0.159901 0.195494 0.387258 0.28071 0.223337 0.20325 0.258992 0.216802 0.198145 0.2155 0.236005 0.541388 0.462352 0.213496 0.282009 0.453274 0.56179 0.203811 0.260321 0.249827 0.21436 0.302905
0.18671 0.286777 0.6757 0.159275 0.195385 0.388887 0.279989 0.221726 0.202555 0.258067 0.216727 0.197746 0.215425 0.234438 0.544227 0.464392 0.213422 0.281287 0.455378 0.564052 0.203197 0.259002 0.24961 0.214285 0.303103
0.18582 0.286075 0.678653 0.158671 0.195285 0.390517 0.279273 0.220174 0.201888 0.257161 0.216653 0.197361 0.215352 0.232923 0.546999 0.466401 0.213349 0.28057 0.457384 0.566271 0.202602 0.257717 0.249399 0.214212 0.303253
0.18496 0.285409 0.681482 0.15809 0.195195 0.392149 0.278562 0.218681 0.20125 0.256272 0.216582 0.19699 0.215281 0.231459 0.549703 0.468381 0.213279 0.279857 0.459285 0.568448 0.202026 0.256465 0.249193 0.214142 0.303353
0.184131 0.284778 0.684189 0.157534 0.195113 0.393786 0.277858 0.217248 0.20064 0.255402 0.216513 0.196632 0.215213 0.230049 0.552335 0.470332 0.213211 0.279152 0.461077 0.570583 0.20147 0.255248 0.248992 0.214073 0.303403
0.183333 0.28418 0.686773 0.157002 0.195041 0.395429 0.277161 0.215875 0.200058 0.254549 0.216447 0.196289 0.215146 0.228691 0.554895 0.472256 0.213145 0.278453 0.462755 0.572676 0.200932 0.254066 0.248795 0.214008 0.303402
0.182568 0.283611 0.689236 0.156495 0.194978 0.39708 0.276472 0.214563 0.199503 0.253715 0.216383 0.195958 0.215082 0.227387 0.55738 0.474157 0.213082 0.277762 0.464316 0.574728 0.200414 0.252918 0.248604 0.213944 0.303349
0.181836 0.28307 0.691577 0.156013 0.194923 0.398743 0.275791 0.21331 0.198975 0.252899 0.216321 0.19564 0.215021 0.226137 0.559791 0.476035 0.213021 0.27708 0.465754 0.57674 0.199915 0.251805 0.248419 0.213882 0.303244
0.181137 0.282554 0.6938 0.155557 0.194876 0.400419 0.275119 0.212118 0.198473 0.2521 0.216261 0.195335 0.214961 0.224941 0.562127 0.477895 0.212961 0.276407 0.467065 0.578713 0.199435 0.250726 0.248238 0.213823 0.303086
0.180473 0.28206 0.695906 0.155126 0.194837 0.402112 0.274456 0.210984 0.197998 0.251319 0.216203 0.195041 0.214904 0.223797 0.564387 0.479739 0.212904 0.275742 0.468247 0.580649 0.198973 0.24968 0.248062 0.213766 0.302874
0.179844 0.281584 0.697897 0.15472 0.194806 0.403825 0.273801 0.209909 0.197547 0.250554 0.216148 0.194759 0.214848 0.222706 0.566573 0.481571 0.212849 0.275086 0.469294 0.582549 0.198528 0.248668 0.24789 0.213711 0.302607
0.17925 0.281124 0.699776 0.154341 0.194782 0.405562 0.273156 0.208892 0.19712 0.249806 0.216094 0.194488 0.214795 0.221667 0.568685 0.483395 0.212796 0.27444 0.470205 0.584416 0.198101 0.247688 0.247723 0.213657 0.302287
0.178692 0.280677 0.701545 0.153986 0.194766 0.407327 0.27252 0.207932 0.196718 0.249073 0.216042 0.194227 0.214743 0.220679 0.570724 0.485214 0.212745 0.273802 0.470974 0.586252 0.197691 0.246739 0.247561 0.213606 0.301911
0.17817 0.280238 0.703207 0.153658 0.194757 0.409124 0.271892 0.207028 0.196337 0.248354 0.215992 0.193975 0.214693 0.219741 0.572691 0.487034 0.212695 0.273173 0.471599 0.58806 0.197297 0.245821 0.247402 0.213556 0.30148
0.177683 0.279805 0.704766 0.153354 0.194755 0.410959 0.271272 0.206179 0.195979 0.24765 0.215943 0.193733 0.214645 0.218852 0.574589 0.488858 0.212648 0.272551 0.472076 0.589842 0.196917 0.244933 0.247246 0.213508 0.300993
0.177232 0.279374 0.706225 0.153076 0.194761 0.412836 0.270659 0.205385 0.195642 0.246959 0.215897 0.193499 0.214599 0.218011 0.576418 0.490692 0.212601 0.271937 0.472403 0.591601 0.196553 0.244072 0.247094 0.213462 0.300449
0.176818 0.278943 0.707586 0.152823 0.194774 0.41476 0.270052 0.204643 0.195326 0.24628 0.215851 0.193273 0.214553 0.217217 0.578182 0.49254 0.212556 0.271329 0.472574 0.59334 0.196202 0.243238 0.246945 0.213417 0.299848
0.17644 0.278507 0.708853 0.152594 0.194794 0.416737 0.269451 0.203953 0.195029 0.245613 0.215807 0.193055 0.214509 0.216468 0.579883 0.494409 0.212513 0.270726 0.472587 0.595062 0.195864 0.242429 0.246797 0.213373 0.299189
0.176099 0.278062 0.71003 0.15239 0.194822 0.418773 0.268854 0.203314 0.194751 0.244956 0.215764 0.192843 0.214467 0.215764 0.581523 0.496303 0.21247 0.270128 0.472438 0.596772 0.195538 0.241645 0.246652 0.213331 0.298472
0.175794 0.277607 0.711119 0.152211 0.194857 0.420875 0.268261 0.202725 0.19449 0.244309 0.215722 0.192637 0.214425 0.215102 0.583105 0.498229 0.212429 0.269534 0.472123 0.598472 0.195222 0.240882 0.246508 0.213289 0.297695
0.175526 0.277136 0.712123 0.152055 0.1949 0.423049 0.26767 0.202185 0.194247 0.24367 0.215681 0.192436 0.214384 0.214481 0.584632 0.500192 0.212388 0.268941 0.471637 0.600166 0.194917 0.24014 0.246365 0.213248 0.296857
0.175294 0.276646 0.713047 0.151924 0.194951 0.425303 0.267079 0.201693 0.194021 0.243039 0.215641 0.192241 0.214344 0.2139 0.586107 0.502199 0.212349 0.268348 0.470977 0.601857 0.194621 0.239418 0.246223 0.213209 0.295957
0.1751 0.276133 0.713892 0.151817 0.195011 0.427643 0.266487 0.201247 0.193811 0.242414 0.215602 0.192049 0.214305 0.213358 0.587533 0.504257 0.21231 0.267755 0.470137 0.603551 0.194333 0.238712 0.24608 0.213169 0.294995
0.174943 0.275595 0.714662 0.151734 0.195079 0.430078 0.265892 0.200848 0.193616 0.241795 0.215563 0.191861 0.214266 0.212852 0.588914 0.506371 0.212271 0.267159 0.469113 0.60525 0.194051 0.238022 0.245936 0.213131 0.293967
0.174824 0.275027 0.715359 0.151675 0.195155 0.432616 0.265292 0.200493 0.193435 0.24118 0.215524 0.191677 0.214228 0.212383 0.590252 0.50855 0.212233 0.266558 0.467899 0.606959 0.193776 0.237346 0.245792 0.213092 0.292874
0.174743 0.274425 0.715986 0.151639 0.195242 0.435266 0.264687 0.200183 0.193269 0.240569 0.215486 0.191495 0.214189 0.211948 0.591552 0.510799 0.212195 0.265951 0.46649 0.608682 0.193506 0.236681 0.245645 0.213054 0.291713
0.1747 0.273786 0.716546 0.151628 0.195338 0.438036 0.264072 0.199917 0.193116 0.23996 0.215447 0.191315 0.214151 0.211545 0.592816 0.513127 0.212157 0.265335 0.464878 0.610423 0.19324 0.236027 0.245496 0.213016 0.290482
0.174697 0.273105 0.717041 0.15164 0.195444 0.440937 0.263447 0.199694 0.192977 0.239352 0.215409 0.191137 0.214113 0.211175 0.594049 0.515542 0.212119 0.264709 0.463059 0.612187 0.192976 0.235381 0.245344 0.212978 0.28918
0.174733 0.27238 0.717473 0.151676 0.195562 0.443978 0.26281 0.199514 0.192849 0.238745 0.21537 0.190961 0.214075 0.210834 0.595253 0.518049 0.212081 0.26407 0.461025 0.613977 0.192714 0.234742 0.245188 0.21294 0.287803
0.174809 0.271605 0.717844 0.151737 0.195691 0.447169 0.262157 0.199376 0.192734 0.238137 0.215331 0.190785 0.214036 0.210523 0.596432 0.520659 0.212042 0.263415 0.458769 0.615799 0.192453 0.234108 0.245028 0.212901 0.286351
0.174927 0.270777 0.718157 0.151822 0.195832 0.450521 0.261487 0.199279 0.192631 0.237527 0.215292 0.19061 0.213996 0.21024 0.59759 0.523378 0.212003 0.262744 0.456283 0.617656 0.192192 0.233476 0.244864 0.212862 0.284821
0.175086 0.269893 0.718413 0.151931 0.195986 0.454044 0.260797 0.199224 0.192539 0.236916 0.215251 0.190435 0.213956 0.209983 0.598731 0.526215 0.211964 0.262052 0.45356 0.619553 0.191929 0.232845 0.244694 0.212822 0.28321
0.175289 0.268947 0.718614 0.152065 0.196154 0.45775 0.260084 0.199211 0.192459 0.2363 0.21521 0.190261 0.213915 0.209752 0.599858 0.529177 0.211923 0.261337 0.450593 0.621495 0.191664 0.232214 0.244518 0.212781 0.281516
0.175535 0.267936 0.718761 0.152224 0.196336 0.461649 0.259345 0.199238 0.192389 0.235681 0.215168 0.190086 0.213873 0.209544 0.600975 0.532274 0.211881 0.260597 0.447373 0.623485 0.191395 0.23158 0.244335 0.21274 0.279738
0.175826 0.266857 0.718856 0.152409 0.196533 0.465754 0.258579 0.199307 0.19233 0.235057 0.215125 0.189911 0.21383 0.20936 0.602085 0.535513 0.211838 0.259828 0.443892 0.625528 0.191122 0.230941 0.244146 0.212697 0.277871
0.176164 0.265705 0.718901 0.152619 0.196747 0.470075 0.257781 0.199416 0.192282 0.234427 0.21508 0.189736 0.213786 0.209198 0.603192 0.538901 0.211794 0.259029 0.440143 0.627628 0.190842 0.230297 0.243948 0.212652 0.275915
0.176548 0.264476 0.718896 0.152856 0.196977 0.474623 0.25695 0.199566 0.192244 0.233791 0.215034 0.18956 0.21374 0.209056 0.6043 0.542447 0.211749 0.258196 0.436119 0.629789 0.190556 0.229644 0.243743 0.212607 0.273867
0.176981 0.263168 0.718843 0.153119 0.197226 0.479409 0.256082 0.199757 0.192217 0.233148 0.214986 0.189384 0.213692 0.208934 0.605413 0.546157 0.211701 0.257326 0.431814 0.632014 0.190263 0.228982 0.243529 0.212559 0.271726
0.177464 0.261778 0.718742 0.153408 0.197493 0.484442 0.255175 0.199988 0.1922 0.232498 0.214936 0.189208 0.213643 0.20883 0.606533 0.550038 0.211652 0.256417 0.427221 0.634307 0.189961 0.22831 0.243306 0.21251 0.26949
0.177997 0.260302 0.718597 0.153725 0.19778 0.489732 0.254226 0.200258 0.192193 0.231841 0.214884 0.189032 0.213591 0.208742 0.607665 0.554096 0.211601 0.255465 0.422336 0.636671 0.189649 0.227624 0.243074 0.212458 0.267158
0.178581 0.258738 0.718406 0.154068 0.198087 0.495286 0.253232 0.200569 0.192197 0.231176 0.21483 0.188857 0.213537 0.20867 0.608812 0.558334 0.211547 0.254469 0.417157 0.639108 0.189327 0.226925 0.242832 0.212405 0.264731
0.179217 0.257086 0.718173 0.154438 0.198416 0.50111 0.252191 0.200918 0.192211 0.230503 0.214774 0.188681 0.213481 0.208611 0.609978 0.562756 0.211492 0.253425 0.411683 0.641619 0.188994 0.226211 0.242581 0.212349 0.262209
0.179905 0.255343 0.717899 0.154835 0.198767 0.507207 0.2511 0.201306 0.192236 0.229823 0.214715 0.188507 0.213423 0.208565 0.611165 0.567363 0.211434 0.252331 0.405917 0.644206 0.188649 0.225481 0.24232 0.212291 0.259592
0.180646 0.253511 0.717585 0.155258 0.199141 0.513579 0.249958 0.20173 0.192272 0.229136 0.214654 0.188335 0.213362 0.208528 0.612377 0.572155 0.211373 0.251187 0.399863 0.646869 0.188292 0.224733 0.242049 0.21223 0.256884
0.181438 0.25159 0.717233 0.155706 0.199537 0.520223 0.248764 0.20219 0.192319 0.228442 0.21459 0.188165 0.213298 0.208499 0.613616 0.577129 0.21131 0.249989 0.393529 0.649607 0.187922 0.223968 0.241769 0.212166 0.254088
0.182281 0.249583 0.716845 0.156179 0.199958 0.527135 0.247516 0.202683 0.192377 0.227741 0.214523 0.187997 0.213231 0.208477 0.614885 0.58228 0.211244 0.248738 0.386928 0.652418 0.18754 0.223185 0.24148 0.2121 0.251208
0.183174 0.247495 0.716425 0.156676 0.200402 0.534304 0.246214 0.203207 0.192446 0.227035 0.214454 0.187833 0.213162 0.208458 0.616186 0.5876 0.211175 0.247432 0.380078 0.655298 0.187146 0.222384 0.241183 0.212031 0.248252
0.184113 0.245329 0.715975 0.157193 0.200869 0.541716 0.244859 0.203759 0.192527 0.226324 0.214381 0.187674 0.21309 0.208439 0.617521 0.593076 0.211103 0.246074 0.373 0.658244 0.186739 0.221565 0.240878 0.211959 0.245226
0.185095 0.243094 0.715499 0.157731 0.20136 0.549351 0.243452 0.204335 0.192618 0.22561 0.214306 0.187519 0.213015 0.208419 0.618891 0.598694 0.211029 0.244663 0.36572 0.66125 0.186321 0.220729 0.240566 0.211885 0.242141
0.186118 0.240797 0.715 0.158285 0.201873 0.557185 0.241995 0.204931 0.192722 0.224893 0.214228 0.187369 0.212938 0.208394 0.620296 0.604434 0.210953 0.243202 0.358273 0.664306 0.185892 0.219876 0.24025 0.211808 0.239008
0.187174 0.23845 0.714484 0.158853 0.202406 0.565186 0.240492 0.205542 0.192836 0.224176 0.214148 0.187226 0.212858 0.208362 0.621736 0.610276 0.210873 0.241695 0.350695 0.667405 0.185454 0.219008 0.239929 0.211729 0.235838
0.18826 0.236065 0.713954 0.159432 0.202959 0.573319 0.238947 0.206163 0.192961 0.22346 0.214066 0.187089 0.212776 0.208318 0.62321 0.616192 0.210792 0.240146 0.343028 0.670534 0.185007 0.218128 0.239606 0.211647 0.232648
0.189367 0.233655 0.713416 0.160017 0.20353 0.581543 0.237366 0.206787 0.193097 0.222747 0.213982 0.186959 0.212693 0.208261 0.624715 0.622154 0.210709 0.238561 0.335319 0.673683 0.184555 0.217237 0.239282 0.211564 0.229452
0.190487 0.231234 0.712876 0.160605 0.204115 0.589812 0.235757 0.20741 0.193243 0.222038 0.213896 0.186837 0.212607 0.208186 0.62625 0.628129 0.210624 0.236947 0.327618 0.676837 0.184099 0.216338 0.238959 0.211479 0.226268
0.191614 0.228818 0.71234 0.16119 0.204713 0.598078 0.234125 0.208024 0.193398 0.221335 0.21381 0.186722 0.212521 0.208092 0.627809 0.634085 0.210539 0.235311 0.319977 0.679981 0.183641 0.215435 0.238639 0.211393 0.223113
0.192737 0.226424 0.711812 0.161768 0.205319 0.606289 0.232482 0.208622 0.193562 0.220641 0.213722 0.186614 0.212434 0.207977 0.629389 0.639986 0.210452 0.233663 0.312448 0.6831 0.183183 0.214531 0.238323 0.211306 0.220006
0.193847 0.224067 0.7113 0.162335 0.205931 0.614394 0.230835 0.209199 0.193733 0.219958 0.213635 0.186514 0.212347 0.207837 0.630983 0.645796 0.210366 0.232012 0.305084 0.686177 0.182729 0.21363 0.238014 0.21122 0.216963
0.194937 0.221763 0.710808 0.162886 0.206545 0.62234 0.229195 0.209749 0.19391 0.219287 0.213549 0.18642 0.212261 0.207673 0.632585 0.65148 0.210281 0.230368 0.297933 0.689198 0.18228 0.212736 0.237713 0.211134 0.214004
0.195996 0.219527 0.710342 0.163416 0.207157 0.630079 0.227573 0.210266 0.194092 0.218632 0.213463 0.186332 0.212176 0.207483 0.634186 0.657007 0.210196 0.228741 0.291041 0.692145 0.18184 0.211853 0.237422 0.211049 0.211142
0.197017 0.217373 0.709906 0.163922 0.207762 0.637564 0.225978 0.210746 0.194276 0.217993 0.213379 0.18625 0.212093 0.207267 0.635781 0.662344 0.210113 0.227142 0.284447 0.695005 0.18141 0.210987 0.237141 0.210966 0.208394
0.197993 0.215311 0.709504 0.1644 0.208359 0.644755 0.224421 0.211185 0.194462 0.217372 0.213298 0.186172 0.212012 0.207027 0.63736 0.667466 0.210033 0.22558 0.278186 0.697765 0.180993 0.210139 0.236873 0.210886 0.205772
0.198918 0.213353 0.709137 0.164848 0.208941 0.651617 0.222911 0.211581 0.194647 0.216773 0.21322 0.186098 0.211934 0.206764 0.638915 0.67235 0.209956 0.224065 0.272284 0.700412 0.180591 0.209316 0.236618 0.210808 0.203285
0.199787 0.211503 0.70881 0.165264 0.209507 0.658123 0.221455 0.211933 0.19483 0.216195 0.213144 0.186027 0.211859 0.206481 0.640439 0.676978 0.209881 0.222606 0.266758 0.702936 0.180205 0.20852 0.236377 0.210733 0.200942
0.200596 0.209769 0.708521 0.165646 0.210054 0.664253 0.220062 0.212241 0.195009 0.215642 0.213073 0.185959 0.211788 0.206179 0.641923 0.681338 0.209811 0.221208 0.26162 0.705331 0.179836 0.207755 0.236149 0.210663 0.198748
0.201344 0.208152 0.708272 0.165995 0.210579 0.669992 0.218737 0.212504 0.195183 0.215113 0.213006 0.185892 0.211721 0.205863 0.643361 0.685421 0.209744 0.219879 0.256874 0.70759 0.179485 0.207023 0.235936 0.210596 0.196705
0.20203 0.206654 0.708061 0.166309 0.211079 0.675336 0.217484 0.212726 0.19535 0.21461 0.212942 0.185826 0.211658 0.205535 0.644747 0.689224 0.209681 0.218623 0.252516 0.70971 0.179154 0.206326 0.235738 0.210533 0.194814
0.202654 0.205273 0.707888 0.166591 0.211553 0.680285 0.216306 0.212908 0.195508 0.214133 0.212883 0.18576 0.211599 0.2052 0.646076 0.692749 0.209623 0.217442 0.248537 0.711691 0.178841 0.205666 0.235553 0.210474 0.193072
0.203218 0.204005 0.70775 0.166841 0.212001 0.684844 0.215206 0.213054 0.195658 0.213684 0.212828 0.185696 0.211544 0.204862 0.647343 0.696 0.209569 0.216338 0.244925 0.713531 0.178548 0.205044 0.235382 0.21042 0.191475
0.203723 0.202848 0.707644 0.167061 0.212421 0.689026 0.214183 0.213166 0.195798 0.213261 0.212778 0.185631 0.211494 0.204523 0.648546 0.698984 0.209519 0.215312 0.241661 0.715235 0.178274 0.20446 0.235225 0.21037 0.190019
0.204174 0.201795 0.707568 0.167254 0.212813 0.692843 0.213237 0.213249 0.195928 0.212866 0.212732 0.185567 0.211448 0.204188 0.649682 0.701714 0.209473 0.214364 0.238725 0.716806 0.178018 0.203915 0.235081 0.210324 0.188696
0.204574 0.200842 0.707519 0.167421 0.213178 0.696316 0.212366 0.213306 0.196048 0.212497 0.21269 0.185503 0.211406 0.203859 0.65075 0.704201 0.209432 0.21349 0.236096 0.718248 0.17778 0.203408 0.234948 0.210283 0.1875
0.204926 0.19998 0.707493 0.167564 0.213515 0.699462 0.211568 0.21334 0.196156 0.212154 0.212651 0.18544 0.211368 0.203539 0.65175 0.70646 0.209394 0.21269 0.233749 0.719568 0.177559 0.202938 0.234827 0.210244 0.186421
0.205234 0.199204 0.707488 0.167686 0.213826 0.702305 0.21084 0.213356 0.196255 0.211837 0.212616 0.185378 0.211333 0.20323 0.652683 0.708504 0.209359 0.211959 0.231662 0.720773 0.177354 0.202504 0.234717 0.21021 0.185451
0.205503 0.198508 0.7075 0.16779 0.214111 0.704865 0.210177 0.213356 0.196343 0.211544 0.212585 0.185318 0.211302 0.202933 0.65355 0.71035 0.209328 0.211295 0.229812 0.721868 0.177165 0.202104 0.234618 0.210179 0.184583
0.205736 0.197883 0.707527 0.167877 0.214372 0.707165 0.209577 0.213343 0.196421 0.211275 0.212557 0.185258 0.211274 0.202651 0.654353 0.712013 0.2093 0.210692 0.228176 0.722862 0.176991 0.201737 0.234527 0.210151 0.183807
0.205937 0.197324 0.707565 0.16795 0.21461 0.709226 0.209034 0.21332 0.19649 0.211028 0.212531 0.1852 0.211249 0.202384 0.655094 0.713507 0.209275 0.210148 0.226732 0.723762 0.17683 0.201402 0.234446 0.210126 0.183115
0.20611 0.196826 0.707614 0.16801 0.214826 0.71107 0.208545 0.21329 0.19655 0.210801 0.212508 0.185145 0.211226 0.202132 0.655777 0.714847 0.209253 0.209658 0.225462 0.724575 0.176682 0.201095 0.234372 0.210103 0.182499
0.206258 0.196381 0.707669 0.16806 0.215022 0.712716 0.208106 0.213254 0.196602 0.210595 0.212488 0.185091 0.211206 0.201897 0.656403 0.716046 0.209232 0.209217 0.224346 0.725307 0.176546 0.200816 0.234306 0.210083 0.181952
0.206384 0.195985 0.707731 0.1681 0.215199 0.714183 0.207711 0.213213 0.196647 0.210407 0.21247 0.18504 0.211187 0.201677 0.656976 0.717119 0.209214 0.208821 0.223367 0.725966 0.176422 0.200562 0.234246 0.210065 0.181467
0.206491 0.195632 0.707796 0.168133 0.215358 0.715488 0.207359 0.21317 0.196685 0.210236 0.212453 0.184991 0.211171 0.201473 0.6575 0.718077 0.209198 0.208468 0.222509 0.726559 0.176308 0.200332 0.234193 0.210048 0.181038
0.206581 0.195319 0.707863 0.168158 0.215502 0.716649 0.207043 0.213126 0.196717 0.210081 0.212439 0.184945 0.211157 0.201285 0.657978 0.718931 0.209184 0.208151 0.221759 0.72709 0.176203 0.200124 0.234145 0.210034 0.180659
0.206657 0.195041 0.707931 0.168178 0.21563 0.71768 0.206762 0.213082 0.196744 0.20994 0.212426 0.184902 0.211144 0.201112 0.658412 0.719692 0.209171 0.207869 0.221103 0.727567 0.176108 0.199935 0.234102 0.210021 0.180323
0.206721 0.194793 0.708 0.168194 0.215745 0.718595 0.206512 0.213037 0.196766 0.209814 0.212414 0.184861 0.211132 0.200952 0.658807 0.72037 0.20916 0.207618 0.22053 0.727993 0.176021 0.199765 0.234063 0.21001 0.180028
0.206774 0.194574 0.708068 0.168206 0.215848 0.719406 0.206289 0.212994 0.196783 0.209699 0.212404 0.184823 0.211122 0.200807 0.659165 0.720973 0.20915 0.207395 0.220031 0.728375 0.175941 0.199611 0.234029 0.209999 0.179767
0.206818 0.19438 0.708134 0.168214 0.21594 0.720124 0.206091 0.212952 0.196797 0.209596 0.212395 0.184787 0.211113 0.200674 0.659489 0.721509 0.20914 0.207196 0.219595 0.728716 0.175869 0.199473 0.233999 0.20999 0.179537
0.206855 0.194208 0.708199 0.16822 0.216022 0.72076 0.205915 0.212911 0.196808 0.209504 0.212387 0.184754 0.211105 0.200553 0.659782 0.721985 0.209132 0.20702 0.219216 0.72902 0.175802 0.199348 0.233971 0.209982 0.179334
0.206885 0.194055 0.708261 0.168224 0.216094 0.721323 0.205759 0.212873 0.196816 0.20942 0.212379 0.184723 0.211098 0.200442 0.660047 0.722408 0.209125 0.206863 0.218885 0.729291 0.175742 0.199236 0.233947 0.209975 0.179156
0.206909 0.193919 0.708321 0.168226 0.216159 0.721821 0.205621 0.212837 0.196821 0.209345 0.212373 0.184695 0.211091 0.200343 0.660286 0.722783 0.209119 0.206725 0.218598 0.729534 0.175688 0.199135 0.233926 0.209969 0.178999
0.206929 0.193799 0.708378 0.168227 0.216216 0.722261 0.205499 0.212803 0.196825 0.209278 0.212367 0.184669 0.211085 0.200252 0.660501 0.723116 0.209113 0.206602 0.218347 0.729749 0.175638 0.199045 0.233906 0.209963 0.178862
0.206945 0.193693 0.708431 0.168227 0.216267 0.72265 0.205391 0.212771 0.196827 0.209218 0.212362 0.184645 0.21108 0.200171 0.660695 0.723411 0.209108 0.206493 0.218129 0.729942 0.175593 0.198964 0.233889 0.209958 0.17874
0.206958 0.193599 0.708482 0.168226 0.216311 0.722994 0.205295 0.212741 0.196828 0.209164 0.212358 0.184624 0.211076 0.200097 0.66087 0.723673 0.209104 0.206397 0.21794 0.730113 0.175552 0.198891 0.233874 0.209953 0.178634
0.206968 0.193516 0.70853 0.168224 0.216351 0.723298 0.20521 0.212713 0.196828 0.209116 0.212354 0.184604 0.211072 0.200031 0.661026 0.723906 0.2091 0.206312 0.217775 0.730265 0.175515 0.198826 0.233861 0.209949 0.17854
0.206976 0.193442 0.708575 0.168222 0.216386 0.723566 0.205135 0.212688 0.196827 0.209073 0.21235 0.184585 0.211068 0.199971 0.661167 0.724112 0.209096 0.206237 0.217631 0.730401 0.175482 0.198767 0.233849 0.209946 0.178458
0.206982 0.193376 0.708616 0.16822 0.216417 0.723803 0.205069 0.212664 0.196825 0.209035 0.212347 0.184569 0.211065 0.199918 0.661294 0.724295 0.209093 0.206171 0.217506 0.730521 0.175451 0.198715 0.233838 0.209943 0.178385
0.206986 0.193318 0.708655 0.168217 0.216444 0.724013 0.20501 0.212643 0.196823 0.209 0.212344 0.184554 0.211062 0.199869 0.661407 0.724456 0.20909 0.206112 0.217398 0.730629 0.175424 0.198668 0.233828 0.20994 0.178322
0.20699 0.193267 0.708691 0.168215 0.216468 0.724198 0.204959 0.212623 0.19682 0.20897 0.212341 0.18454 0.21106 0.199826 0.661509 0.7246 0.209088 0.20606 0.217304 0.730724 0.175399 0.198626 0.23382 0.209937 0.178266
0.206992 0.193221 0.708724 0.168212 0.216489 0.724361 0.204913 0.212605 0.196817 0.208942 0.212339 0.184527 0.211057 0.199788 0.6616 0.724727 0.209085 0.206014 0.217221 0.730809 0.175377 0.198589 0.233813 0.209935 0.178217
0.206993 0.193181 0.708755 0.168209 0.216508 0.724505 0.204873 0.212588 0.196814 0.208918 0.212337 0.184516 0.211055 0.199753 0.661682 0.72484 0.209083 0.205974 0.21715 0.730884 0.175356 0.198555 0.233806 0.209933 0.178174
0.206994 0.193145 0.708783 0.168207 0.216524 0.724633 0.204837 0.212573 0.19681 0.208896 0.212335 0.184506 0.211054 0.199722 0.661755 0.72494 0.209082 0.205938 0.217088 0.730951 0.175338 0.198525 0.2338 0.209931 0.178136
0.206995 0.193114 0.708809 0.168204 0.216538 0.724745 0.204806 0.212559 0.196807 0.208877 0.212334 0.184497 0.211052 0.199695 0.66182 0.725028 0.20908 0.205907 0.217034 0.731011 0.175322 0.198498 0.233795 0.20993 0.178103
0.206995 0.193086 0.708833 0.168201 0.216551 0.724845 0.204778 0.212547 0.196804 0.20886 0.212332 0.184489 0.211051 0.19967 0.661879 0.725107 0.209079 0.205879 0.216987 0.731064 0.175307 0.198474 0.23379 0.209928 0.178073
0.206994 0.193061 0.708855 0.168199 0.216562 0.724933 0.204753 0.212535 0.1968 0.208845 0.212331 0.184481 0.211049 0.199648 0.661931 0.725176 0.209077 0.205854 0.216946 0.731111 0.175294 0.198453 0.233786 0.209927 0.178048
0.206994 0.193039 0.708875 0.168197 0.216572 0.72501 0.204732 0.212525 0.196797 0.208831 0.21233 0.184474 0.211048 0.199628 0.661978 0.725238 0.209076 0.205833 0.216911 0.731152 0.175282 0.198434 0.233782 0.209926 0.178025
0.206993 0.193019 0.708894 0.168195 0.21658 0.725079 0.204713 0.212515 0.196794 0.208819 0.212329 0.184468 0.211047 0.199611 0.66202 0.725292 0.209075 0.205813 0.21688 0.73119 0.175271 0.198417 0.233779 0.209925 0.178005
0.206992 0.193002 0.70891 0.168193 0.216588 0.725139 0.204696 0.212507 0.196791 0.208808 0.212328 0.184463 0.211046 0.199595 0.662057 0.725341 0.209074 0.205796 0.216853 0.731222 0.175261 0.198402 0.233776 0.209924 0.177988
0.206991 0.192987 0.708926 0.168191 0.216594 0.725193 0.204681 0.212499 0.196788 0.208798 0.212327 0.184458 0.211046 0.199581 0.66209 0.725384 0.209074 0.205782 0.216829 0.731252 0.175252 0.198388 0.233774 0.209923 0.177972
0.20699 0.192973 0.70894 0.168189 0.2166 0.72524 0.204668 0.212492 0.196786 0.20879 0.212327 0.184454 0.211045 0.199569 0.66212 0.725422 0.209073 0.205768 0.216809 0.731278 0.175244 0.198376 0.233771 0.209923 0.177959
0.206989 0.192961 0.708952 0.168187 0.216605 0.725282 0.204656 0.212486 0.196783 0.208782 0.212326 0.18445 0.211044 0.199557 0.662147 0.725455 0.209072 0.205757 0.216791 0.731301 0.175237 0.198365 0.233769 0.209922 0.177947
0.206988 0.19295 0.708964 0.168186 0.21661 0.725318 0.204646 0.212481 0.196781 0.208775 0.212325 0.184446 0.211044 0.199548 0.662171 0.725485 0.209072 0.205746 0.216776 0.731321 0.175231 0.198355 0.233768 0.209922 0.177937
0.206987 0.192941 0.708974 0.168184 0.216614 0.725351 0.204637 0.212476 0.196779 0.208769 0.212325 0.184443 0.211043 0.199539 0.662192 0.725512 0.209071 0.205737 0.216762 0.731339 0.175225 0.198347 0.233766 0.209921 0.177928
0.206986 0.192932 0.708984 0.168183 0.216617 0.72538 0.204629 0.212471 0.196777 0.208764 0.212325 0.18444 0.211043 0.199531 0.662211 0.725535 0.209071 0.205729 0.21675 0.731356 0.17522 0.198339 0.233765 0.209921 0.177919
0.206986 0.192925 0.708992 0.168182 0.21662 0.725405 0.204622 0.212467 0.196775 0.208759 0.212324 0.184438 0.211042 0.199524 0.662228 0.725556 0.209071 0.205722 0.21674 0.73137 0.175216 0.198332 0.233763 0.20992 0.177912
0.206985 0.192918 0.709 0.168181 0.216623 0.725428 0.204615 0.212463 0.196773 0.208755 0.212324 0.184435 0.211042 0.199518 0.662243 0.725574 0.20907 0.205716 0.216731 0.731383 0.175212 0.198326 0.233762 0.20992 0.177906
0.206984 0.192913 0.709007 0.16818 0.216625 0.725448 0.20461 0.21246 0.196771 0.208751 0.212323 0.184433 0.211042 0.199512 0.662256 0.725591 0.20907 0.20571 0.216723 0.731394 0.175208 0.19832 0.233761 0.20992 0.177901
0.206983 0.192907 0.709014 0.168179 0.216627 0.725465 0.204605 0.212457 0.19677 0.208748 0.212323 0.184431 0.211041 0.199507 0.662268 0.725605 0.20907 0.205705 0.216717 0.731404 0.175205 0.198315 0.23376 0.209919 0.177896
0.206982 0.192903 0.709019 0.168178 0.216629 0.725481 0.204601 0.212454 0.196768 0.208745 0.212323 0.18443 0.211041 0.199503 0.662279 0.725618 0.209069 0.205701 0.216711 0.731413 0.175202 0.198311 0.23376 0.209919 0.177892
0.206982 0.192899 0.709025 0.168177 0.21663 0.725495 0.204597 0.212452 0.196767 0.208742 0.212323 0.184428 0.211041 0.199499 0.662288 0.725629 0.209069 0.205697 0.216706 0.731421 0.175199 0.198307 0.233759 0.209919 0.177888
0.206981 0.192895 0.709029 0.168177 0.216631 0.725507 0.204593 0.21245 0.196766 0.20874 0.212323 0.184427 0.211041 0.199496 0.662297 0.72564 0.209069 0.205694 0.216701 0.731428 0.175197 0.198304 0.233758 0.209919 0.177885
0.20698 0.192892 0.709033 0.168176 0.216633 0.725517 0.20459 0.212448 0.196765 0.208738 0.212322 0.184426 0.211041 0.199493 0.662305 0.725648 0.209069 0.205691 0.216697 0.731434 0.175195 0.198301 0.233758 0.209918 0.177882
0.20698 0.192889 0.709037 0.168175 0.216634 0.725527 0.204588 0.212446 0.196764 0.208736 0.212322 0.184425 0.211041 0.19949 0.662311 0.725656 0.209069 0.205688 0.216694 0.73144 0.175193 0.198298 0.233757 0.209918 0.177879
0.206979 0.192886 0.709041 0.168175 0.216634 0.725535 0.204586 0.212444 0.196763 0.208735 0.212322 0.184424 0.21104 0.199488 0.662317 0.725663 0.209069 0.205686 0.216691 0.731445 0.175191 0.198295 0.233757 0.209918 0.177877
0.206979 0.192884 0.709044 0.168174 0.216635 0.725543 0.204583 0.212443 0.196762 0.208733 0.212322 0.184423 0.21104 0.199486 0.662323 0.72567 0.209068 0.205684 0.216688 0.731449 0.17519 0.198293 0.233757 0.209918 0.177875
0.206979 0.192882 0.709047 0.168174 0.216636 0.725549 0.204582 0.212442 0.196761 0.208732 0.212322 0.184422 0.21104 0.199484 0.662327 0.725675 0.209068 0.205682 0.216686 0.731453 0.175188 0.198291 0.233756 0.209918 0.177873
0.206978 0.192881 0.709049 0.168174 0.216637 0.725555 0.20458 0.212441 0.196761 0.208731 0.212322 0.184422 0.21104 0.199482 0.662332 0.72568 0.209068 0.205681 0.216684 0.731456 0.175187 0.19829 0.233756 0.209918 0.177872
0.206978 0.192879 0.709051 0.168173 0.216637 0.72556 0.204579 0.21244 0.19676 0.20873 0.212322 0.184421 0.21104 0.19948 0.662335 0.725684 0.209068 0.205679 0.216682 0.731459 0.175186 0.198288 0.233756 0.209918 0.17787
0.206977 0.192878 0.709053 0.168173 0.216638 0.725565 0.204577 0.212439 0.196759 0.208729 0.212322 0.18442 0.21104 0.199479 0.662339 0.725688 0.209068 0.205678 0.216681 0.731462 0.175185 0.198287 0.233755 0.209918 0.177869
0.206977 0.192876 0.709055 0.168173 0.216638 0.725569 0.204576 0.212438 0.196759 0.208728 0.212322 0.18442 0.21104 0.199478 0.662342 0.725692 0.209068 0.205677 0.216679 0.731464 0.175184 0.198285 0.233755 0.209918 0.177868
0.206977 0.192875 0.709057 0.168172 0.216638 0.725573 0.204575 0.212437 0.196758 0.208727 0.212321 0.18442 0.21104 0.199477 0.662345 0.725695 0.209068 0.205676 0.216678 0.731467 0.175183 0.198284 0.233755 0.209918 0.177867
0.206977 0.192874 0.709058 0.168172 0.216639 0.725576 0.204574 0.212437 0.196758 0.208727 0.212321 0.184419 0.21104 0.199476 0.662347 0.725698 0.209068 0.205675 0.216677 0.731468 0.175183 0.198283 0.233755 0.209918 0.177866
0.206976 0.192873 0.70906 0.168172 0.216639 0.725578 0.204574 0.212436 0.196758 0.208726 0.212321 0.184419 0.21104 0.199475 0.662349 0.7257 0.209068 0.205674 0.216676 0.73147 0.175182 0.198282 0.233755 0.209917 0.177865
0.206976 0.192873 0.709061 0.168172 0.216639 0.725581 0.204573 0.212436 0.196757 0.208726 0.212321 0.184419 0.21104 0.199474 0.662351 0.725702 0.209068 0.205673 0.216676 0.731472 0.175182 0.198282 0.233755 0.209917 0.177865
0.206976 0.192872 0.709062 0.168172 0.216639 0.725583 0.204572 0.212435 0.196757 0.208725 0.212321 0.184418 0.21104 0.199474 0.662353 0.725704 0.209068 0.205673 0.216675 0.731473 0.175181 0.198281 0.233755 0.209917 0.177864
0.206976 0.192871 0.709063 0.168171 0.21664 0.725585 0.204572 0.212435 0.196757 0.208725 0.212321 0.184418 0.21104 0.199473 0.662354 0.725706 0.209068 0.205672 0.216674 0.731474 0.175181 0.19828 0.233754 0.209917 0.177864
0.206976 0.192871 0.709064 0.168171 0.21664 0.725587 0.204571 0.212434 0.196756 0.208724 0.212321 0.184418 0.21104 0.199473 0.662355 0.725707 0.209068 0.205672 0.216674 0.731475 0.17518 0.19828 0.233754 0.209917 0.177863
0.206976 0.19287 0.709064 0.168171 0.21664 0.725588 0.204571 0.212434 0.196756 0.208724 0.212321 0.184418 0.211039 0.199472 0.662357 0.725708 0.209068 0.205671 0.216673 0.731476 0.17518 0.198279 0.233754 0.209917 0.177863
0.206975 0.19287 0.709065 0.168171 0.21664 0.72559 0.204571 0.212434 0.196756 0.208724 0.212321 0.184418 0.211039 0.199472 0.662358 0.72571 0.209068 0.205671 0.216673 0.731477 0.17518 0.198279 0.233754 0.209917 0.177863
0.206975 0.19287 0.709066 0.168171 0.21664 0.725591 0.20457 0.212433 0.196756 0.208724 0.212321 0.184417 0.211039 0.199471 0.662359 0.725711 0.209068 0.205671 0.216673 0.731478 0.175179 0.198279 0.233754 0.209917 0.177862
0.206975 0.192869 0.709066 0.168171 0.21664 0.725592 0.20457 0.212433 0.196756 0.208723 0.212321 0.184417 0.211039 0.199471 0.662359 0.725712 0.209068 0.20567 0.216672 0.731478 0.175179 0.198278 0.233754 0.209917 0.177862
0.206975 0.192869 0.709067 0.168171 0.21664 0.725593 0.20457 0.212433 0.196756 0.208723 0.212321 0.184417 0.211039 0.199471 0.66236 0.725712 0.209068 0.20567 0.216672 0.731479 0.175179 0.198278 0.233754 0.209917 0.177862
0.206975 0.192869 0.709067 0.168171 0.21664 0.725594 0.204569 0.212433 0.196755 0.208723 0.212321 0.184417 0.211039 0.199471 0.662361 0.725713 0.209068 0.20567 0.216672 0.731479 0.175179 0.198278 0.233754 0.209917 0.177862
0.206975 0.192868 0.709067 0.168171 0.21664 0.725594 0.204569 0.212433 0.196755 0.208723 0.212321 0.184417 0.211039 0.19947 0.662361 0.725714 0.209068 0.20567 0.216672 0.73148 0.175178 0.198277 0.233754 0.209917 0.177861
0.206975 0.192868 0.709068 0.168171 0.21664 0.725595 0.204569 0.212433 0.196755 0.208723 0.212321 0.184417 0.211039 0.19947 0.662362 0.725714 0.209068 0.20567 0.216672 0.73148 0.175178 0.198277 0.233754 0.209917 0.177861
0.206975 0.192868 0.709068 0.168171 0.21664 0.725596 0.204569 0.212432 0.196755 0.208723 0.212321 0.184417 0.211039 0.19947 0.662362 0.725715 0.209068 0.205669 0.216671 0.731481 0.175178 0.198277 0.233754 0.209917 0.177861
0.206975 0.192868 0.709068 0.168171 0.216641 0.725596 0.204569 0.212432 0.196755 0.208722 0.212321 0.184417 0.211039 0.19947 0.662363 0.725715 0.209067 0.205669 0.216671 0.731481 0.175178 0.198277 0.233754 0.209917 0.177861
0.206975 0.192868 0.709069 0.16817 0.216641 0.725597 0.204569 0.212432 0.196755 0.208722 0.212321 0.184417 0.211039 0.19947 0.662363 0.725716 0.209067 0.205669 0.216671 0.731481 0.175178 0.198277 0.233754 0.209917 0.177861
0.206975 0.192868 0.709069 0.16817 0.216641 0.725597 0.204569 0.212432 0.196755 0.208722 0.212321 0.184417 0.211039 0.19947 0.662364 0.725716 0.209067 0.205669 0.216671 0.731481 0.175178 0.198277 0.233754 0.209917 0.177861
0.206975 0.192867 0.709069 0.16817 0.216641 0.725597 0.204568 0.212432 0.196755 0.208722 0.212321 0.184417 0.211039 0.199469 0.662364 0.725716 0.209067 0.205669 0.216671 0.731482 0.175178 0.198276 0.233754 0.209917 0.177861
0.206975 0.192867 0.709069 0.16817 0.216641 0.725598 0.204568 0.212432 0.196755 0.208722 0.212321 0.184416 0.211039 0.199469 0.662364 0.725717 0.209067 0.205669 0.216671 0.731482 0.175178 0.198276 0.233754 0.209917 0.177861
0.206975 0.192867 0.709069 0.16817 0.216641 0.725598 0.204568 0.212432 0.196755 0.208722 0.212321 0.184416 0.211039 0.199469 0.662364 0.725717 0.209067 0.205669 0.216671 0.731482 0.175178 0.198276 0.233754 0.209917 0.177861
0.206975 0.192867 0.70907 0.16817 0.216641 0.725598 0.204568 0.212432 0.196755 0.208722 0.212321 0.184416 0.211039 0.199469 0.662365 0.725717 0.209067 0.205669 0.216671 0.731482 0.175178 0.198276 0.233754 0.209917 0.177861
0.206975 0.192867 0.70907 0.16817 0.216641 0.725598 0.204568 0.212432 0.196755 0.208722 0.212321 0.184416 0.211039 0.199469 0.662365 0.725717 0.209067 0.205669 0.216671 0.731482 0.175177 0.198276 0.233754 0.209917 0.17786
0.206975 0.192867 0.70907 0.16817 0.216641 0.725599 0.204568 0.212432 0.196755 0.208722 0.212321 0.184416 0.211039 0.199469 0.662365 0.725717 0.209067 0.205669 0.216671 0.731482 0.175177 0.198276 0.233754 0.209917 0.17786
0.206975 0.192867 0.70907 0.16817 0.216641 0.725599 0.204568 0.212432 0.196755 0.208722 0.212321 0.184416 0.211039 0.199469 0.662365 0.725718 0.209067 0.205668 0.216671 0.731483 0.175177 0.198276 0.233754 0.209917 0.17786
0.206975 0.192867 0.70907 0.16817 0.216641 0.725599 0.204568 0.212432 0.196754 0.208722 0.212321 0.184416 0.211039 0.199469 0.662365 0.725718 0.209067 0.205668 0.216671 0.731483 0.175177 0.198276 0.233754 0.209917 0.17786
0.206974 0.192867 0.70907 0.16817 0.216641 0.725599 0.204568 0.212432 0.196754 0.208722 0.212321 0.184416 0.211039 0.199469 0.662365 0.725718 0.209067 0.205668 0.216671 0.731483 0.175177 0.198276 0.233754 0.209917 0.17786
0.206974 0.192867 0.70907 0.16817 0.216641 0.725599 0.204568 0.212432 0.196754 0.208722 0.212321 0.184416 0.211039 0.199469 0.662365 0.725718 0.209067 0.205668 0.21667 0.731483 0.175177 0.198276 0.233754 0.209917 0.17786
0.206974 0.192867 0.70907 0.16817 0.216641 0.725599 0.204568 0.212432 0.196754 0.208722 0.212321 0.184416 0.211039 0.199469 0.662366 0.725718 0.209067 0.205668 0.21667 0.731483 0.175177 0.198276 0.233754 0.209917 0.17786
0.206974 0.192867 0.70907 0.16817 0.216641 0.725599 0.204568 0.212432 0.196754 0.208722 0.212321 0.184416 0.211039 0.199469 0.662366 0.725718 0.209067 0.205668 0.21667 0.731483 0.175177 0.198276 0.233754 0.209917 0.17786
0.206974 0.192867 0.70907 0.16817 0.216641 0.7256 0.204568 0.212432 0.196754 0.208722 0.212321 0.184416 0.211039 0.199469 0.662366 0.725718 0.209067 0.205668 0.21667 0.731483 0.175177 0.198276 0.233754 0.209917 0.17786
0.206974 0.192867 0.70907 0.16817 0.216641 0.7256 0.204568 0.212431 0.196754 0.208722 0.212321 0.184416 0.211039 0.199469 0.662366 0.725718 0.209067 0.205668 0.21667 0.731483 0.175177 0.198276 0.233754 0.209917 0.17786
0.206974 0.192867 0.70907 0.16817 0.216641 0.7256 0.204568 0.212431 0.196754 0.208722 0.212321 0.184416 0.211039 0.199469 0.662366 0.725718 0.209067 0.205668 0.21667 0.731483 0.175177 0.198276 0.233754 0.209917 0.17786
0.206974 0.192867 0.70907 0.16817 0.216641 0.7256 0.204568 0.212431 0.196754 0.208722 0.212321 0.184416 0.211039 0.199469 0.662366 0.725718 0.209067 0.205668 0.21667 0.731483 0.175177 0.198276 0.233754 0.209917 0.17786
0.206974 0.192867 0.70907 0.16817 0.216641 0.7256 0.204568 0.212431 0.196754 0.208722 0.212321 0.184416 0.211039 0.199469 0.662366 0.725718 0.209067 0.205668 0.21667 0.731483 0.175177 0.198276 0.233754 0.209917 0.17786
0.206974 0.192867 0.709071 0.16817 0.216641 0.7256 0.204568 0.212431 0.196754 0.208722 0.212321 0.184416 0.211039 0.199469 0.662366 0.725718 0.209067 0.205668 0.21667 0.731483 0.175177 0.198276 0.233754 0.209917 0.17786
0.206974 0.192867 0.709071 0.16817 0.216641 0.7256 0.204568 0.212431 0.196754 0.208722 0.212321 0.184416 0.211039 0.199469 0.662366 0.725718 0.209067 0.205668 0.21667 0.731483 0.175177 0.198276 0.233754 0.209917 0.17786
0.206974 0.192867 0.709071 0.16817 0.216641 0.7256 0.204568 0.212431 0.196754 0.208722 0.212321 0.184416 0.211039 0.199469 0.662366 0.725719 0.209067 0.205668 0.21667 0.731483 0.175177 0.198276 0.233754 0.209917 0.17786
0.206974 0.192867 0.709071 0.16817 0.216641 0.7256 0.204568 0.212431 0.196754 0.208722 0.212321 0.184416 0.211039 0.199469 0.662366 0.725719 0.209067 0.205668 0.21667 0.731483 0.175177 0.198276 0.233754 0.209917 0.17786
0.206974 0.192867 0.709071 0.16817 0.216641 0.7256 0.204568 0.212431 0.196754 0.208722 0.212321 0.184416 0.211039 0.199469 0.662366 0.725719 0.209067 0.205668 0.21667 0.731483 0.175177 0.198276 0.233754 0.209917 0.17786
0.206974 0.192867 0.709071 0.16817 0.216641 0.7256 0.204568 0.212431 0.196754 0.208722 0.212321 0.184416 0.211039 0.199469 0.662366 0.725719 0.209067 0.205668 0.21667 0.731483 0.175177 0.198275 0.233754 0.209917 0.17786
0.206974 0.192867 0.709071 0.16817 0.216641 0.7256 0.204568 0.212431 0.196754 0.208722 0.212321 0.184416 0.211039 0.199469 0.662366 0.725719 0.209067 0.205668 0.21667 0.731483 0.175177 0.198275 0.233754 0.209917 0.17786
0.206974 0.192867 0.709071 0.16817 0.216641 0.7256 0.204568 0.212431 0.196754 0.208722 0.212321 0.184416 0.211039 0.199469 0.662366 0.725719 0.209067 0.205668 0.21667 0.731483 0.175177 0.198275 0.233754 0.209917 0.17786
0.206974 0.192867 0.709071 0.16817 0.216641 0.7256 0.204568 0.212431 0.196754 0.208722 0.212321 0.184416 0.211039 0.199469 0.662366 0.725719 0.209067 0.205668 0.21667 0.731483 0.175177 0.198275 0.233754 0.209917 0.17786
0.206974 0.192867 0.709071 0.16817 0.216641 0.7256 0.204568 0.212431 0.196754 0.208722 0.212321 0.184416 0.211039 0.199469 0.662366 0.725719 0.209067 0.205668 0.21667 0.731483 0.175177 0.198275 0.233754 0.209917 0.17786
0.206974 0.192867 0.709071 0.16817 0.216641 0.7256 0.204568 0.212431 0.196754 0.208722 0.212321 0.184416 0.211039 0.199469 0.662366 0.725719 0.209067 0.205668 0.21667 0.731483 0.175177 0.198275 0.233754 0.209917 0.17786
0.206974 0.192867 0.709071 0.16817 0.216641 0.7256 0.204568 0.212431 0.196754 0.208722 0.212321 0.184416 0.211039 0.199469 0.662366 0.725719 0.209067 0.205668 0.21667 0.731483 0.175177 0.198275 0.233754 0.209917 0.17786
0.206974 0.192867 0.709071 0.16817 0.216641 0.7256 0.204568 0.212431 0.196754 0.208722 0.212321 0.184416 0.211039 0.199469 0.662366 0.725719 0.209067 0.205668 0.21667 0.731483 0.175177 0.198275 0.233754 0.209917 0.17786
0.206974 0.192867 0.709071 0.16817 0.216641 0.7256 0.204568 0.212431 0.196754 0.208722 0.212321 0.184416 0.211039 0.199469 0.662366 0.725719 0.209067 0.205668 0.21667 0.731483 0.175177 0.198275 0.233754 0.209917 0.17786
0.206974 0.192867 0.709071 0.16817 0.216641 0.7256 0.204568 0.212431 0.196754 0.208722 0.212321 0.184416 0.211039 0.199469 0.662366 0.725719 0.209067 0.205668 0.21667 0.731483 0.175177 0.198275 0.233754 0.209917 0.17786
0.206974 0.192867 0.709071 0.16817 0.216641 0.7256 0.204568 0.212431 0.196754 0.208722 0.212321 0.184416 0.211039 0.199469 0.662366 0.725719 0.209067 0.205668 0.21667 0.731483 0.175177 0.198275 0.233754 0.209917 0.17786
0.206974 0.192867 0.709071 0.16817 0.216641 0.7256 0.204568 0.212431 0.196754 0.208722 0.212321 0.184416 0.211039 0.199469 0.662366 0.725719 0.209067 0.205668 0.21667 0.731483 0.175177 0.198275 0.233754 0.209917 0.17786
0.206974 0.192867 0.709071 0.16817 0.216641 0.7256 0.204568 0.212431 0.196754 0.208722 0.212321 0.184416 0.211039 0.199469 0.662366 0.725719 0.209067 0.205668 0.21667 0.731483 0.175177 0.198275 0.233754 0.209917 0.17786
0.206974 0.192867 0.709071 0.16817 0.216641 0.7256 0.204568 0.212431 0.196754 0.208722 0.212321 0.184416 0.211039 0.199469 0.662366 0.725719 0.209067 0.205668 0.21667 0.731483 0.175177 0.198275 0.233754 0.209917 0.17786
0.206974 0.192867 0.709071 0.16817 0.216641 0.7256 0.204568 0.212431 0.196754 0.208722 0.212321 0.184416 0.211039 0.199469 0.662366 0.725719 0.209067 0.205668 0.21667 0.731483 0.175177 0.198275 0.233754 0.209917 0.17786
0.206974 0.192867 0.709071 0.16817 0.216641 0.7256 0.204568 0.212431 0.196754 0.208722 0.212321 0.184416 0.211039 0.199469 0.662366 0.725719 0.209067 0.205668 0.21667 0.731483 0.175177 0.198275 0.233754 0.209917 0.17786
0.206974 0.192867 0.709071 0.16817 0.216641 0.7256 0.204568 0.212431 0.196754 0.208722 0.212321 0.184416 0.211039 0.199469 0.662366 0.725719 0.209067 0.205668 0.21667 0.731483 0.175177 0.198275 0.233754 0.209917 0.17786
0.206974 0.192867 0.709071 0.16817 0.216641 0.7256 0.204568 0.212431 0.196754 0.208722 0.212321 0.184416 0.211039 0.199469 0.662366 0.725719 0.209067 0.205668 0.21667 0.731483 0.175177 0.198275 0.233754 0.209917 0.17786
0.206974 0.192867 0.709071 0.16817 0.216641 0.7256 0.204568 0.212431 0.196754 0.208722 0.212321 0.184416 0.211039 0.199469 0.662366 0.725719 0.209067 0.205668 0.21667 0.731483 0.175177 0.198275 0.233754 0.209917 0.17786
0.206974 0.192867 0.709071 0.16817 0.216641 0.7256 0.204568 0.212431 0.196754 0.208722 0.212321 0.184416 0.211039 0.199469 0.662366 0.725719 0.209067 0.205668 0.21667 0.731483 0.175177 0.198275 0.233754 0.209917 0.17786
0.206974 0.192867 0.709071 0.16817 0.216641 0.7256 0.204568 0.212431 0.196754 0.208722 0.212321 0.184416 0.211039 0.199469 0.662366 0.725719 0.209067 0.205668 0.21667 0.731483 0.175177 0.198275 0.233754 0.209917 0.17786
0.206974 0.192867 0.709071 0.16817 0.216641 0.7256 0.204568 0.212431 0.196754 0.208722 0.212321 0.184416 0.211039 0.199469 0.662366 0.725719 0.209067 0.205668 0.21667 0.731483 0.175177 0.198275 0.233754 0.209917 0.17786
0.206974 0.192867 0.709071 0.16817 0.216641 0.7256 0.204568 0.212431 0.196754 0.208722 0.212321 0.184416 0.211039 0.199469 0.662366 0.725719 0.209067 0.205668 0.21667 0.731483 0.175177 0.198275 0.233754 0.209917 0.17786
0.206974 0.192867 0.709071 0.16817 0.216641 0.7256 0.204568 0.212431 0.196754 0.208722 0.212321 0.184416 0.211039 0.199469 0.662366 0.725719 0.209067 0.205668 0.21667 0.731483 0.175177 0.198275 0.233754 0.209917 0.17786
0.206974 0.192867 0.709071 0.16817 0.216641 0.7256 0.204568 0.212431 0.196754 0.208722 0.212321 0.184416 0.211039 0.199469 0.662366 0.725719 0.209067 0.205668 0.21667 0.731483 0.175177 0.198275 0.233754 0.209917 0.17786
0.206974 0.192867 0.709071 0.16817 0.216641 0.7256 0.204568 0.212431 0.196754 0.208722 0.212321 0.184416 0.211039 0.199469 0.662366 0.725719 0.209067 0.205668 0.21667 0.731483 0.175177 0.198275 0.233754 0.209917 0.17786
0.206974 0.192867 0.709071 0.16817 0.216641 0.7256 0.204568 0.212431 0.196754 0.208722 0.212321 0.184416 0.211039 0.199469 0.662366 0.725719 0.209067 0.205668 0.21667 0.731483 0.175177 0.198275 0.233754 0.209917 0.17786
0.206974 0.192867 0.709071 0.16817 0.216641 0.7256 0.204568 0.212431 0.196754 0.208722 0.212321 0.184416 0.211039 0.199469 0.662366 0.725719 0.209067 0.205668 0.21667 0.731483 0.175177 0.198275 0.233754 0.209917 0.17786
0.206974 0.192867 0.709071 0.16817 0.216641 0.7256 0.204568 0.212431 0.196754 0.208722 0.212321 0.184416 0.211039 0.199469 0.662366 0.725719 0.209067 0.205668 0.21667 0.731483 0.175177 0.198275 0.233754 0.209917 0.17786
0.206974 0.192867 0.709071 0.16817 0.216641 0.7256 0.204568 0.212431 0.196754 0.208722 0.212321 0.184416 0.211039 0.199469 0.662366 0.725719 0.209067 0.205668 0.21667 0.731483 0.175177 0.198275 0.233754 0.209917 0.17786
0.206974 0.192867 0.709071 0.16817 0.216641 0.7256 0.204568 0.212431 0.196754 0.208722 0.212321 0.184416 0.211039 0.199469 0.662366 0.725719 0.209067 0.205668 0.21667 0.731483 0.175177 0.198275 0.233754 0.209917 0.17786
0.206974 0.192867 0.709071 0.16817 0.216641 0.7256 0.204568 0.212431 0.196754 0.208722 0.212321 0.184416 0.211039 0.199469 0.662366 0.725719 0.209067 0.205668 0.21667 0.731483 0.175177 0.198275 0.233754 0.209917 0.17786
0.206974 0.192867 0.709071 0.16817 0.216641 0.7256 0.204568 0.212431 0.196754 0.208722 0.212321 0.184416 0.211039 0.199469 0.662366 0.725719 0.209067 0.205668 0.21667 0.731483 0.175177 0.198275 0.233754 0.209917 0.17786
0.206974 0.192867 0.709071 0.16817 0.216641 0.7256 0.204568 0.212431 0.196754 0.208722 0.212321 0.184416 0.211039 0.199469 0.662366 0.725719 0.209067 0.205668 0.21667 0.731483 0.175177 0.198275 0.233754 0.209917 0.17786
0.206974 0.192867 0.709071 0.16817 0.216641 0.7256 0.204568 0.212431 0.196754 0.208722 0.212321 0.184416 0.211039 0.199469 0.662366 0.725719 0.209067 0.205668 0.21667 0.731483 0.175177 0.198275 0.233754 0.209917 0.17786
0.206974 0.192867 0.709071 0.16817 0.216641 0.7256 0.204568 0.212431 0.196754 0.208722 0.212321 0.184416 0.211039 0.199469 0.662366 0.725719 0.209067 0.205668 0.21667 0.731483 0.175177 0.198275 0.233754 0.209917 0.17786
0.206974 0.192867 0.709071 0.16817 0.216641 0.7256 0.204568 0.212431 0.196754 0.208722 0.212321 0.184416 0.211039 0.199469 0.662366 0.725719 0.209067 0.205668 0.21667 0.731483 0.175177 0.198275 0.233754 0.209917 0.17786
0.206974 0.192867 0.709071 0.16817 0.216641 0.7256 0.204568 0.212431 0.196754 0.208722 0.212321 0.184416 0.211039 0.199469 0.662366 0.725719 0.209067 0.205668 0.21667 0.731483 0.175177 0.198275 0.233754 0.209917 0.17786
0.206974 0.192867 0.709071 0.16817 0.216641 0.7256 0.204568 0.212431 0.196754 0.208722 0.212321 0.184416 0.211039 0.199469 0.662366 0.725719 0.209067 0.205668 0.21667 0.731483 0.175177 0.198275 0.233754 0.209917 0.17786
0.206974 0.192867 0.709071 0.16817 0.216641 0.7256 0.204568 0.212431 0.196754 0.208722 0.212321 0.184416 0.211039 0.199469 0.662366 0.725719 0.209067 0.205668 0.21667 0.731483 0.175177 0.198275 0.233754 0.209917 0.17786
0.206974 0.192867 0.709071 0.16817 0.216641 0.7256 0.204568 0.212431 0.196754 0.208722 0.212321 0.184416 0.211039 0.199469 0.662366 0.725719 0.209067 0.205668 0.21667 0.731483 0.175177 0.198275 0.233754 0.209917 0.17786
0.206974 0.192867 0.709071 0.16817 0.216641 0.7256 0.204568 0.212431 0.196754 0.208722 0.212321 0.184416 0.211039 0.199469 0.662366 0.725719 0.209067 0.205668 0.21667 0.731483 0.175177 0.198275 0.233754 0.209917 0.17786
0.206974 0.192867 0.709071 0.16817 0.216641 0.7256 0.204568 0.212431 0.196754 0.208722 0.212321 0.184416 0.211039 0.199469 0.662366 0.725719 0.209067 0.205668 0.21667 0.731483 0.175177 0.198275 0.233754 0.209917 0.17786
0.206974 0.192867 0.709071 0.16817 0.216641 0.7256 0.204568 0.212431 0.196754 0.208722 0.212321 0.184416 0.211039 0.199469 0.662366 0.725719 0.209067 0.205668 0.21667 0.731483 0.175177 0.198275 0.233754 0.209917 0.17786
0.206974 0.192867 0.709071 0.16817 0.216641 0.7256 0.204568 0.212431 0.196754 0.208722 0.212321 0.184416 0.211039 0.199469 0.662366 0.725719 0.209067 0.205668 0.21667 0.731483 0.175177 0.198275 0.233754 0.209917 0.17786
0.206974 0.192867 0.709071 0.16817 0.216641 0.7256 0.204568 0.212431 0.196754 0.208722 0.212321 0.184416 0.211039 0.199469 0.662366 0.725719 0.209067 0.205668 0.21667 0.731483 0.175177 0.198275 0.233754 0.209917 0.17786
0.206974 0.192867 0.709071 0.16817 0.216641 0.7256 0.204568 0.212431 0.196754 0.208722 0.212321 0.184416 0.211039 0.199469 0.662366 0.725719 0.209067 0.205668 0.21667 0.731483 0.175177 0.198275 0.233754 0.209917 0.17786
0.206974 0.192867 0.709071 0.16817 0.216641 0.7256 0.204568 0.212431 0.196754 0.208722 0.212321 0.184416 0.211039 0.199469 0.662366 0.725719 0.209067 0.205668 0.21667 0.731483 0.175177 0.198275 0.233754 0.209917 0.17786
0.206974 0.192867 0.709071 0.16817 0.216641 0.7256 0.204568 0.212431 0.196754 0.208722 0.212321 0.184416 0.211039 0.199469 0.662366 0.725719 0.209067 0.205668 0.21667 0.731483 0.175177 0.198275 0.233754 0.209917 0.17786
0.206974 0.192867 0.709071 0.16817 0.216641 0.7256 0.204568 0.212431 0.196754 0.208722 0.212321 0.184416 0.211039 0.199469 0.662366 0.725719 0.209067 0.205668 0.21667 0.731483 0.175177 0.198275 0.233754 0.209917 0.17786
0.206974 0.192867 0.709071 0.16817 0.216641 0.7256 0.204568 0.212431 0.196754 0.208722 0.212321 0.184416 0.211039 0.199469 0.662366 0.725719 0.209067 0.205668 0.21667 0.731483 0.175177 0.198275 0.233754 0.209917 0.17786
0.206974 0.192867 0.709071 0.16817 0.216641 0.7256 0.204568 0.212431 0.196754 0.208722 0.212321 0.184416 0.211039 0.199469 0.662366 0.725719 0.209067 0.205668 0.21667 0.731483 0.175177 0.198275 0.233754 0.209917 0.17786
0.206974 0.192867 0.709071 0.16817 0.216641 0.7256 0.204568 0.212431 0.196754 0.208722 0.212321 0.184416 0.211039 0.199469 0.662366 0.725719 0.209067 0.205668 0.21667 0.731483 0.175177 0.198275 0.233754 0.209917 0.17786
0.206974 0.192867 0.709071 0.16817 0.216641 0.7256 0.204568 0.212431 0.196754 0.208722 0.212321 0.184416 0.211039 0.199469 0.662366 0.725719 0.209067 0.205668 0.21667 0.731483 0.175177 0.198275 0.233754 0.209917 0.17786
0.206974 0.192867 0.709071 0.16817 0.216641 0.7256 0.204568 0.212431 0.196754 0.208722 0.212321 0.184416 0.211039 0.199469 0.662366 0.725719 0.209067 0.205668 0.21667 0.731483 0.175177 0.198275 0.233754 0.209917 0.17786
0.206974 0.192867 0.709071 0.16817 0.216641 0.7256 0.204568 0.212431 0.196754 0.208722 0.212321 0.184416 0.211039 0.199469 0.662366 0.725719 0.209067 0.205668 0.21667 0.731483 0.175177 0.198275 0.233754 0.209917 0.17786
0.206974 0.192867 0.709071 0.16817 0.216641 0.7256 0.204568 0.212431 0.196754 0.208722 0.212321 0.184416 0.211039 0.199469 0.662366 0.725719 0.209067 0.205668 0.21667 0.731483 0.175177 0.198275 0.233754 0.209917 0.17786
0.206974 0.192867 0.709071 0.16817 0.216641 0.7256 0.204568 0.212431 0.196754 0.208722 0.212321 0.184416 0.211039 0.199469 0.662366 0.725719 0.209067 0.205668 0.21667 0.731483 0.175177 0.198275 0.233754 0.209917 0.17786
0.206974 0.192867 0.709071 0.16817 0.216641 0.7256 0.204568 0.212431 0.196754 0.208722 0.212321 0.184416 0.211039 0.199469 0.662366 0.725719 0.209067 0.205668 0.21667 0.731483 0.175177 0.198275 0.233754 0.209917 0.17786
0.206974 0.192867 0.709071 0.16817 0.216641 0.7256 0.204568 0.212431 0.196754 0.208722 0.212321 0.184416 0.211039 0.199469 0.662366 0.725719 0.209067 0.205668 0.21667 0.731483 0.175177 0.198275 0.233754 0.209917 0.17786
0.206974 0.192867 0.709071 0.16817 0.216641 0.7256 0.204568 0.212431 0.196754 0.208722 0.212321 0.184416 0.211039 0.199469 0.662366 0.725719 0.209067 0.205668 0.21667 0.731483 0.175177 0.198275 0.233754 0.209917 0.17786
0.206974 0.192867 0.709071 0.16817 0.216641 0.7256 0.204568 0.212431 0.196754 0.208722 0.212321 0.184416 0.211039 0.199469 0.662366 0.725719 0.209067 0.205668 0.21667 0.731483 0.175177 0.198275 0.233754 0.209917 0.17786
0.206974 0.192867 0.709071 0.16817 0.216641 0.7256 0.204568 0.212431 0.196754 0.208722 0.212321 0.184416 0.211039 0.199469 0.662366 0.725719 0.209067 0.205668 0.21667 0.731483 0.175177 0.198275 0.233754 0.209917 0.17786
0.206974 0.192867 0.709071 0.16817 0.216641 0.7256 0.204568 0.212431 0.196754 0.208722 0.212321 0.184416 0.211039 0.199469 0.662366 0.725719 0.209067 0.205668 0.21667 0.731483 0.175177 0.198275 0.233754 0.209917 0.17786
0.206974 0.192867 0.709071 0.16817 0.216641 0.7256 0.204568 0.212431 0.196754 0.208722 0.212321 0.184416 0.211039 0.199469 0.662366 0.725719 0.209067 0.205668 0.21667 0.731483 0.175177 0.198275 0.233754 0.209917 0.17786
0.206974 0.192867 0.709071 0.16817 0.216641 0.7256 0.204568 0.212431 0.196754 0.208722 0.212321 0.184416 0.211039 0.199469 0.662366 0.725719 0.209067 0.205668 0.21667 0.731483 0.175177 0.198275 0.233754 0.209917 0.17786
0.206974 0.192867 0.709071 0.16817 0.216641 0.7256 0.204568 0.212431 0.196754 0.208722 0.212321 0.184416 0.211039 0.199469 0.662366 0.725719 0.209067 0.205668 0.21667 0.731483 0.175177 0.198275 0.233754 0.209917 0.17786
0.206974 0.192867 0.709071 0.16817 0.216641 0.7256 0.204568 0.212431 0.196754 0.208722 0.212321 0.184416 0.211039 0.199469 0.662366 0.725719 0.209067 0.205668 0.21667 0.731483 0.175177 0.198275 0.233754 0.209917 0.17786
0.206974 0.192867 0.709071 0.16817 0.216641 0.7256 0.204568 0.212431 0.196754 0.208722 0.212321 0.184416 0.211039 0.199469 0.662366 0.725719 0.209067 0.205668 0.21667 0.731483 0.175177 0.198275 0.233754 0.209917 0.17786
0.206974 0.192867 0.709071 0.16817 0.216641 0.7256 0.204568 0.212431 0.196754 0.208722 0.212321 0.184416 0.211039 0.199469 0.662366 0.725719 0.209067 0.205668 0.21667 0.731483 0.175177 0.198275 0.233754 0.209917 0.17786
0.206974 0.192867 0.709071 0.16817 0.216641 0.7256 0.204568 0.212431 0.196754 0.208722 0.212321 0.184416 0.211039 0.199469 0.662366 0.725719 0.209067 0.205668 0.21667 0.731483 0.175177 0.198275 0.233754 0.209917 0.17786
0.206974 0.192867 0.709071 0.16817 0.216641 0.7256 0.204568 0.212431 0.196754 0.208722 0.212321 0.184416 0.211039 0.199469 0.662366 0.725719 0.209067 0.205668 0.21667 0.731483 0.175177 0.198275 0.233754 0.209917 0.17786
0.206974 0.192867 0.709071 0.16817 0.216641 0.7256 0.204568 0.212431 0.196754 0.208722 0.212321 0.184416 0.211039 0.199469 0.662366 0.725719 0.209067 0.205668 0.21667 0.731483 0.175177 0.198275 0.233754 0.209917 0.17786
0.206974 0.192867 0.709071 0.16817 0.216641 0.7256 0.204568 0.212431 0.196754 0.208722 0.212321 0.184416 0.211039 0.199469 0.662366 0.725719 0.209067 0.205668 0.21667 0.731483 0.175177 0.198275 0.233754 0.209917 0.17786
0.206974 0.192867 0.709071 0.16817 0.216641 0.7256 0.204568 0.212431 0.196754 0.208722 0.212321 0.184416 0.211039 0.199469 0.662366 0.725719 0.209067 0.205668 0.21667 0.731483 0.175177 0.198275 0.233754 0.209917 0.17786
0.206974 0.192867 0.709071 0.16817 0.216641 0.7256 0.204568 0.212431 0.196754 0.208722 0.212321 0.184416 0.211039 0.199469 0.662366 0.725719 0.209067 0.205668 0.21667 0.731483 0.175177 0.198275 0.233754 0.209917 0.17786
0.206974 0.192867 0.709071 0.16817 0.216641 0.7256 0.204568 0.212431 0.196754 0.208722 0.212321 0.184416 0.211039 0.199469 0.662366 0.725719 0.209067 0.205668 0.21667 0.731483 0.175177 0.198275 0.233754 0.209917 0.17786
0.206974 0.192867 0.709071 0.16817 0.216641 0.7256 0.204568 0.212431 0.196754 0.208722 0.212321 0.184416 0.211039 0.199469 0.662366 0.725719 0.209067 0.205668 0.21667 0.731483 0.175177 0.198275 0.233754 0.209917 0.17786
0.206974 0.192867 0.709071 0.16817 0.216641 0.7256 0.204568 0.212431 0.196754 0.208722 0.212321 0.184416 0.211039 0.199469 0.662366 0.725719 0.209067 0.205668 0.21667 0.731483 0.175177 0.198275 0.233754 0.209917 0.17786
0.206974 0.192867 0.709071 0.16817 0.216641 0.7256 0.204568 0.212431 0.196754 0.208722 0.212321 0.184416 0.211039 0.199469 0.662366 0.725719 0.209067 0.205668 0.21667 0.731483 0.175177 0.198275 0.233754 0.209917 0.17786
0.206974 0.192867 0.709071 0.16817 0.216641 0.7256 0.204568 0.212431 0.196754 0.208722 0.212321 0.184416 0.211039 0.199469 0.662366 0.725719 0.209067 0.205668 0.21667 0.731483 0.175177 0.198275 0.233754 0.209917 0.17786
0.206974 0.192867 0.709071 0.16817 0.216641 0.7256 0.204568 0.212431 0.196754 0.208722 0.212321 0.184416 0.211039 0.199469 0.662366 0.725719 0.209067 0.205668 0.21667 0.731483 0.175177 0.198275 0.233754 0.209917 0.17786
0.206974 0.192867 0.709071 0.16817 0.216641 0.7256 0.204568 0.212431 0.196754 0.208722 0.212321 0.184416 0.211039 0.199469 0.662366 0.725719 0.209067 0.205668 0.21667 0.731483 0.175177 0.198275 0.233754 0.209917 0.17786
0.206974 0.192867 0.709071 0.16817 0.216641 0.7256 0.204568 0.212431 0.196754 0.208722 0.212321 0.184416 0.211039 0.199469 0.662366 0.725719 0.209067 0.205668 0.21667 0.731483 0.175177 0.198275 0.233754 0.209917 0.17786
0.206974 0.192867 0.709071 0.16817 0.216641 0.7256 0.204568 0.212431 0.196754 0.208722 0.212321 0.184416 0.211039 0.199469 0.662366 0.725719 0.209067 0.205668 0.21667 0.731483 0.175177 0.198275 0.233754 0.209917 0.17786
0.206974 0.192867 0.709071 0.16817 0.216641 0.7256 0.204568 0.212431 0.196754 0.208722 0.212321 0.184416 0.211039 0.199469 0.662366 0.725719 0.209067 0.205668 0.21667 0.731483 0.175177 0.198275 0.233754 0.209917 0.17786
0.206974 0.192867 0.709071 0.16817 0.216641 0.7256 0.204568 0.212431 0.196754 0.208722 0.212321 0.184416 0.211039 0.199469 0.662366 0.725719 0.209067 0.205668 0.21667 0.731483 0.175177 0.198275 0.233754 0.209917 0.17786
0.206974 0.192867 0.709071 0.16817 0.216641 0.7256 0.204568 0.212431 0.196754 0.208722 0.212321 0.184416 0.211039 0.199469 0.662366 0.725719 0.209067 0.205668 0.21667 0.731483 0.175177 0.198275 0.233754 0.209917 0.17786
0.206974 0.192867 0.709071 0.16817 0.216641 0.7256 0.204568 0.212431 0.196754 0.208722 0.212321 0.184416 0.211039 0.199469 0.662366 0.725719 0.209067 0.205668 0.21667 0.731483 0.175177 0.198275 0.233754 0.209917 0.17786
0.206974 0.192867 0.709071 0.16817 0.216641 0.7256 0.204568 0.212431 0.196754 0.208722 0.212321 0.184416 0.211039 0.199469 0.662366 0.725719 0.209067 0.205668 0.21667 0.731483 0.175177 0.198275 0.233754 0.209917 0.17786
0.206974 0.192867 0.709071 0.16817 0.216641 0.7256 0.204568 0.212431 0.196754 0.208722 0.212321 0.184416 0.211039 0.199469 0.662366 0.725719 0.209067 0.205668 0.21667 0.731483 0.175177 0.198275 0.233754 0.209917 0.17786
0.206974 0.192867 0.709071 0.16817 0.216641 0.7256 0.204568 0.212431 0.196754 0.208722 0.212321 0.184416 0.211039 0.199469 0.662366 0.725719 0.209067 0.205668 0.21667 0.731483 0.175177 0.198275 0.233754 0.209917 0.17786
0.206974 0.192867 0.709071 0.16817 0.216641 0.7256 0.204568 0.212431 0.196754 0.208722 0.212321 0.184416 0.211039 0.199469 0.662366 0.725719 0.209067 0.205668 0.21667 0.731483 0.175177 0.198275 0.233754 0.209917 0.17786
0.206974 0.192867 0.709071 0.16817 0.216641 0.7256 0.204568 0.212431 0.196754 0.208722 0.212321 0.184416 0.211039 0.199469 0.662366 0.725719 0.209067 0.205668 0.21667 0.731483 0.175177 0.198275 0.233754 0.209917 0.17786
0.206974 0.192867 0.709071 0.16817 0.216641 0.7256 0.204568 0.212431 0.196754 0.208722 0.212321 0.184416 0.211039 0.199469 0.662366 0.725719 0.209067 0.205668 0.21667 0.731483 0.175177 0.198275 0.233754 0.209917 0.17786
0.206974 0.192867 0.709071 0.16817 0.216641 0.7256 0.204568 0.212431 0.196754 0.208722 0.212321 0.184416 0.211039 0.199469 0.662366 0.725719 0.209067 0.205668 0.21667 0.731483 0.175177 0.198275 0.233754 0.209917 0.17786
0.206974 0.192867 0.709071 0.16817 0.216641 0.7256 0.204568 0.212431 0.196754 0.208722 0.212321 0.184416 0.211039 0.199469 0.662366 0.725719 0.209067 0.205668 0.21667 0.731483 0.175177 0.198275 0.233754 0.209917 0.17786
0.206974 0.192867 0.709071 0.16817 0.216641 0.7256 0.204568 0.212431 0.196754 0.208722 0.212321 0.184416 0.211039 0.199469 0.662366 0.725719 0.209067 0.205668 0.21667 0.731483 0.175177 0.198275 0.233754 0.209917 0.17786
0.206974 0.192867 0.709071 0.16817 0.216641 0.7256 0.204568 0.212431 0.196754 0.208722 0.212321 0.184416 0.211039 0.199469 0.662366 0.725719 0.209067 0.205668 0.21667 0.731483 0.175177 0.198275 0.233754 0.209917 0.17786
0.206974 0.192867 0.709071 0.16817 0.216641 0.7256 0.204568 0.212431 0.196754 0.208722 0.212321 0.184416 0.211039 0.199469 0.662366 0.725719 0.209067 0.205668 0.21667 0.731483 0.175177 0.198275 0.233754 0.209917 0.17786
0.206974 0.192867 0.709071 0.16817 0.216641 0.7256 0.204568 0.212431 0.196754 0.208722 0.212321 0.184416 0.211039 0.199469 0.662366 0.725719 0.209067 0.205668 0.21667 0.731483 0.175177 0.198275 0.233754 0.209917 0.17786
0.206974 0.192867 0.709071 0.16817 0.216641 0.7256 0.204568 0.212431 0.196754 0.208722 0.212321 0.184416 0.211039 0.199469 0.662366 0.725719 0.209067 0.205668 0.21667 0.731483 0.175177 0.198275 0.233754 0.209917 0.17786
0.206974 0.192867 0.709071 0.16817 0.216641 0.7256 0.204568 0.212431 0.196754 0.208722 0.212321 0.184416 0.211039 0.199469 0.662366 0.725719 0.209067 0.205668 0.21667 0.731483 0.175177 0.198275 0.233754 0.209917 0.17786
0.206974 0.192867 0.709071 0.16817 0.216641 0.7256 0.204568 0.212431 0.196754 0.208722 0.212321 0.184416 0.211039 0.199469 0.662366 0.725719 0.209067 0.205668 0.21667 0.731483 0.175177 0.198275 0.233754 0.209917 0.17786
0.206974 0.192867 0.709071 0.16817 0.216641 0.7256 0.204568 0.212431 0.196754 0.208722 0.212321 0.184416 0.211039 0.199469 0.662366 0.725719 0.209067 0.205668 0.21667 0.731483 0.175177 0.198275 0.233754 0.209917 0.17786
0.206974 0.192867 0.709071 0.16817 0.216641 0.7256 0.204568 0.212431 0.196754 0.208722 0.212321 0.184416 0.211039 0.199469 0.662366 0.725719 0.209067 0.205668 0.21667 0.731483 0.175177 0.198275 0.233754 0.209917 0.17786
0.206974 0.192867 0.709071 0.16817 0.216641 0.7256 0.204568 0.212431 0.196754 0.208722 0.212321 0.184416 0.211039 0.199469 0.662366 0.725719 0.209067 0.205668 0.21667 0.731483 0.175177 0.198275 0.233754 0.209917 0.17786
0.206974 0.192867 0.709071 0.16817 0.216641 0.7256 0.204568 0.212431 0.196754 0.208722 0.212321 0.184416 0.211039 0.199469 0.662366 0.725719 0.209067 0.205668 0.21667 0.731483 0.175177 0.198275 0.233754 0.209917 0.17786
0.206974 0.192867 0.709071 0.16817 0.216641 0.7256 0.204568 0.212431 0.196754 0.208722 0.212321 0.184416 0.211039 0.199469 0.662366 0.725719 0.209067 0.205668 0.21667 0.731483 0.175177 0.198275 0.233754 0.209917 0.17786
0.206974 0.192867 0.709071 0.16817 0.216641 0.7256 0.204568 0.212431 0.196754 0.208722 0.212321 0.184416 0.211039 0.199469 0.662366 0.725719 0.209067 0.205668 0.21667 0.731483 0.175177 0.198275 0.233754 0.209917 0.17786
0.206974 0.192867 0.709071 0.16817 0.216641 0.7256 0.204568 0.212431 0.196754 0.208722 0.212321 0.184416 0.211039 0.199469 0.662366 0.725719 0.209067 0.205668 0.21667 0.731483 0.175177 0.198275 0.233754 0.209917 0.17786
0.206974 0.192867 0.709071 0.16817 0.216641 0.7256 0.204568 0.212431 0.196754 0.208722 0.212321 0.184416 0.211039 0.199469 0.662366 0.725719 0.209067 0.205668 0.21667 0.731483 0.175177 0.198275 0.233754 0.209917 0.17786
0.206974 0.192867 0.709071 0.16817 0.216641 0.7256 0.204568 0.212431 0.196754 0.208722 0.212321 0.184416 0.211039 0.199469 0.662366 0.725719 0.209067 0.205668 0.21667 0.731483 0.175177 0.198275 0.233754 0.209917 0.17786
0.206974 0.192867 0.709071 0.16817 0.216641 0.7256 0.204568 0.212431 0.196754 0.208722 0.212321 0.184416 0.211039 0.199469 0.662366 0.725719 0.209067 0.205668 0.21667 0.731483 0.175177 0.198275 0.233754 0.209917 0.17786
0.206974 0.192867 0.709071 0.16817 0.216641 0.7256 0.204568 0.212431 0.196754 0.208722 0.212321 0.184416 0.211039 0.199469 0.662366 0.725719 0.209067 0.205668 0.21667 0.731483 0.175177 0.198275 0.233754 0.209917 0.17786
0.206974 0.192867 0.709071 0.16817 0.216641 0.7256 0.204568 0.212431 0.196754 0.208722 0.212321 0.184416 0.211039 0.199469 0.662366 0.725719 0.209067 0.205668 0.21667 0.731483 0.175177 0.198275 0.233754 0.209917 0.17786
0.206974 0.192867 0.709071 0.16817 0.216641 0.7256 0.204568 0.212431 0.196754 0.208722 0.212321 0.184416 0.211039 0.199469 0.662366 0.725719 0.209067 0.205668 0.21667 0.731483 0.175177 0.198275 0.233754 0.209917 0.17786
0.206974 0.192867 0.709071 0.16817 0.216641 0.7256 0.204568 0.212431 0.196754 0.208722 0.212321 0.184416 0.211039 0.199469 0.662366 0.725719 0.209067 0.205668 0.21667 0.731483 0.175177 0.198275 0.233754 0.209917 0.17786
0.206974 0.192867 0.709071 0.16817 0.216641 0.7256 0.204568 0.212431 0.196754 0.208722 0.212321 0.184416 0.211039 0.199469 0.662366 0.725719 0.209067 0.205668 0.21667 0.731483 0.175177 0.198275 0.233754 0.209917 0.17786
0.206974 0.192867 0.709071 0.16817 0.216641 0.7256 0.204568 0.212431 0.196754 0.208722 0.212321 0.184416 0.211039 0.199469 0.662366 0.725719 0.209067 0.205668 0.21667 0.731483 0.175177 0.198275 0.233754 0.209917 0.17786
0.206974 0.192867 0.709071 0.16817 0.216641 0.7256 0.204568 0.212431 0.196754 0.208722 0.212321 0.184416 0.211039 0.199469 0.662366 0.725719 0.209067 0.205668 0.21667 0.731483 0.175177 0.198275 0.233754 0.209917 0.17786
0.206974 0.192867 0.709071 0.16817 0.216641 0.7256 0.204568 0.212431 0.196754 0.208722 0.212321 0.184416 0.211039 0.199469 0.662366 0.725719 0.209067 0.205668 0.21667 0.731483 0.175177 0.198275 0.233754 0.209917 0.17786
0.206974 0.192867 0.709071 0.16817 0.216641 0.7256 0.204568 0.212431 0.196754 0.208722 0.212321 0.184416 0.211039 0.199469 0.662366 0.725719 0.209067 0.205668 0.21667 0.731483 0.175177 0.198275 0.233754 0.209917 0.17786
0.206974 0.192867 0.709071 0.16817 0.216641 0.7256 0.204568 0.212431 0.196754 0.208722 0.212321 0.184416 0.211039 0.199469 0.662366 0.725719 0.209067 0.205668 0.21667 0.731483 0.175177 0.198275 0.233754 0.209917 0.17786
0.206974 0.192867 0.709071 0.16817 0.216641 0.7256 0.204568 0.212431 0.196754 0.208722 0.212321 0.184416 0.211039 0.199469 0.662366 0.725719 0.209067 0.205668 0.21667 0.731483 0.175177 0.198275 0.233754 0.209917 0.17786
0.206974 0.192867 0.709071 0.16817 0.216641 0.7256 0.204568 0.212431 0.196754 0.208722 0.212321 0.184416 0.211039 0.199469 0.662366 0.725719 0.209067 0.205668 0.21667 0.731483 0.175177 0.198275 0.233754 0.209917 0.17786
0.206974 0.192867 0.709071 0.16817 0.216641 0.7256 0.204568 0.212431 0.196754 0.208722 0.212321 0.184416 0.211039 0.199469 0.662366 0.725719 0.209067 0.205668 0.21667 0.731483 0.175177 0.198275 0.233754 0.209917 0.17786
0.206974 0.192867 0.709071 0.16817 0.216641 0.7256 0.204568 0.212431 0.196754 0.208722 0.212321 0.184416 0.211039 0.199469 0.662366 0.725719 0.209067 0.205668 0.21667 0.731483 0.175177 0.198275 0.233754 0.209917 0.17786
0.206974 0.192867 0.709071 0.16817 0.216641 0.7256 0.204568 0.212431 0.196754 0.208722 0.212321 0.184416 0.211039 0.199469 0.662366 0.725719 0.209067 0.205668 0.21667 0.731483 0.175177 0.198275 0.233754 0.209917 0.17786
0.206974 0.192867 0.709071 0.16817 0.216641 0.7256 0.204568 0.212431 0.196754 0.208722 0.212321 0.184416 0.211039 0.199469 0.662366 0.725719 0.209067 0.205668 0.21667 0.731483 0.175177 0.198275 0.233754 0.209917 0.17786
0.206974 0.192867 0.709071 0.16817 0.216641 0.7256 0.204568 0.212431 0.196754 0.208722 0.212321 0.184416 0.211039 0.199469 0.662366 0.725719 0.209067 0.205668 0.21667 0.731483 0.175177 0.198275 0.233754 0.209917 0.17786
0.206974 0.192867 0.709071 0.16817 0.216641 0.7256 0.204568 0.212431 0.196754 0.208722 0.212321 0.184416 0.211039 0.199469 0.662366 0.725719 0.209067 0.205668 0.21667 0.731483 0.175177 0.198275 0.233754 0.209917 0.17786
0.206974 0.192867 0.709071 0.16817 0.216641 0.7256 0.204568 0.212431 0.196754 0.208722 0.212321 0.184416 0.211039 0.199469 0.662366 0.725719 0.209067 0.205668 0.21667 0.731483 0.175177 0.198275 0.233754 0.209917 0.17786
0.206974 0.192867 0.709071 0.16817 0.216641 0.7256 0.204568 0.212431 0.196754 0.208722 0.212321 0.184416 0.211039 0.199469 0.662366 0.725719 0.209067 0.205668 0.21667 0.731483 0.175177 0.198275 0.233754 0.209917 0.17786
0.206974 0.192867 0.709071 0.16817 0.216641 0.7256 0.204568 0.212431 0.196754 0.208722 0.212321 0.184416 0.211039 0.199469 0.662366 0.725719 0.209067 0.205668 0.21667 0.731483 0.175177 0.198275 0.233754 0.209917 0.17786
0.206974 0.192867 0.709071 0.16817 0.216641 0.7256 0.204568 0.212431 0.196754 0.208722 0.212321 0.184416 0.211039 0.199469 0.662366 0.725719 0.209067 0.205668 0.21667 0.731483 0.175177 0.198275 0.233754 0.209917 0.17786
0.206974 0.192867 0.709071 0.16817 0.216641 0.7256 0.204568 0.212431 0.196754 0.208722 0.212321 0.184416 0.211039 0.199469 0.662366 0.725719 0.209067 0.205668 0.21667 0.731483 0.175177 0.198275 0.233754 0.209917 0.17786
0.206974 0.192867 0.709071 0.16817 0.216641 0.7256 0.204568 0.212431 0.196754 0.208722 0.212321 0.184416 0.211039 0.199469 0.662366 0.725719 0.209067 0.205668 0.21667 0.731483 0.175177 0.198275 0.233754 0.209917 0.17786
0.206974 0.192867 0.709071 0.16817 0.216641 0.7256 0.204568 0.212431 0.196754 0.208722 0.212321 0.184416 0.211039 0.199469 0.662366 0.725719 0.209067 0.205668 0.21667 0.731483 0.175177 0.198275 0.233754 0.209917 0.17786
0.206974 0.192867 0.709071 0.16817 0.216641 0.7256 0.204568 0.212431 0.196754 0.208722 0.212321 0.184416 0.211039 0.199469 0.662366 0.725719 0.209067 0.205668 0.21667 0.731483 0.175177 0.198275 0.233754 0.209917 0.17786
0.206974 0.192867 0.709071 0.16817 0.216641 0.7256 0.204568 0.212431 0.196754 0.208722 0.212321 0.184416 0.211039 0.199469 0.662366 0.725719 0.209067 0.205668 0.21667 0.731483 0.175177 0.198275 0.233754 0.209917 0.17786
0.206974 0.192867 0.709071 0.16817 0.216641 0.7256 0.204568 0.212431 0.196754 0.208722 0.212321 0.184416 0.211039 0.199469 0.662366 0.725719 0.209067 0.205668 0.21667 0.731483 0.175177 0.198275 0.233754 0.209917 0.17786
0.206974 0.192867 0.709071 0.16817 0.216641 0.7256 0.204568 0.212431 0.196754 0.208722 0.212321 0.184416 0.211039 0.199469 0.662366 0.725719 0.209067 0.205668 0.21667 0.731483 0.175177 0.198275 0.233754 0.209917 0.17786
0.206974 0.192867 0.709071 0.16817 0.216641 0.7256 0.204568 0.212431 0.196754 0.208722 0.212321 0.184416 0.211039 0.199469 0.662366 0.725719 0.209067 0.205668 0.21667 0.731483 0.175177 0.198275 0.233754 0.209917 0.17786
