0.00339979 0.00359106 0.00372721 0.00257249 0.00832065 0.00259595 0.00340243 0.00290673 0.00361889 0.00160498 0.00840738 0.00259112 0.0083615 0.00292577 0.00158692 0.0083054 0.00829098 0.00342411 0.00533375 0.00356281 0.00359669 0.00676203 0.00336787 0.00832136 0.00369801
0.18793 0.189445 0.190385 0.176699 0.221853 0.178366 0.18808 0.181036 0.190461 0.16058 0.224408 0.178023 0.223196 0.182256 0.158938 0.22145 0.225639 0.189305 0.204304 0.187858 0.189268 0.215104 0.185879 0.221872 0.188862
0.0746865 0.0767279 0.0727603 0.0688978 0.0915038 0.069847 0.0747752 0.0689149 0.0760653 0.0563151 0.0942978 0.0696513 0.0935018 0.069544 0.0530443 0.0912438 0.109663 0.0755057 0.085042 0.0754252 0.0753496 0.0954962 0.0734528 0.0915159 0.0719084
0.184033 0.18778 0.181654 0.177353 0.201385 0.179455 0.184221 0.175609 0.185731 0.160979 0.204887 0.179022 0.203387 0.177002 0.153631 0.200889 0.226447 0.18577 0.195654 0.18466 0.184223 0.20987 0.17994 0.201408 0.179822
0.0776884 0.0808807 0.078475 0.071783 0.100245 0.0728667 0.0777901 0.0721001 0.0796202 0.05973 0.102075 0.0726431 0.101124 0.0727905 0.056291 0.0999322 0.11409 0.0786296 0.0900089 0.0790314 0.078793 0.102003 0.0751527 0.10026 0.0774842
0.179374 0.183436 0.175946 0.172563 0.195322 0.174704 0.179567 0.170508 0.180869 0.156175 0.198885 0.174263 0.197334 0.171896 0.1483 0.19481 0.222412 0.181156 0.190279 0.180351 0.179322 0.20517 0.174602 0.195346 0.17409
0.0810912 0.0845505 0.0821296 0.0752499 0.104354 0.0763965 0.0811987 0.0754583 0.0831829 0.0629565 0.106116 0.0761599 0.105111 0.0761811 0.0592735 0.104022 0.118438 0.0820858 0.0937889 0.0825825 0.0823077 0.106253 0.0783356 0.104369 0.081085
0.175219 0.17937 0.171788 0.168425 0.191325 0.170548 0.17541 0.166348 0.176715 0.152063 0.194825 0.17011 0.193274 0.167714 0.144161 0.190814 0.218474 0.176989 0.186164 0.176345 0.175177 0.201224 0.17036 0.191349 0.16995
0.0840919 0.0876616 0.0850761 0.0782127 0.10743 0.0794012 0.0842031 0.0783381 0.0862198 0.0656778 0.109229 0.0791559 0.108195 0.0790854 0.0618109 0.107089 0.122025 0.0851212 0.0969029 0.0856384 0.0853142 0.10962 0.0812135 0.107446 0.0839972
0.171722 0.175917 0.168408 0.164953 0.188114 0.167051 0.171911 0.162903 0.173247 0.148618 0.191558 0.166619 0.190018 0.164249 0.14078 0.187606 0.215091 0.173474 0.182782 0.172924 0.171724 0.197898 0.166872 0.188137 0.166591
0.0866752 0.0903166 0.0875748 0.0807501 0.109991 0.0819719 0.0867894 0.0808041 0.0888145 0.0680085 0.111835 0.0817197 0.11078 0.0815719 0.0639942 0.109643 0.125054 0.0877318 0.0995456 0.0882493 0.0878854 0.112444 0.0837051 0.110007 0.0864687
0.168747 0.172969 0.165554 0.161999 0.185406 0.164073 0.168935 0.159982 0.170299 0.145692 0.188804 0.163645 0.187275 0.161311 0.13793 0.184902 0.212187 0.170481 0.179915 0.169998 0.168792 0.195056 0.163922 0.185429 0.163757
0.0889228 0.0926199 0.0897397 0.0829565 0.112193 0.0842066 0.0890395 0.0829477 0.0910668 0.0700393 0.114079 0.0839486 0.113006 0.083733 0.0659005 0.111839 0.127665 0.0900024 0.101832 0.0905144 0.0901178 0.114877 0.0858766 0.112209 0.0886106
0.166175 0.170417 0.163093 0.159443 0.183073 0.161496 0.166361 0.157461 0.167752 0.143165 0.18643 0.161073 0.184912 0.158774 0.135478 0.182572 0.209662 0.167893 0.177439 0.167463 0.166259 0.192592 0.161377 0.183096 0.161314
0.0909038 0.094647 0.0916435 0.084902 0.114119 0.0861767 0.0910226 0.0848371 0.0930497 0.071834 0.116044 0.0859136 0.114956 0.0856378 0.0675864 0.11376 0.129953 0.0920034 0.103841 0.0925081 0.0920835 0.117007 0.0877922 0.114136 0.0904945
0.16392 0.168176 0.160938 0.1572 0.181031 0.159235 0.164104 0.155252 0.165518 0.140953 0.184351 0.158816 0.182843 0.156552 0.133335 0.180534 0.207438 0.165623 0.175268 0.165237 0.164037 0.190426 0.159146 0.181054 0.159175
0.0926698 0.0964523 0.0933379 0.0866373 0.115827 0.0879338 0.0927906 0.0865219 0.0948159 0.073438 0.117786 0.0876662 0.116685 0.0873362 0.0690941 0.115464 0.131981 0.0937871 0.105626 0.0942841 0.0938347 0.118898 0.0895009 0.115843 0.0921713
0.161918 0.166187 0.159029 0.155211 0.179222 0.157228 0.162101 0.153293 0.163536 0.138993 0.18251 0.156812 0.18101 0.154582 0.13144 0.178728 0.205457 0.163608 0.173342 0.163261 0.162066 0.188501 0.157169 0.179245 0.15728
0.0942595 0.0980757 0.094861 0.0882001 0.117356 0.089516 0.094382 0.0880389 0.0964047 0.0748851 0.119346 0.0892444 0.118234 0.0888653 0.0704548 0.116989 0.133798 0.0953925 0.107229 0.0958817 0.0954099 0.120592 0.0910397 0.117373 0.0936786
0.160124 0.164402 0.15732 0.153427 0.177603 0.15543 0.160306 0.15154 0.16176 0.137239 0.180861 0.155017 0.17937 0.152818 0.129746 0.177112 0.203676 0.161802 0.171615 0.161488 0.160301 0.186773 0.155398 0.177626 0.155583
0.095702 0.0995478 0.0962415 0.0896189 0.118738 0.0909524 0.095826 0.0894159 0.0978456 0.076201 0.120757 0.0906772 0.119634 0.0902533 0.0716926 0.118368 0.135441 0.0968492 0.10868 0.0973307 0.0968387 0.122124 0.0924367 0.118755 0.0950449
0.158503 0.162789 0.155777 0.151816 0.176142 0.153804 0.158684 0.149957 0.160156 0.135657 0.179372 0.153395 0.177888 0.151225 0.128219 0.175653 0.202061 0.160171 0.170055 0.159886 0.158705 0.185209 0.153799 0.176165 0.154052
0.0970202 0.100892 0.0975016 0.090916 0.119997 0.0922654 0.0971456 0.0906745 0.0991617 0.0774056 0.122042 0.0919869 0.12091 0.0915219 0.0728261 0.119624 0.136937 0.0981802 0.110004 0.0986542 0.0981437 0.123519 0.0937138 0.120014 0.0962922
0.157028 0.16132 0.154374 0.15035 0.174813 0.152325 0.157207 0.148518 0.158695 0.134218 0.178018 0.151918 0.176541 0.149776 0.126833 0.174326 0.200588 0.158685 0.168635 0.158428 0.157254 0.183784 0.152344 0.174835 0.15266
0.098232 0.102127 0.0986591 0.0921088 0.12115 0.0934728 0.0983586 0.0918319 0.100371 0.078515 0.123219 0.0931913 0.122078 0.0926885 0.0738702 0.120774 0.138307 0.0994038 0.111219 0.0998705 0.099343 0.124798 0.0948882 0.121168 0.0974379
0.155677 0.159974 0.15309 0.149007 0.173597 0.15097 0.155855 0.147201 0.157358 0.132902 0.176778 0.150565 0.175308 0.148451 0.125566 0.173112 0.199236 0.157325 0.167335 0.157091 0.155924 0.182478 0.151013 0.173619 0.151385
0.0993518 0.103268 0.0997279 0.0932115 0.122213 0.0945888 0.0994796 0.0929018 0.101488 0.0795417 0.124304 0.0943046 0.123156 0.0937668 0.0748369 0.121834 0.13957 0.100534 0.11234 0.100994 0.100451 0.125977 0.0959738 0.12223 0.0984959
0.154433 0.158734 0.151909 0.147771 0.172478 0.149723 0.154611 0.145989 0.156127 0.131692 0.175638 0.14932 0.174173 0.147231 0.124401 0.171994 0.197988 0.156073 0.166137 0.155861 0.154701 0.181273 0.149787 0.1725 0.150213
0.100391 0.104326 0.100719 0.0942356 0.123197 0.0956252 0.10052 0.0938952 0.102525 0.0804962 0.125309 0.0953384 0.124153 0.094768 0.0757357 0.122816 0.140739 0.101584 0.113379 0.102037 0.101479 0.127069 0.096982 0.123215 0.0994775
0.153283 0.157586 0.150816 0.146627 0.171443 0.148569 0.153459 0.144868 0.154988 0.130573 0.174582 0.148169 0.173123 0.146103 0.123326 0.170961 0.19683 0.154914 0.165029 0.154722 0.153569 0.180158 0.148654 0.171465 0.149129
0.10136 0.105312 0.101643 0.0951904 0.124112 0.0965915 0.10149 0.0948215 0.103491 0.0813871 0.126244 0.0963024 0.125081 0.0957015 0.076575 0.123729 0.141826 0.102562 0.114347 0.103008 0.102437 0.128084 0.097922 0.12413 0.100392
0.152214 0.15652 0.149802 0.145565 0.170481 0.147497 0.152389 0.143827 0.153931 0.129535 0.173602 0.147099 0.172148 0.145056 0.122328 0.170002 0.195753 0.153837 0.163999 0.153664 0.152517 0.179121 0.147602 0.170504 0.148123
0.102267 0.106234 0.102507 0.0960839 0.124967 0.0974957 0.102398 0.0956883 0.104394 0.0822216 0.127117 0.0972044 0.125948 0.0965751 0.0773612 0.124581 0.142841 0.103477 0.115251 0.103917 0.103333 0.129033 0.0988016 0.124984 0.101247
0.151217 0.155525 0.148857 0.144574 0.169585 0.146497 0.151392 0.142858 0.152944 0.128568 0.172689 0.146101 0.171239 0.14408 0.121399 0.169107 0.194747 0.152834 0.163039 0.152677 0.151537 0.178153 0.146621 0.169607 0.147185
0.103118 0.107099 0.103317 0.0969227 0.125767 0.0983445 0.10325 0.096502 0.105242 0.0830057 0.127934 0.0980511 0.12676 0.0973951 0.0781001 0.12538 0.143791 0.104336 0.116099 0.10477 0.104174 0.129921 0.0996274 0.125785 0.102049
0.150284 0.154594 0.147972 0.143647 0.168747 0.145562 0.150458 0.141951 0.152021 0.127664 0.171834 0.145167 0.170388 0.143167 0.120531 0.16827 0.193804 0.151894 0.16214 0.151753 0.150619 0.177246 0.145704 0.168769 0.146307
0.103919 0.107913 0.104079 0.0977125 0.126519 0.0991436 0.104051 0.0972681 0.10604 0.0837445 0.128702 0.0988483 0.127522 0.0981671 0.0787965 0.12613 0.144683 0.105145 0.116896 0.105573 0.104966 0.130756 0.100405 0.126537 0.102804
0.149409 0.15372 0.147142 0.142777 0.16796 0.144684 0.149582 0.1411 0.151155 0.126816 0.171031 0.144291 0.16959 0.142311 0.119718 0.167485 0.192918 0.151013 0.161296 0.150886 0.149759 0.176394 0.144843 0.167982 0.145484
0.104675 0.108681 0.104798 0.098458 0.127228 0.099898 0.104808 0.0979912 0.106793 0.0844425 0.129426 0.0996008 0.128241 0.0988959 0.0794546 0.126837 0.145524 0.105908 0.117647 0.10633 0.105712 0.131542 0.101139 0.127246 0.103516
0.148585 0.152897 0.146362 0.141959 0.16722 0.143858 0.148758 0.140299 0.15034 0.126019 0.170276 0.143466 0.168839 0.141505 0.118953 0.166746 0.192082 0.150183 0.160502 0.15007 0.148948 0.175592 0.144033 0.167242 0.14471
0.10539 0.109408 0.105479 0.0991634 0.127897 0.100612 0.105524 0.0986755 0.107505 0.0851035 0.13011 0.100313 0.12892 0.0995854 0.0800778 0.127505 0.146318 0.10663 0.118358 0.107046 0.106419 0.132285 0.101833 0.127915 0.104189
0.147808 0.152121 0.145626 0.141187 0.166521 0.143079 0.14798 0.139544 0.14957 0.125267 0.169564 0.142688 0.168131 0.140745 0.118232 0.166049 0.191293 0.1494 0.159753 0.1493 0.148184 0.174834 0.143269 0.166543 0.143979
0.106068 0.110096 0.106123 0.0998323 0.128531 0.101288 0.106203 0.0993244 0.10818 0.0857306 0.130757 0.100988 0.129563 0.100239 0.0806693 0.128137 0.14707 0.107314 0.119031 0.107725 0.107088 0.132989 0.102492 0.128549 0.104828
0.147073 0.151387 0.14493 0.140457 0.165861 0.142342 0.147245 0.138831 0.148843 0.124557 0.16889 0.141953 0.16746 0.140027 0.117551 0.16539 0.190545 0.14866 0.159044 0.148571 0.147461 0.174117 0.142547 0.165883 0.143289
0.106712 0.11075 0.106735 0.100468 0.129132 0.101931 0.106847 0.0999409 0.108821 0.0863269 0.131372 0.101629 0.130173 0.10086 0.0812318 0.128737 0.147783 0.107964 0.11967 0.10837 0.107724 0.133656 0.103118 0.12915 0.105434
0.146377 0.15069 0.14427 0.139765 0.165235 0.141643 0.146548 0.138155 0.148154 0.123884 0.168251 0.141256 0.166825 0.139346 0.116907 0.164765 0.189836 0.147958 0.158372 0.147881 0.146777 0.173438 0.141863 0.165257 0.142635
0.107325 0.111372 0.107318 0.101073 0.129704 0.102543 0.107461 0.100528 0.109431 0.0868948 0.131956 0.10224 0.130753 0.101452 0.0817676 0.129307 0.14846 0.108583 0.120277 0.108983 0.108329 0.13429 0.103713 0.129722 0.10601
0.145716 0.15003 0.143644 0.139108 0.164641 0.14098 0.145886 0.137513 0.1475 0.123246 0.167645 0.140594 0.166223 0.138701 0.116296 0.164172 0.189162 0.147293 0.157734 0.147226 0.146127 0.172792 0.141214 0.164663 0.142014
0.107909 0.111964 0.107873 0.10165 0.130248 0.103127 0.108046 0.101087 0.110012 0.0874365 0.132512 0.102822 0.131305 0.102015 0.0822788 0.12985 0.149105 0.109172 0.120856 0.109568 0.108906 0.134894 0.104281 0.130266 0.10656
0.145087 0.149401 0.143049 0.138484 0.164076 0.14035 0.145257 0.136903 0.146878 0.122639 0.167069 0.139965 0.165649 0.138087 0.115715 0.163608 0.18852 0.146659 0.157127 0.146602 0.145508 0.172177 0.140596 0.164098 0.141423
0.108467 0.11253 0.108402 0.1022 0.130767 0.103684 0.108604 0.101621 0.110567 0.0879541 0.133042 0.103378 0.131832 0.102554 0.0827673 0.130368 0.14972 0.109735 0.121409 0.110126 0.109456 0.135471 0.104823 0.130785 0.107085
0.144488 0.148802 0.142482 0.137889 0.163538 0.13975 0.144658 0.136323 0.146285 0.122062 0.166519 0.139366 0.165103 0.137502 0.115163 0.163071 0.187907 0.146056 0.156549 0.146008 0.14492 0.171591 0.140008 0.16356 0.140861
0.109 0.113071 0.108909 0.102727 0.131263 0.104217 0.109138 0.102132 0.111097 0.0884492 0.133548 0.103909 0.132335 0.103068 0.0832347 0.130863 0.150307 0.110273 0.121936 0.11066 0.109983 0.136021 0.105341 0.131281 0.107586
0.143917 0.14823 0.141942 0.137322 0.163025 0.139177 0.144086 0.135769 0.14572 0.121511 0.165995 0.138794 0.164582 0.136944 0.114636 0.162559 0.187323 0.14548 0.155998 0.145442 0.144358 0.171032 0.139447 0.163046 0.140325
0.109511 0.113588 0.109393 0.103231 0.131737 0.104727 0.109649 0.102621 0.111605 0.0889236 0.134033 0.104418 0.132816 0.103561 0.0836825 0.131336 0.150868 0.110789 0.122441 0.111171 0.110487 0.136547 0.105838 0.131755 0.108066
0.143371 0.147684 0.141425 0.13678 0.162534 0.138629 0.14354 0.13524 0.145179 0.120985 0.165495 0.138248 0.164084 0.136412 0.114133 0.162069 0.186764 0.144931 0.155471 0.1449 0.143821 0.170497 0.138912 0.162556 0.139813
0.11 0.114084 0.109858 0.103714 0.132191 0.105215 0.110139 0.10309 0.112092 0.0893784 0.134497 0.104906 0.133277 0.104034 0.084112 0.131789 0.151406 0.111282 0.122925 0.11166 0.110969 0.137051 0.106314 0.132209 0.108526
0.14285 0.147162 0.140931 0.136261 0.162065 0.138106 0.143018 0.134734 0.144663 0.120483 0.165016 0.137726 0.163608 0.135903 0.113653 0.161601 0.186229 0.144405 0.154966 0.144382 0.143308 0.169986 0.1384 0.162086 0.139323
0.11047 0.11456 0.110303 0.104178 0.132626 0.105685 0.110609 0.10354 0.112559 0.0898152 0.134942 0.105374 0.133719 0.104487 0.0845244 0.132223 0.151921 0.111756 0.123389 0.11213 0.111433 0.137534 0.10677 0.132645 0.108967
0.14235 0.146662 0.140459 0.135765 0.161615 0.137605 0.142518 0.134249 0.144168 0.120002 0.164557 0.137225 0.163151 0.135415 0.113193 0.161152 0.185716 0.143901 0.154483 0.143886 0.142816 0.169496 0.137909 0.161637 0.138854
0.110921 0.115017 0.110731 0.104624 0.133044 0.106135 0.11106 0.103972 0.113007 0.0902349 0.135368 0.105823 0.134143 0.104922 0.0849208 0.13264 0.152415 0.112211 0.123834 0.112581 0.111877 0.137997 0.107209 0.133063 0.109391
0.14187 0.146182 0.140005 0.135289 0.161184 0.137124 0.142038 0.133785 0.143694 0.119541 0.164117 0.136746 0.162714 0.134948 0.112752 0.160722 0.185223 0.143418 0.15402 0.143411 0.142345 0.169025 0.137439 0.161206 0.138404
0.111354 0.115456 0.111142 0.105052 0.133445 0.106568 0.111494 0.104388 0.113438 0.0906387 0.135779 0.106256 0.13455 0.105341 0.0853022 0.13304 0.15289 0.112649 0.124262 0.113014 0.112305 0.138442 0.107631 0.133464 0.109798
0.141411 0.145721 0.13957 0.134832 0.160771 0.136663 0.141578 0.13334 0.143239 0.119098 0.163695 0.136286 0.162294 0.134499 0.11233 0.160309 0.18475 0.142955 0.153576 0.142954 0.141893 0.168574 0.136988 0.160792 0.137973
0.111772 0.115879 0.111538 0.105464 0.133831 0.106985 0.111912 0.104788 0.113853 0.0910274 0.136173 0.106672 0.134942 0.105744 0.0856694 0.133425 0.153346 0.11307 0.124674 0.113432 0.112717 0.138871 0.108037 0.13385 0.11019
0.140969 0.145279 0.139152 0.134394 0.160374 0.13622 0.141136 0.132912 0.142801 0.118674 0.163289 0.135844 0.161891 0.134068 0.111924 0.159913 0.184296 0.14251 0.153149 0.142516 0.141458 0.16814 0.136555 0.160395 0.137559
0.112174 0.116286 0.111919 0.105861 0.134203 0.107387 0.112314 0.105173 0.114252 0.091402 0.136553 0.107072 0.135319 0.106132 0.0860233 0.133796 0.153785 0.113475 0.12507 0.113833 0.113113 0.139283 0.108428 0.134221 0.110568
0.140544 0.144853 0.138751 0.133972 0.159991 0.135795 0.140711 0.1325 0.142381 0.118266 0.162899 0.135419 0.161503 0.133654 0.111534 0.159531 0.183858 0.142082 0.152738 0.142094 0.141041 0.167723 0.136138 0.160013 0.13716
0.112561 0.116678 0.112286 0.106244 0.13456 0.107774 0.112702 0.105544 0.114637 0.0917632 0.136918 0.107459 0.135682 0.106507 0.0863647 0.134153 0.154208 0.113866 0.125452 0.114221 0.113495 0.13968 0.108804 0.134579 0.110931
0.140136 0.144444 0.138364 0.133566 0.159624 0.135385 0.140302 0.132105 0.141976 0.117873 0.162524 0.13501 0.16113 0.133256 0.111159 0.159164 0.183437 0.14167 0.152343 0.141689 0.140639 0.167321 0.135737 0.159645 0.136777
0.112935 0.117056 0.11264 0.106613 0.134905 0.108148 0.113076 0.105903 0.115008 0.0921118 0.137271 0.107831 0.136032 0.106868 0.0866941 0.134497 0.154616 0.114243 0.12582 0.114594 0.113863 0.140062 0.109168 0.134924 0.111282
0.139742 0.14405 0.137992 0.133175 0.15927 0.13499 0.139908 0.131724 0.141587 0.117496 0.162162 0.134616 0.16077 0.132873 0.110799 0.158811 0.183031 0.141274 0.151962 0.141298 0.140252 0.166934 0.135352 0.159291 0.136408
0.113295 0.117421 0.112982 0.10697 0.135238 0.108508 0.113437 0.106249 0.115367 0.0924484 0.137611 0.108191 0.13637 0.107216 0.0870122 0.134829 0.155009 0.114607 0.126176 0.114954 0.114219 0.140431 0.109519 0.135257 0.111621
0.139363 0.14367 0.137634 0.132799 0.158928 0.13461 0.139528 0.131357 0.141211 0.117132 0.161814 0.134237 0.160424 0.132503 0.110451 0.15847 0.18264 0.140891 0.151596 0.140921 0.139879 0.16656 0.13498 0.15895 0.136053
0.113644 0.117774 0.113312 0.107314 0.135559 0.108856 0.113786 0.106583 0.115713 0.0927736 0.137939 0.108538 0.136696 0.107553 0.0873197 0.13515 0.155388 0.114959 0.126519 0.115302 0.114563 0.140788 0.109858 0.135578 0.111948
0.138997 0.143303 0.137288 0.132436 0.158599 0.134243 0.139162 0.131003 0.140849 0.116781 0.161478 0.133871 0.16009 0.132147 0.110116 0.158142 0.182262 0.140523 0.151242 0.140558 0.139519 0.1662 0.134621 0.15862 0.13571
0.11398 0.118114 0.113631 0.107647 0.13587 0.109193 0.114123 0.106906 0.116047 0.093088 0.138256 0.108874 0.137011 0.107878 0.0876169 0.135459 0.155754 0.115298 0.12685 0.115639 0.114894 0.141132 0.110186 0.135889 0.112264
0.138644 0.142949 0.136954 0.132085 0.158282 0.13389 0.138809 0.130661 0.1405 0.116442 0.161153 0.133518 0.159767 0.131803 0.109793 0.157825 0.181897 0.140167 0.1509 0.140207 0.139172 0.165852 0.134275 0.158303 0.135379
0.114306 0.118444 0.11394 0.107969 0.13617 0.109518 0.114449 0.107218 0.116371 0.0933922 0.138563 0.109199 0.137316 0.108192 0.0879045 0.135759 0.156108 0.115627 0.127171 0.115964 0.115215 0.141464 0.110503 0.136189 0.112569
0.138303 0.142608 0.136632 0.131747 0.157975 0.133548 0.138468 0.130332 0.140162 0.116116 0.16084 0.133177 0.159456 0.131471 0.109482 0.157518 0.181545 0.139824 0.15057 0.139869 0.138837 0.165517 0.133941 0.157996 0.135059
0.114621 0.118762 0.114238 0.10828 0.13646 0.109833 0.114764 0.10752 0.116684 0.0936866 0.138859 0.109513 0.13761 0.108497 0.0881829 0.136048 0.15645 0.115944 0.12748 0.116279 0.115526 0.141786 0.110809 0.136479 0.112865
0.137974 0.142278 0.136321 0.13142 0.157678 0.133218 0.138138 0.130013 0.139836 0.1158 0.160538 0.132847 0.159155 0.13115 0.109181 0.157223 0.181204 0.139492 0.150252 0.139542 0.138513 0.165192 0.133619 0.157699 0.134751
0.114926 0.119071 0.114527 0.108582 0.13674 0.110138 0.115069 0.107813 0.116986 0.0939717 0.139146 0.109817 0.137895 0.108792 0.0884525 0.136328 0.156781 0.116252 0.12778 0.116583 0.115826 0.142097 0.111106 0.136759 0.113151
0.137656 0.141959 0.13602 0.131105 0.157392 0.132899 0.13782 0.129705 0.139521 0.115495 0.160245 0.132529 0.158864 0.13084 0.10889 0.156936 0.180874 0.139171 0.149943 0.139226 0.1382 0.164878 0.133307 0.157413 0.134452
0.115221 0.119369 0.114807 0.108874 0.137012 0.110433 0.115365 0.108096 0.11728 0.0942479 0.139423 0.110111 0.138171 0.109077 0.0887136 0.136599 0.157102 0.11655 0.128071 0.116878 0.116117 0.142398 0.111394 0.137031 0.113428
0.137348 0.14165 0.135729 0.130799 0.157114 0.13259 0.137512 0.129408 0.139217 0.1152 0.159962 0.132221 0.158582 0.130541 0.108609 0.15666 0.180555 0.138861 0.149645 0.13892 0.137898 0.164574 0.133005 0.157136 0.134164
0.115507 0.119658 0.115077 0.109157 0.137275 0.110719 0.115651 0.10837 0.117564 0.0945155 0.139692 0.110397 0.138438 0.109354 0.0889668 0.136861 0.157412 0.116838 0.128352 0.117164 0.116399 0.142689 0.111672 0.137294 0.113696
0.13705 0.141351 0.135447 0.130503 0.156846 0.132292 0.137214 0.12912 0.138922 0.114915 0.159688 0.131923 0.15831 0.130251 0.108337 0.156392 0.180246 0.138561 0.149357 0.138624 0.137605 0.16428 0.132714 0.156867 0.133885
0.115784 0.119939 0.11534 0.109431 0.13753 0.110996 0.115928 0.108636 0.117839 0.094775 0.139952 0.110673 0.138696 0.109622 0.0892123 0.137116 0.157712 0.117118 0.128624 0.117441 0.116672 0.142972 0.111942 0.137549 0.113956
0.136762 0.141062 0.135175 0.130217 0.156587 0.132003 0.136925 0.128841 0.138636 0.114639 0.159423 0.131635 0.158046 0.12997 0.108073 0.156133 0.179947 0.138271 0.149078 0.138338 0.137321 0.163996 0.132431 0.156608 0.133614
0.116053 0.120211 0.115595 0.109697 0.137777 0.111265 0.116197 0.108894 0.118106 0.0950267 0.140205 0.110942 0.138947 0.109881 0.0894504 0.137362 0.158003 0.117389 0.128888 0.117709 0.116937 0.143245 0.112204 0.137796 0.114209
0.136483 0.140782 0.134911 0.12994 0.156335 0.131723 0.136646 0.128571 0.13836 0.114372 0.159166 0.131355 0.157791 0.129698 0.107819 0.155882 0.179658 0.137989 0.148807 0.13806 0.137047 0.16372 0.132158 0.156356 0.133353
0.116314 0.120474 0.115841 0.109954 0.138016 0.111526 0.116458 0.109145 0.118365 0.0952709 0.140449 0.111202 0.13919 0.110134 0.0896814 0.137601 0.158286 0.117652 0.129145 0.11797 0.117194 0.143511 0.112458 0.138035 0.114453
0.136212 0.140511 0.134655 0.129672 0.156091 0.131452 0.136375 0.12831 0.138092 0.114113 0.158917 0.131085 0.157543 0.129435 0.107572 0.155639 0.179377 0.137717 0.148545 0.137792 0.136781 0.163453 0.131893 0.156112 0.133099
0.116567 0.12073 0.116081 0.110205 0.138248 0.111779 0.116712 0.109388 0.118616 0.095508 0.140687 0.111454 0.139426 0.110378 0.0899057 0.137833 0.158559 0.117908 0.129393 0.118222 0.117444 0.143768 0.112704 0.138268 0.114691
0.13595 0.140248 0.134408 0.129412 0.155855 0.131189 0.136113 0.128056 0.137833 0.113863 0.158676 0.130823 0.157304 0.12918 0.107333 0.155403 0.179104 0.137452 0.148291 0.137531 0.136523 0.163194 0.131636 0.155876 0.132854
0.116812 0.120978 0.116314 0.110448 0.138474 0.112025 0.116957 0.109623 0.11886 0.0957381 0.140917 0.111699 0.139655 0.110616 0.0901234 0.138058 0.158825 0.118155 0.129634 0.118467 0.117686 0.144018 0.112944 0.138493 0.114921
0.135696 0.139993 0.134167 0.12916 0.155626 0.130935 0.135858 0.127811 0.137581 0.11362 0.158442 0.130568 0.157071 0.128933 0.107102 0.155174 0.17884 0.137196 0.148045 0.137278 0.136273 0.162942 0.131387 0.155647 0.132616
0.117051 0.121219 0.116539 0.110683 0.138692 0.112263 0.117196 0.109852 0.119097 0.0959616 0.141141 0.111937 0.139877 0.110846 0.0903349 0.138276 0.159083 0.118396 0.129868 0.118705 0.117921 0.14426 0.113176 0.138712 0.115144
0.13545 0.139745 0.133934 0.128915 0.155404 0.130687 0.135612 0.127573 0.137337 0.113384 0.158215 0.130322 0.156845 0.128693 0.106877 0.154952 0.178584 0.136948 0.147806 0.137034 0.13603 0.162699 0.131146 0.155425 0.132385
0.117282 0.121453 0.116758 0.110913 0.138905 0.112495 0.117428 0.110075 0.119326 0.0961787 0.141358 0.112168 0.140093 0.11107 0.0905404 0.138488 0.159333 0.118629 0.130096 0.118937 0.118149 0.144496 0.113401 0.138924 0.115362
0.135211 0.139506 0.133708 0.128678 0.155188 0.130448 0.135372 0.127342 0.1371 0.113155 0.157995 0.130083 0.156627 0.12846 0.106659 0.154737 0.178335 0.136707 0.147574 0.136796 0.135795 0.162462 0.130912 0.155209 0.132161
0.117507 0.12168 0.116971 0.111135 0.139111 0.11272 0.117653 0.110291 0.11955 0.0963897 0.141569 0.112393 0.140302 0.111288 0.0907401 0.138694 0.159576 0.118856 0.130316 0.119161 0.11837 0.144724 0.113621 0.13913 0.115573
0.134978 0.139273 0.133489 0.128447 0.154979 0.130215 0.13514 0.127117 0.13687 0.112934 0.157781 0.129851 0.156414 0.128235 0.106448 0.154528 0.178093 0.136473 0.147349 0.136565 0.135567 0.162232 0.130685 0.155 0.131943
0.117726 0.121901 0.117178 0.111351 0.139312 0.112938 0.117872 0.110501 0.119767 0.0965948 0.141773 0.112611 0.140505 0.111499 0.0909342 0.138894 0.159811 0.119077 0.130531 0.119379 0.118586 0.144946 0.113834 0.139331 0.115778
0.134753 0.139047 0.133276 0.128224 0.154776 0.129989 0.134915 0.1269 0.136647 0.112718 0.157573 0.129625 0.156208 0.128016 0.106243 0.154326 0.177859 0.136246 0.147131 0.136341 0.135345 0.162009 0.130464 0.154797 0.131732
0.117938 0.122116 0.117379 0.111562 0.139506 0.113151 0.118085 0.110705 0.119978 0.0967942 0.141972 0.112823 0.140703 0.111705 0.0911229 0.139088 0.160041 0.119291 0.130739 0.119592 0.118795 0.145162 0.114041 0.139526 0.115977
0.134535 0.138827 0.133069 0.128007 0.154579 0.12977 0.134696 0.126689 0.136431 0.11251 0.157372 0.129407 0.156008 0.127803 0.106044 0.154129 0.177631 0.136025 0.146919 0.136124 0.13513 0.161793 0.13025 0.154599 0.131527
0.118145 0.122324 0.117575 0.111766 0.139695 0.113358 0.118291 0.110903 0.120183 0.096988 0.142166 0.113029 0.140895 0.111905 0.0913065 0.139277 0.160263 0.119499 0.130942 0.119798 0.118999 0.145371 0.114242 0.139715 0.116171
0.134322 0.138614 0.132869 0.127796 0.154387 0.129557 0.134483 0.126483 0.13622 0.112307 0.157176 0.129194 0.155813 0.127596 0.105851 0.153938 0.177409 0.135811 0.146713 0.135913 0.134921 0.161582 0.130042 0.154408 0.131328
0.118346 0.122527 0.117765 0.111965 0.139879 0.113559 0.118492 0.111096 0.120382 0.0971766 0.142354 0.11323 0.141082 0.112099 0.091485 0.13946 0.16048 0.119702 0.131139 0.119998 0.119196 0.145575 0.114438 0.139899 0.116359
0.134116 0.138407 0.132674 0.127591 0.154201 0.129351 0.134277 0.126284 0.136016 0.11211 0.156986 0.128988 0.155624 0.127395 0.105663 0.153752 0.177194 0.135603 0.146513 0.135707 0.134718 0.161378 0.12984 0.154221 0.131135
0.118541 0.122724 0.11795 0.112158 0.140058 0.113754 0.118688 0.111284 0.120576 0.09736 0.142536 0.113425 0.141264 0.112288 0.0916587 0.139639 0.16069 0.119899 0.13133 0.120193 0.119389 0.145773 0.114628 0.140078 0.116542
0.133915 0.138205 0.132484 0.127392 0.15402 0.12915 0.134076 0.12609 0.135817 0.111918 0.156801 0.128787 0.15544 0.1272 0.105481 0.153571 0.176985 0.135401 0.146318 0.135508 0.134521 0.161179 0.129644 0.154041 0.130947
0.118731 0.122916 0.11813 0.112346 0.140232 0.113944 0.118878 0.111466 0.120765 0.0975385 0.142714 0.113614 0.14144 0.112472 0.0918277 0.139812 0.160895 0.120091 0.131517 0.120383 0.119576 0.145966 0.114813 0.140252 0.11672
0.13372 0.138009 0.1323 0.127199 0.153844 0.128954 0.133881 0.125902 0.135624 0.111732 0.156622 0.128592 0.155262 0.127011 0.105304 0.153396 0.176781 0.135205 0.146129 0.135314 0.134329 0.160986 0.129453 0.153865 0.130764
0.118916 0.123103 0.118305 0.112529 0.140401 0.114129 0.119063 0.111644 0.120948 0.0977122 0.142887 0.113799 0.141612 0.112651 0.0919921 0.139981 0.161094 0.120277 0.131698 0.120567 0.119758 0.146153 0.114994 0.140421 0.116894
0.133531 0.137819 0.132121 0.127011 0.153673 0.128764 0.133691 0.125719 0.135436 0.111551 0.156447 0.128403 0.155088 0.126827 0.105132 0.153225 0.176583 0.135014 0.145945 0.135126 0.134143 0.160798 0.129267 0.153694 0.130587
0.119096 0.123285 0.118475 0.112707 0.140566 0.114309 0.119243 0.111817 0.121127 0.0978813 0.143055 0.113979 0.141779 0.112825 0.0921522 0.140145 0.161287 0.120459 0.131874 0.120747 0.119936 0.146336 0.115169 0.140586 0.117062
0.133347 0.137634 0.131947 0.126828 0.153507 0.12858 0.133507 0.125541 0.135254 0.111376 0.156277 0.128219 0.154919 0.126648 0.104964 0.153059 0.176391 0.134828 0.145767 0.134943 0.133962 0.160615 0.129087 0.153527 0.130414
0.119271 0.123462 0.118641 0.11288 0.140726 0.114484 0.119419 0.111985 0.121301 0.0980459 0.143219 0.114153 0.141942 0.112995 0.0923081 0.140305 0.161476 0.120635 0.132046 0.120922 0.120108 0.146513 0.11534 0.140746 0.117226
0.133167 0.137454 0.131778 0.126651 0.153345 0.1284 0.133328 0.125368 0.135077 0.111205 0.156112 0.128039 0.154755 0.126473 0.104802 0.152898 0.176204 0.134648 0.145593 0.134764 0.133786 0.160438 0.128912 0.153366 0.130246
0.119442 0.123634 0.118802 0.113049 0.140882 0.114655 0.119589 0.112149 0.12147 0.0982061 0.143378 0.114324 0.1421 0.11316 0.0924599 0.140461 0.161659 0.120807 0.132213 0.121092 0.120276 0.146686 0.115506 0.140902 0.117386
0.132993 0.137279 0.131613 0.126478 0.153188 0.128226 0.133153 0.1252 0.134904 0.111039 0.155951 0.127865 0.154595 0.126304 0.104643 0.152741 0.176022 0.134472 0.145424 0.134591 0.133614 0.160265 0.128741 0.153208 0.130083
0.119608 0.123801 0.118959 0.113213 0.141034 0.114821 0.119755 0.112308 0.121634 0.0983622 0.143534 0.114489 0.142254 0.11332 0.0926077 0.140612 0.161837 0.120975 0.132375 0.121257 0.120439 0.146854 0.115668 0.141054 0.117542
0.132824 0.137109 0.131453 0.12631 0.153035 0.128056 0.132983 0.125036 0.134736 0.110877 0.155795 0.127696 0.15444 0.126139 0.104489 0.152588 0.175845 0.134301 0.145259 0.134423 0.133447 0.160097 0.128576 0.153055 0.129924
0.119769 0.123964 0.119112 0.113373 0.141182 0.114983 0.119917 0.112464 0.121795 0.0985142 0.143685 0.114651 0.142404 0.113477 0.0927516 0.14076 0.162011 0.121138 0.132534 0.121419 0.120599 0.147017 0.115825 0.141201 0.117693
0.132659 0.136943 0.131297 0.126146 0.152886 0.12789 0.132818 0.124877 0.134573 0.11072 0.155643 0.127531 0.154289 0.125979 0.10434 0.152439 0.175672 0.134135 0.145099 0.134259 0.133285 0.159933 0.128414 0.152906 0.12977
0.119927 0.124123 0.119261 0.113529 0.141326 0.11514 0.120075 0.112615 0.121951 0.0986622 0.143832 0.114808 0.14255 0.113629 0.0928918 0.140903 0.16218 0.121297 0.132688 0.121576 0.120754 0.147176 0.115979 0.141345 0.117841
0.132498 0.136782 0.131145 0.125987 0.152741 0.12773 0.132658 0.124722 0.134414 0.110567 0.155495 0.12737 0.154141 0.125823 0.104194 0.152295 0.175504 0.133973 0.144943 0.134099 0.133127 0.159773 0.128257 0.152761 0.129619
0.12008 0.124278 0.119406 0.113681 0.141466 0.115294 0.120228 0.112762 0.122103 0.0988064 0.143975 0.114961 0.142693 0.113778 0.0930284 0.141043 0.162345 0.121451 0.132838 0.121729 0.120905 0.147331 0.116128 0.141485 0.117985
0.132342 0.136625 0.130998 0.125832 0.1526 0.127573 0.132501 0.124572 0.134259 0.110418 0.155351 0.127214 0.153998 0.125671 0.104052 0.152154 0.175341 0.133816 0.144791 0.133944 0.132974 0.159618 0.128104 0.15262 0.129473
0.120229 0.124429 0.119547 0.113829 0.141602 0.115443 0.120378 0.112906 0.122251 0.0989469 0.144114 0.11511 0.142831 0.113922 0.0931615 0.141179 0.162505 0.121602 0.132984 0.121878 0.121052 0.147482 0.116274 0.141622 0.118125
0.13219 0.136472 0.130854 0.125681 0.152462 0.127421 0.132349 0.124425 0.134108 0.110273 0.15521 0.127062 0.153859 0.125523 0.103915 0.152017 0.175181 0.133662 0.144644 0.133792 0.132824 0.159467 0.127956 0.152483 0.12933
0.120375 0.124576 0.119685 0.113973 0.141735 0.115589 0.120523 0.113046 0.122396 0.0990838 0.14425 0.115255 0.142966 0.114063 0.0932912 0.141312 0.162661 0.121749 0.133127 0.122023 0.121195 0.14763 0.116416 0.141755 0.118261
0.132042 0.136324 0.130714 0.125534 0.152328 0.127272 0.132201 0.124282 0.133962 0.110132 0.155074 0.126914 0.153723 0.125379 0.10378 0.151883 0.175026 0.133513 0.1445 0.133645 0.132678 0.15932 0.127811 0.152349 0.129192
0.120516 0.124719 0.119819 0.114113 0.141865 0.115731 0.120665 0.113182 0.122536 0.0992172 0.144382 0.115397 0.143098 0.1142 0.0934176 0.141441 0.162813 0.121892 0.133266 0.122164 0.121335 0.147773 0.116554 0.141884 0.118394
0.131898 0.136179 0.130578 0.125391 0.152198 0.127128 0.132057 0.124143 0.133819 0.109995 0.154941 0.12677 0.153591 0.125239 0.10365 0.151753 0.174875 0.133368 0.14436 0.133502 0.132537 0.159177 0.12767 0.152219 0.129057
0.120655 0.124858 0.11995 0.11425 0.141991 0.115869 0.120803 0.113315 0.122673 0.0993473 0.144511 0.115535 0.143226 0.114334 0.0935408 0.141567 0.162961 0.122031 0.133401 0.122302 0.121471 0.147912 0.116689 0.14201 0.118523
0.131757 0.136038 0.130445 0.125252 0.152071 0.126987 0.131916 0.124007 0.13368 0.109861 0.154811 0.126629 0.153462 0.125103 0.103523 0.151627 0.174728 0.133226 0.144224 0.133362 0.132399 0.159037 0.127532 0.152092 0.128925
0.120789 0.124994 0.120077 0.114383 0.142114 0.116004 0.120938 0.113444 0.122807 0.099474 0.144637 0.115669 0.14335 0.114464 0.0936609 0.14169 0.163105 0.122167 0.133532 0.122436 0.121603 0.148048 0.11682 0.142133 0.11865
0.131621 0.1359 0.130316 0.125116 0.151948 0.12685 0.13178 0.123875 0.133545 0.109731 0.154685 0.126493 0.153336 0.12497 0.103399 0.151503 0.174585 0.133088 0.144091 0.133226 0.132264 0.158901 0.127399 0.151968 0.128797
0.12092 0.125126 0.120201 0.114513 0.142233 0.116135 0.121069 0.11357 0.122937 0.0995975 0.144759 0.1158 0.143472 0.114591 0.0937779 0.141809 0.163246 0.122299 0.133661 0.122567 0.121732 0.148181 0.116948 0.142253 0.118773
0.131488 0.135767 0.13019 0.124984 0.151828 0.126717 0.131646 0.123747 0.133413 0.109604 0.154562 0.12636 0.153214 0.124841 0.103278 0.151383 0.174445 0.132954 0.143962 0.133094 0.132133 0.158769 0.127268 0.151848 0.128673
0.121048 0.125255 0.120322 0.11464 0.14235 0.116263 0.121197 0.113693 0.123064 0.0997179 0.144879 0.115928 0.143591 0.114715 0.0938921 0.141926 0.163383 0.122428 0.133786 0.122695 0.121858 0.14831 0.117073 0.14237 0.118892
0.131358 0.135636 0.130068 0.124856 0.15171 0.126587 0.131516 0.123622 0.133284 0.109481 0.154442 0.12623 0.153095 0.124715 0.103161 0.151266 0.174309 0.132823 0.143836 0.132965 0.132006 0.15864 0.127142 0.151731 0.128551
0.121173 0.125381 0.12044 0.114763 0.142464 0.116388 0.121322 0.113813 0.123188 0.0998353 0.144995 0.116052 0.143706 0.114836 0.0940033 0.142039 0.163517 0.122554 0.133908 0.122819 0.121981 0.148436 0.117194 0.142484 0.119009
0.131232 0.135509 0.129948 0.124731 0.151596 0.12646 0.13139 0.1235 0.133159 0.10936 0.154326 0.126104 0.152979 0.124592 0.103046 0.151152 0.174177 0.132696 0.143713 0.132839 0.131881 0.158514 0.127018 0.151617 0.128433
0.121294 0.125504 0.120555 0.114883 0.142575 0.116509 0.121444 0.11393 0.123308 0.0999498 0.145108 0.116174 0.143819 0.114954 0.0941118 0.14215 0.163647 0.122676 0.134027 0.12294 0.122101 0.148559 0.117313 0.142594 0.119123
0.131109 0.135386 0.129832 0.124608 0.151485 0.126337 0.131267 0.123381 0.133037 0.109243 0.154212 0.125981 0.152866 0.124473 0.102935 0.151041 0.174048 0.132572 0.143593 0.132716 0.13176 0.158392 0.126898 0.151505 0.128317
0.121413 0.125623 0.120667 0.115001 0.142683 0.116628 0.121562 0.114044 0.123426 0.100061 0.145219 0.116292 0.143928 0.115068 0.0942176 0.142258 0.163773 0.122796 0.134143 0.123058 0.122218 0.148678 0.117428 0.142703 0.119234
0.130989 0.135265 0.129719 0.12449 0.151376 0.126217 0.131147 0.123266 0.132918 0.109129 0.154101 0.125861 0.152756 0.124356 0.102826 0.150933 0.173922 0.132451 0.143477 0.132597 0.131642 0.158273 0.12678 0.151397 0.128205
0.121528 0.12574 0.120776 0.115115 0.142788 0.116743 0.121678 0.114155 0.12354 0.10017 0.145326 0.116407 0.144035 0.11518 0.0943207 0.142363 0.163897 0.122912 0.134256 0.123174 0.122331 0.148795 0.117541 0.142808 0.119342
0.130872 0.135148 0.129608 0.124374 0.151271 0.1261 0.13103 0.123153 0.132802 0.109018 0.153993 0.125744 0.152649 0.124243 0.10272 0.150828 0.173799 0.132333 0.143363 0.132481 0.131527 0.158156 0.126666 0.151291 0.128096
0.121641 0.125853 0.120883 0.115227 0.142891 0.116856 0.121791 0.114263 0.123652 0.100276 0.145431 0.11652 0.14414 0.115289 0.0944213 0.142465 0.164018 0.123026 0.134366 0.123286 0.122442 0.148908 0.117651 0.142911 0.119448
0.130758 0.135033 0.1295 0.124261 0.151168 0.125986 0.130916 0.123043 0.13269 0.108909 0.153888 0.12563 0.152544 0.124132 0.102617 0.150725 0.17368 0.132219 0.143253 0.132367 0.131415 0.158043 0.126555 0.151188 0.127989
0.121751 0.125964 0.120987 0.115335 0.142991 0.116966 0.121901 0.114369 0.123761 0.10038 0.145534 0.11663 0.144241 0.115396 0.0945194 0.142565 0.164135 0.123137 0.134473 0.123395 0.12255 0.149019 0.117758 0.143011 0.119551
0.130647 0.134922 0.129396 0.124151 0.151067 0.125875 0.130805 0.122936 0.13258 0.108804 0.153786 0.125519 0.152442 0.124024 0.102517 0.150625 0.173563 0.132107 0.143145 0.132257 0.131306 0.157933 0.126446 0.151088 0.127885
0.121858 0.126072 0.121088 0.115441 0.143089 0.117073 0.122008 0.114472 0.123867 0.100481 0.145633 0.116737 0.144341 0.115499 0.0946151 0.142663 0.16425 0.123245 0.134578 0.123502 0.122656 0.149127 0.117862 0.143109 0.119651
0.130539 0.134813 0.129293 0.124043 0.15097 0.125766 0.130696 0.122832 0.132472 0.108701 0.153686 0.125411 0.152343 0.123919 0.102419 0.150527 0.173449 0.131998 0.14304 0.132149 0.1312 0.157825 0.12634 0.15099 0.127784
0.121962 0.126177 0.121187 0.115545 0.143184 0.117178 0.122113 0.114572 0.123971 0.100579 0.145731 0.116841 0.144437 0.115601 0.0947084 0.142758 0.164361 0.12335 0.13468 0.123606 0.122759 0.149233 0.117964 0.143204 0.119749
0.130433 0.134707 0.129194 0.123939 0.150874 0.125661 0.130591 0.12273 0.132368 0.108601 0.153588 0.125305 0.152246 0.123817 0.102324 0.150432 0.173339 0.131891 0.142937 0.132044 0.131096 0.15772 0.126237 0.150895 0.127685
0.122064 0.12628 0.121283 0.115646 0.143277 0.11728 0.122214 0.11467 0.124072 0.100675 0.145826 0.116943 0.144532 0.115699 0.0947994 0.14285 0.16447 0.123453 0.13478 0.123708 0.122859 0.149335 0.118064 0.143297 0.119845
0.13033 0.134603 0.129097 0.123837 0.150781 0.125558 0.130488 0.122631 0.132266 0.108503 0.153493 0.125203 0.152152 0.123717 0.102231 0.150339 0.173231 0.131788 0.142837 0.131942 0.130995 0.157617 0.126137 0.150802 0.127589
0.122164 0.12638 0.121377 0.115744 0.143368 0.117379 0.122314 0.114766 0.12417 0.100769 0.145918 0.117042 0.144624 0.115796 0.0948882 0.142941 0.164576 0.123553 0.134877 0.123807 0.122957 0.149435 0.118161 0.143387 0.119938
0.13023 0.134503 0.129002 0.123737 0.150691 0.125457 0.130388 0.122534 0.132167 0.108408 0.153401 0.125102 0.15206 0.123619 0.10214 0.150249 0.173125 0.131687 0.14274 0.131842 0.130896 0.157518 0.126039 0.150711 0.127495
0.122261 0.126478 0.121469 0.11584 0.143456 0.117476 0.122411 0.114859 0.124267 0.10086 0.146008 0.117139 0.144713 0.115889 0.0949749 0.143029 0.16468 0.123651 0.134972 0.123904 0.123052 0.149533 0.118255 0.143476 0.120029
0.130133 0.134404 0.12891 0.123641 0.150602 0.125359 0.13029 0.12244 0.13207 0.108315 0.15331 0.125005 0.15197 0.123525 0.102052 0.150161 0.173023 0.131588 0.142645 0.131745 0.1308 0.15742 0.125943 0.150623 0.127403
0.122355 0.126573 0.121558 0.115934 0.143542 0.117571 0.122506 0.11495 0.12436 0.10095 0.146096 0.117233 0.144801 0.115981 0.0950594 0.143115 0.164781 0.123746 0.135064 0.123998 0.123145 0.149628 0.118347 0.143562 0.120117
0.130037 0.134309 0.12882 0.123546 0.150516 0.125264 0.130195 0.122348 0.131976 0.108224 0.153222 0.12491 0.151883 0.123432 0.101966 0.150075 0.172922 0.131492 0.142552 0.13165 0.130706 0.157325 0.12585 0.150537 0.127314
0.122447 0.126666 0.121645 0.116025 0.143626 0.117663 0.122598 0.115038 0.124452 0.101036 0.146182 0.117325 0.144886 0.11607 0.0951418 0.143199 0.164879 0.123839 0.135154 0.12409 0.123236 0.149721 0.118437 0.143646 0.120204
0.129944 0.134215 0.128732 0.123454 0.150432 0.125171 0.130102 0.122258 0.131884 0.108136 0.153136 0.124817 0.151797 0.123342 0.101882 0.149991 0.172825 0.131398 0.142462 0.131558 0.130615 0.157233 0.125759 0.150452 0.127227
0.122537 0.126757 0.12173 0.116114 0.143708 0.117753 0.122688 0.115125 0.124541 0.101121 0.146266 0.117415 0.144969 0.116157 0.0952223 0.143281 0.164976 0.12393 0.135242 0.124179 0.123325 0.149812 0.118525 0.143728 0.120288
0.129854 0.134124 0.128646 0.123364 0.15035 0.12508 0.130011 0.122171 0.131794 0.10805 0.153053 0.124726 0.151714 0.123254 0.1018 0.149909 0.17273 0.131307 0.142374 0.131468 0.130526 0.157143 0.125671 0.150371 0.127142
0.122625 0.126846 0.121813 0.116201 0.143788 0.117841 0.122776 0.115209 0.124628 0.101204 0.146348 0.117503 0.145051 0.116242 0.0953008 0.14336 0.165069 0.124018 0.135328 0.124267 0.123411 0.1499 0.118611 0.143808 0.12037
0.129766 0.134035 0.128563 0.123277 0.15027 0.124992 0.129923 0.122086 0.131706 0.107966 0.152971 0.124638 0.151633 0.123168 0.10172 0.149829 0.172637 0.131218 0.142288 0.13138 0.130439 0.157055 0.125585 0.150291 0.127059
0.122711 0.126932 0.121894 0.116286 0.143866 0.117927 0.122861 0.115292 0.124713 0.101285 0.146427 0.117588 0.14513 0.116325 0.0953774 0.143438 0.165161 0.124105 0.135411 0.124352 0.123495 0.149987 0.118694 0.143886 0.12045
0.129679 0.133949 0.128481 0.123191 0.150192 0.124905 0.129836 0.122003 0.131621 0.107884 0.152891 0.124552 0.151554 0.123085 0.101642 0.149751 0.172546 0.131131 0.142204 0.131294 0.130354 0.156969 0.1255 0.150213 0.126979
0.122794 0.127016 0.121973 0.116368 0.143942 0.11801 0.122945 0.115372 0.124796 0.101364 0.146505 0.117672 0.145207 0.116406 0.0954521 0.143514 0.16525 0.124189 0.135493 0.124436 0.123578 0.150071 0.118776 0.143962 0.120529
0.129595 0.133864 0.128402 0.123108 0.150116 0.124821 0.129752 0.121922 0.131538 0.107804 0.152814 0.124468 0.151477 0.123003 0.101566 0.149676 0.172458 0.131047 0.142123 0.131211 0.130271 0.156885 0.125418 0.150137 0.1269
0.122876 0.127098 0.12205 0.116449 0.144016 0.118092 0.123027 0.11545 0.124877 0.101441 0.146581 0.117753 0.145282 0.116485 0.095525 0.143588 0.165337 0.124271 0.135573 0.124517 0.123658 0.150153 0.118855 0.144036 0.120605
0.129514 0.133782 0.128325 0.123027 0.150042 0.124739 0.12967 0.121843 0.131457 0.107726 0.152738 0.124386 0.151401 0.122923 0.101492 0.149602 0.172371 0.130964 0.142043 0.131129 0.130191 0.156803 0.125338 0.150063 0.126823
0.122955 0.127178 0.122125 0.116528 0.144089 0.118171 0.123106 0.115527 0.124956 0.101516 0.146655 0.117832 0.145356 0.116562 0.0955961 0.143661 0.165422 0.124351 0.13565 0.124596 0.123736 0.150233 0.118933 0.144109 0.120679
0.129434 0.133702 0.128249 0.122948 0.14997 0.124659 0.12959 0.121766 0.131378 0.10765 0.152664 0.124306 0.151328 0.122846 0.10142 0.149529 0.172287 0.130884 0.141965 0.13105 0.130112 0.156724 0.12526 0.14999 0.126748
0.123033 0.127257 0.122199 0.116605 0.144159 0.118249 0.123184 0.115602 0.125032 0.101589 0.146727 0.11791 0.145428 0.116638 0.0956656 0.143731 0.165504 0.124429 0.135726 0.124674 0.123813 0.150311 0.119009 0.144179 0.120752
0.129356 0.133623 0.128175 0.12287 0.149899 0.124581 0.129512 0.121691 0.1313 0.107576 0.152592 0.124228 0.151256 0.12277 0.10135 0.149459 0.172205 0.130805 0.141889 0.130972 0.130036 0.156646 0.125184 0.14992 0.126676
0.123109 0.127333 0.12227 0.11668 0.144228 0.118325 0.12326 0.115674 0.125108 0.10166 0.146798 0.117986 0.145498 0.116711 0.0957333 0.1438 0.165585 0.124506 0.1358 0.124749 0.123887 0.150387 0.119082 0.144248 0.120823
0.12928 0.133547 0.128104 0.122795 0.149831 0.124505 0.129436 0.121618 0.131225 0.107504 0.152522 0.124152 0.151186 0.122696 0.101281 0.14939 0.172125 0.130728 0.141815 0.130896 0.129961 0.15657 0.12511 0.149851 0.126604
0.123182 0.127407 0.12234 0.116753 0.144296 0.118399 0.123334 0.115745 0.125181 0.10173 0.146866 0.118059 0.145566 0.116782 0.0957995 0.143867 0.165664 0.12458 0.135872 0.124823 0.12396 0.150461 0.119155 0.144315 0.120892
0.129206 0.133472 0.128034 0.122722 0.149763 0.124431 0.129362 0.121546 0.131152 0.107434 0.152453 0.124078 0.151118 0.122625 0.101214 0.149323 0.172047 0.130654 0.141743 0.130823 0.129888 0.156496 0.125037 0.149784 0.126535
0.123255 0.12748 0.122408 0.116824 0.144361 0.118471 0.123406 0.115815 0.125252 0.101798 0.146934 0.118131 0.145633 0.116852 0.095864 0.143932 0.165741 0.124653 0.135943 0.124894 0.124031 0.150534 0.119225 0.144381 0.12096
0.129133 0.1334 0.127965 0.12265 0.149698 0.124358 0.12929 0.121476 0.13108 0.107365 0.152386 0.124006 0.151052 0.122554 0.101149 0.149258 0.171971 0.130581 0.141673 0.130751 0.129817 0.156424 0.124967 0.149718 0.126467
0.123325 0.127551 0.122475 0.116894 0.144425 0.118541 0.123476 0.115882 0.125322 0.101864 0.146999 0.118202 0.145698 0.116921 0.095927 0.143996 0.165816 0.124724 0.136011 0.124965 0.1241 0.150605 0.119294 0.144445 0.121026
0.129063 0.133329 0.127899 0.12258 0.149634 0.124288 0.129219 0.121408 0.13101 0.107298 0.152321 0.123935 0.150987 0.122486 0.101085 0.149194 0.171897 0.13051 0.141604 0.13068 0.129747 0.156354 0.124898 0.149654 0.126401
0.123393 0.12762 0.12254 0.116962 0.144488 0.11861 0.123545 0.115949 0.12539 0.101929 0.147063 0.11827 0.145761 0.116987 0.0959884 0.144059 0.165889 0.124793 0.136078 0.125033 0.124168 0.150674 0.119361 0.144508 0.12109
0.128994 0.13326 0.127834 0.122512 0.149572 0.124219 0.12915 0.121342 0.130942 0.107233 0.152258 0.123867 0.150924 0.122419 0.101023 0.149132 0.171824 0.13044 0.141537 0.130612 0.12968 0.156285 0.12483 0.149592 0.126337
0.12346 0.127688 0.122603 0.117028 0.144549 0.118677 0.123612 0.116013 0.125457 0.101993 0.147125 0.118337 0.145823 0.117052 0.0960484 0.14412 0.16596 0.124861 0.136144 0.1251 0.124234 0.150741 0.119426 0.144569 0.121153
0.128927 0.133192 0.12777 0.122445 0.149511 0.124151 0.129083 0.121277 0.130875 0.107169 0.152195 0.1238 0.150862 0.122354 0.100963 0.149072 0.171754 0.130373 0.141472 0.130545 0.129614 0.156218 0.124765 0.149531 0.126274
0.123526 0.127754 0.122665 0.117093 0.144608 0.118743 0.123677 0.116076 0.125521 0.102054 0.147186 0.118402 0.145883 0.117115 0.096107 0.144179 0.16603 0.124927 0.136208 0.125165 0.124298 0.150807 0.11949 0.144628 0.121214
0.128861 0.133126 0.127708 0.12238 0.149452 0.124086 0.129018 0.121214 0.130811 0.107107 0.152135 0.123734 0.150802 0.12229 0.100904 0.149012 0.171685 0.130307 0.141408 0.13048 0.129549 0.156153 0.124701 0.149472 0.126212
0.12359 0.127818 0.122725 0.117156 0.144666 0.118807 0.123741 0.116137 0.125585 0.102115 0.147245 0.118466 0.145942 0.117177 0.0961641 0.144237 0.166098 0.124991 0.13627 0.125229 0.124361 0.150871 0.119552 0.144686 0.121274
0.128798 0.133062 0.127648 0.122317 0.149394 0.124022 0.128954 0.121153 0.130747 0.107046 0.152076 0.12367 0.150743 0.122228 0.100846 0.148955 0.171617 0.130242 0.141346 0.130416 0.129486 0.156089 0.124638 0.149414 0.126153
0.123652 0.127881 0.122784 0.117218 0.144723 0.118869 0.123803 0.116197 0.125646 0.102173 0.147303 0.118528 0.146 0.117237 0.0962199 0.144293 0.166164 0.125054 0.136331 0.125291 0.124422 0.150934 0.119613 0.144743 0.121332
0.128735 0.132999 0.127589 0.122255 0.149337 0.123959 0.128891 0.121093 0.130685 0.106987 0.152018 0.123608 0.150686 0.122168 0.10079 0.148898 0.171551 0.130179 0.141286 0.130354 0.129425 0.156027 0.124577 0.149358 0.126094
0.123713 0.127942 0.122842 0.117278 0.144778 0.11893 0.123864 0.116256 0.125707 0.102231 0.14736 0.118589 0.146056 0.117296 0.0962743 0.144349 0.166229 0.125115 0.13639 0.125351 0.124482 0.150995 0.119672 0.144798 0.121389
0.128674 0.132938 0.127532 0.122195 0.149282 0.123899 0.128831 0.121034 0.130625 0.106929 0.151962 0.123547 0.15063 0.122109 0.100735 0.148843 0.171487 0.130118 0.141226 0.130294 0.129365 0.155966 0.124518 0.149303 0.126037
0.123772 0.128002 0.122898 0.117337 0.144832 0.118989 0.123924 0.116313 0.125765 0.102287 0.147415 0.118648 0.146111 0.117354 0.0963274 0.144402 0.166292 0.125175 0.136448 0.12541 0.12454 0.151055 0.11973 0.144852 0.121445
0.128615 0.132878 0.127475 0.122136 0.149229 0.123839 0.128771 0.120977 0.130566 0.106873 0.151907 0.123488 0.150575 0.122051 0.100681 0.14879 0.171425 0.130058 0.141169 0.130235 0.129307 0.155907 0.12446 0.149249 0.125982
0.12383 0.12806 0.122952 0.117394 0.144885 0.119047 0.123982 0.116368 0.125823 0.102341 0.147469 0.118706 0.146164 0.11741 0.0963793 0.144455 0.166354 0.125233 0.136505 0.125468 0.124597 0.151113 0.119786 0.144905 0.121499
0.128557 0.13282 0.127421 0.122079 0.149176 0.123781 0.128713 0.120921 0.130509 0.106818 0.151853 0.12343 0.150522 0.121995 0.100629 0.148737 0.171364 0.13 0.141112 0.130177 0.12925 0.155849 0.124403 0.149196 0.125927
0.123886 0.128117 0.123006 0.11745 0.144936 0.119104 0.124038 0.116423 0.125879 0.102395 0.147521 0.118763 0.146217 0.117465 0.0964299 0.144506 0.166414 0.12529 0.13656 0.125524 0.124653 0.15117 0.119842 0.144956 0.121552
0.128501 0.132763 0.127367 0.122023 0.149125 0.123725 0.128657 0.120867 0.130453 0.106764 0.151801 0.123373 0.15047 0.12194 0.100578 0.148686 0.171304 0.129943 0.141057 0.130121 0.129194 0.155793 0.124348 0.149145 0.125875
0.123941 0.128173 0.123058 0.117505 0.144986 0.119159 0.124093 0.116476 0.125934 0.102447 0.147572 0.118818 0.146268 0.117518 0.0964793 0.144556 0.166473 0.125346 0.136614 0.125579 0.124707 0.151225 0.119895 0.145006 0.121604
0.128446 0.132708 0.127315 0.121968 0.149075 0.123669 0.128601 0.120813 0.130398 0.106712 0.15175 0.123318 0.150419 0.121887 0.100529 0.148636 0.171246 0.129887 0.141004 0.130066 0.12914 0.155738 0.124294 0.149095 0.125823
0.123995 0.128227 0.123109 0.117558 0.145035 0.119213 0.124147 0.116528 0.125987 0.102498 0.147622 0.118871 0.146317 0.11757 0.0965275 0.144605 0.16653 0.1254 0.136666 0.125633 0.12476 0.151279 0.119948 0.145055 0.121654
0.128392 0.132654 0.127264 0.121915 0.149026 0.123615 0.128548 0.120762 0.130345 0.106661 0.1517 0.123265 0.15037 0.121834 0.10048 0.148588 0.171189 0.129833 0.140951 0.130012 0.129087 0.155684 0.124242 0.149047 0.125773
0.124048 0.12828 0.123158 0.11761 0.145083 0.119265 0.1242 0.116578 0.126039 0.102547 0.147671 0.118924 0.146366 0.117621 0.0965746 0.144653 0.166586 0.125453 0.136717 0.125685 0.124812 0.151332 0.119999 0.145103 0.121703
0.128339 0.132601 0.127215 0.121863 0.148979 0.123563 0.128495 0.120711 0.130293 0.106611 0.151652 0.123212 0.150322 0.121784 0.100433 0.14854 0.171134 0.12978 0.1409 0.12996 0.129035 0.155632 0.12419 0.148999 0.125723
0.124099 0.128331 0.123207 0.117661 0.14513 0.119317 0.124251 0.116627 0.12609 0.102596 0.147719 0.118975 0.146413 0.117671 0.0966205 0.144699 0.16664 0.125505 0.136767 0.125736 0.124862 0.151383 0.120049 0.14515 0.121751
0.128288 0.132549 0.127166 0.121812 0.148932 0.123512 0.128444 0.120662 0.130242 0.106563 0.151604 0.123161 0.150274 0.121734 0.100387 0.148494 0.17108 0.129729 0.140851 0.129909 0.128985 0.15558 0.12414 0.148953 0.125675
0.124149 0.128382 0.123254 0.11771 0.145175 0.119367 0.124301 0.116676 0.126139 0.102643 0.147765 0.119025 0.146459 0.117719 0.0966654 0.144745 0.166694 0.125555 0.136816 0.125786 0.124911 0.151434 0.120098 0.145195 0.121798
0.128238 0.132499 0.127119 0.121762 0.148887 0.123462 0.128394 0.120614 0.130193 0.106515 0.151558 0.123111 0.150228 0.121685 0.100341 0.148449 0.171027 0.129678 0.140802 0.129859 0.128936 0.15553 0.124092 0.148907 0.125629
0.124198 0.128431 0.1233 0.117759 0.14522 0.119416 0.12435 0.116723 0.126188 0.102689 0.147811 0.119074 0.146504 0.117767 0.0967092 0.144789 0.166746 0.125604 0.136864 0.125835 0.12496 0.151483 0.120146 0.14524 0.121844
0.128189 0.13245 0.127073 0.121714 0.148843 0.123413 0.128345 0.120567 0.130145 0.106469 0.151513 0.123062 0.150184 0.121638 0.100298 0.148405 0.170976 0.129629 0.140754 0.129811 0.128888 0.155482 0.124044 0.148863 0.125583
0.124246 0.128479 0.123345 0.117806 0.145263 0.119463 0.124398 0.116769 0.126235 0.102734 0.147855 0.119121 0.146548 0.117813 0.0967519 0.144832 0.166796 0.125653 0.13691 0.125882 0.125006 0.151531 0.120192 0.145283 0.121888
0.128142 0.132402 0.127028 0.121667 0.1488 0.123365 0.128297 0.120521 0.130097 0.106424 0.151469 0.123015 0.15014 0.121592 0.100255 0.148362 0.170925 0.129581 0.140708 0.129764 0.128841 0.155434 0.123997 0.14882 0.125538
0.124292 0.128526 0.123389 0.117852 0.145305 0.11951 0.124444 0.116813 0.126281 0.102778 0.147898 0.119168 0.146591 0.117858 0.0967936 0.144875 0.166846 0.125699 0.136956 0.125929 0.125052 0.151577 0.120238 0.145325 0.121932
0.128095 0.132355 0.126984 0.121621 0.148758 0.123319 0.128251 0.120476 0.130051 0.10638 0.151426 0.122968 0.150097 0.121547 0.100213 0.14832 0.170876 0.129534 0.140663 0.129717 0.128795 0.155388 0.123952 0.148778 0.125495
0.124338 0.128572 0.123432 0.117897 0.145347 0.119555 0.12449 0.116857 0.126326 0.102821 0.147941 0.119213 0.146633 0.117902 0.0968344 0.144916 0.166894 0.125745 0.137 0.125974 0.125097 0.151623 0.120282 0.145367 0.121975
0.12805 0.13231 0.126942 0.121576 0.148717 0.123273 0.128206 0.120432 0.130007 0.106337 0.151384 0.122923 0.150055 0.121503 0.100172 0.148279 0.170829 0.129489 0.140619 0.129672 0.128751 0.155343 0.123908 0.148737 0.125452
0.124382 0.128616 0.123474 0.117941 0.145387 0.1196 0.124534 0.1169 0.12637 0.102863 0.147982 0.119258 0.146674 0.117945 0.0968741 0.144956 0.166941 0.12579 0.137043 0.126018 0.125141 0.151668 0.120325 0.145407 0.122016
0.128006 0.132265 0.1269 0.121532 0.148677 0.123229 0.128161 0.12039 0.129963 0.106295 0.151343 0.122879 0.150015 0.12146 0.100132 0.148239 0.170782 0.129444 0.140576 0.129628 0.128707 0.155298 0.123865 0.148697 0.125411
0.124425 0.12866 0.123515 0.117984 0.145426 0.119643 0.124577 0.116941 0.126413 0.102904 0.148022 0.119301 0.146714 0.117987 0.0969129 0.144995 0.166987 0.125834 0.137086 0.126061 0.125183 0.151711 0.120368 0.145446 0.122057
0.127963 0.132222 0.126859 0.121489 0.148638 0.123186 0.128118 0.120348 0.12992 0.106254 0.151303 0.122836 0.149975 0.121418 0.100093 0.1482 0.170736 0.129401 0.140534 0.129585 0.128665 0.155255 0.123822 0.148658 0.125371
0.124467 0.128703 0.123555 0.118026 0.145465 0.119685 0.12462 0.116982 0.126455 0.102944 0.148061 0.119343 0.146753 0.118028 0.0969508 0.145034 0.167032 0.125876 0.137127 0.126103 0.125225 0.151753 0.120409 0.145485 0.122096
0.127921 0.13218 0.126819 0.121448 0.148599 0.123143 0.128076 0.120308 0.129878 0.106214 0.151264 0.122794 0.149936 0.121377 0.100055 0.148162 0.170692 0.129358 0.140493 0.129543 0.128623 0.155213 0.123781 0.14862 0.125331
0.124509 0.128744 0.123594 0.118067 0.145502 0.119727 0.124661 0.117022 0.126496 0.102983 0.1481 0.119384 0.146791 0.118068 0.0969878 0.145071 0.167076 0.125918 0.137167 0.126145 0.125265 0.151795 0.120449 0.145522 0.122135
0.127879 0.132138 0.12678 0.121407 0.148562 0.123102 0.128035 0.120268 0.129837 0.106175 0.151226 0.122753 0.149898 0.121337 0.100018 0.148125 0.170649 0.129317 0.140453 0.129502 0.128583 0.155172 0.123741 0.148582 0.125293
0.124549 0.128785 0.123632 0.118107 0.145539 0.119767 0.124701 0.11706 0.126536 0.103021 0.148137 0.119424 0.146828 0.118107 0.0970239 0.145108 0.167119 0.125958 0.137206 0.126185 0.125305 0.151835 0.120488 0.145559 0.122173
0.127839 0.132098 0.126742 0.121367 0.148526 0.123062 0.127995 0.120229 0.129798 0.106137 0.151189 0.122713 0.149862 0.121298 0.099982 0.148088 0.170606 0.129276 0.140414 0.129462 0.128544 0.155132 0.123702 0.148546 0.125255
0.124588 0.128824 0.123669 0.118145 0.145575 0.119806 0.124741 0.117098 0.126575 0.103058 0.148173 0.119464 0.146865 0.118145 0.0970591 0.145143 0.167161 0.125998 0.137245 0.126224 0.125344 0.151875 0.120527 0.145595 0.122209
0.1278 0.132058 0.126705 0.121328 0.14849 0.123023 0.127956 0.120192 0.129759 0.1061 0.151153 0.122673 0.149825 0.12126 0.0999468 0.148053 0.170565 0.129237 0.140376 0.129423 0.128505 0.155093 0.123664 0.148511 0.125218
0.124627 0.128863 0.123706 0.118183 0.145609 0.119845 0.124779 0.117135 0.126613 0.103094 0.148209 0.119502 0.1469 0.118182 0.0970935 0.145178 0.167202 0.126037 0.137282 0.126262 0.125381 0.151913 0.120564 0.145629 0.122245
0.127762 0.13202 0.126669 0.121291 0.148456 0.122985 0.127917 0.120155 0.129721 0.106063 0.151117 0.122635 0.14979 0.121223 0.0999123 0.148018 0.170524 0.129198 0.140338 0.129385 0.128467 0.155055 0.123626 0.148476 0.125183
0.124664 0.128901 0.123741 0.118221 0.145643 0.119882 0.124817 0.117171 0.12665 0.10313 0.148244 0.119539 0.146935 0.118218 0.0971271 0.145212 0.167241 0.126074 0.137319 0.126299 0.125418 0.151951 0.120601 0.145663 0.12228
0.127725 0.131982 0.126634 0.121254 0.148422 0.122947 0.12788 0.120119 0.129684 0.106028 0.151083 0.122598 0.149756 0.121187 0.0998788 0.147985 0.170485 0.129161 0.140302 0.129348 0.128431 0.155017 0.12359 0.148442 0.125148
0.124701 0.128937 0.123776 0.118257 0.145677 0.119919 0.124853 0.117206 0.126686 0.103164 0.148278 0.119576 0.146968 0.118254 0.0971599 0.145245 0.16728 0.126111 0.137354 0.126336 0.125454 0.151988 0.120636 0.145697 0.122315
0.127688 0.131946 0.1266 0.121217 0.148389 0.122911 0.127844 0.120084 0.129648 0.105994 0.151049 0.122562 0.149723 0.121152 0.099846 0.147952 0.170447 0.129124 0.140267 0.129312 0.128395 0.154981 0.123554 0.148409 0.125114
0.124736 0.128973 0.123809 0.118292 0.145709 0.119955 0.124889 0.117241 0.126722 0.103198 0.148311 0.119612 0.147001 0.118288 0.0971919 0.145278 0.167318 0.126147 0.137389 0.126371 0.125489 0.152023 0.120671 0.145729 0.122348
0.127653 0.13191 0.126566 0.121182 0.148357 0.122875 0.127808 0.12005 0.129613 0.10596 0.151016 0.122526 0.14969 0.121117 0.099814 0.14792 0.170409 0.129088 0.140232 0.129277 0.12836 0.154946 0.12352 0.148377 0.12508
0.124771 0.129008 0.123842 0.118327 0.145741 0.119989 0.124924 0.117274 0.126756 0.103231 0.148343 0.119646 0.147034 0.118322 0.0972231 0.145309 0.167355 0.126182 0.137423 0.126406 0.125524 0.152058 0.120705 0.145761 0.122381
0.127618 0.131875 0.126533 0.121148 0.148325 0.122841 0.127773 0.120016 0.129578 0.105927 0.150984 0.122491 0.149658 0.121084 0.0997827 0.147888 0.170372 0.129053 0.140198 0.129242 0.128326 0.154911 0.123486 0.148345 0.125048
0.124805 0.129043 0.123874 0.11836 0.145772 0.120023 0.124958 0.117307 0.12679 0.103263 0.148375 0.11968 0.147065 0.118355 0.0972536 0.14534 0.167391 0.126217 0.137456 0.12644 0.125557 0.152093 0.120738 0.145792 0.122413
0.127584 0.131841 0.126501 0.121114 0.148295 0.122807 0.12774 0.119984 0.129545 0.105895 0.150953 0.122458 0.149627 0.121051 0.0997523 0.147858 0.170337 0.129019 0.140165 0.129208 0.128293 0.154877 0.123453 0.148315 0.125016
0.124838 0.129076 0.123906 0.118393 0.145802 0.120057 0.124991 0.117339 0.126823 0.103294 0.148406 0.119713 0.147096 0.118387 0.0972834 0.14537 0.167427 0.12625 0.137489 0.126473 0.12559 0.152126 0.120771 0.145822 0.122444
0.127551 0.131808 0.12647 0.121082 0.148265 0.122774 0.127706 0.119952 0.129512 0.105864 0.150922 0.122425 0.149596 0.121019 0.0997225 0.147828 0.170302 0.128986 0.140133 0.129176 0.12826 0.154844 0.123421 0.148285 0.124985
0.124871 0.129109 0.123936 0.118425 0.145831 0.120089 0.125023 0.11737 0.126855 0.103325 0.148436 0.119746 0.147125 0.118419 0.0973125 0.145399 0.167461 0.126283 0.13752 0.126505 0.125622 0.152158 0.120802 0.145851 0.122474
0.127519 0.131776 0.12644 0.12105 0.148235 0.122741 0.127674 0.119921 0.12948 0.105833 0.150892 0.122392 0.149567 0.120988 0.0996935 0.147799 0.170268 0.128953 0.140102 0.129143 0.128228 0.154812 0.123389 0.148256 0.124955
0.124902 0.129141 0.123966 0.118457 0.14586 0.120121 0.125055 0.117401 0.126886 0.103355 0.148465 0.119777 0.147155 0.118449 0.0973409 0.145428 0.167495 0.126315 0.137551 0.126537 0.125653 0.15219 0.120833 0.14588 0.122504
0.127488 0.131744 0.12641 0.121019 0.148207 0.12271 0.127643 0.11989 0.129449 0.105803 0.150863 0.122361 0.149538 0.120957 0.0996652 0.14777 0.170235 0.128922 0.140071 0.129112 0.128197 0.15478 0.123358 0.148227 0.124926
0.124933 0.129172 0.123995 0.118487 0.145888 0.120152 0.125086 0.11743 0.126917 0.103384 0.148494 0.119808 0.147183 0.118479 0.0973686 0.145456 0.167527 0.126346 0.137581 0.126567 0.125683 0.152221 0.120863 0.145908 0.122533
0.127457 0.131713 0.126381 0.120988 0.148179 0.122679 0.127612 0.119861 0.129419 0.105774 0.150835 0.12233 0.149509 0.120927 0.0996375 0.147742 0.170202 0.128891 0.140041 0.129082 0.128167 0.15475 0.123328 0.148199 0.124897
0.124963 0.129202 0.124024 0.118517 0.145915 0.120182 0.125116 0.117459 0.126947 0.103413 0.148522 0.119838 0.147211 0.118509 0.0973956 0.145483 0.167559 0.126376 0.137611 0.126598 0.125713 0.152251 0.120893 0.145935 0.122561
0.127427 0.131683 0.126353 0.120958 0.148152 0.122649 0.127582 0.119832 0.129389 0.105746 0.150807 0.1223 0.149482 0.120898 0.0996105 0.147715 0.17017 0.12886 0.140012 0.129052 0.128138 0.15472 0.123299 0.148172 0.124869
0.124993 0.129232 0.124052 0.118546 0.145942 0.120211 0.125145 0.117488 0.126976 0.10344 0.148549 0.119868 0.147238 0.118537 0.097422 0.14551 0.167591 0.126406 0.137639 0.126627 0.125742 0.152281 0.120922 0.145962 0.122588
0.127398 0.131653 0.126325 0.120929 0.148125 0.12262 0.127553 0.119804 0.12936 0.105718 0.15078 0.122271 0.149455 0.12087 0.0995842 0.147689 0.170139 0.128831 0.139984 0.129023 0.128109 0.15469 0.12327 0.148146 0.124841
0.125021 0.129261 0.124079 0.118575 0.145968 0.12024 0.125174 0.117515 0.127004 0.103468 0.148576 0.119896 0.147265 0.118565 0.0974478 0.145536 0.167621 0.126435 0.137667 0.126655 0.12577 0.15231 0.12095 0.145988 0.122615
0.127369 0.131625 0.126298 0.120901 0.1481 0.122591 0.127524 0.119776 0.129332 0.105691 0.150753 0.122243 0.149429 0.120842 0.0995585 0.147663 0.170109 0.128802 0.139956 0.128994 0.128081 0.154662 0.123243 0.14812 0.124815
0.125049 0.129289 0.124105 0.118602 0.145994 0.120268 0.125202 0.117542 0.127032 0.103494 0.148602 0.119924 0.14729 0.118592 0.0974729 0.145562 0.167651 0.126463 0.137695 0.126683 0.125798 0.152338 0.120977 0.146014 0.122642
0.127341 0.131597 0.126272 0.120874 0.148074 0.122563 0.127496 0.119749 0.129304 0.105664 0.150728 0.122215 0.149403 0.120815 0.0995334 0.147638 0.17008 0.128774 0.139929 0.128966 0.128053 0.154634 0.123215 0.148094 0.124789
0.125077 0.129316 0.124131 0.118629 0.146019 0.120296 0.12523 0.117569 0.127059 0.10352 0.148627 0.119952 0.147316 0.118619 0.0974975 0.145586 0.16768 0.126491 0.137721 0.126711 0.125825 0.152365 0.121004 0.146039 0.122667
0.127314 0.131569 0.126246 0.120847 0.14805 0.122536 0.127469 0.119723 0.129277 0.105639 0.150702 0.122188 0.149378 0.120789 0.0995089 0.147613 0.170051 0.128747 0.139902 0.128939 0.128027 0.154607 0.123189 0.14807 0.124763
0.125104 0.129343 0.124156 0.118656 0.146043 0.120322 0.125256 0.117594 0.127086 0.103545 0.148652 0.119979 0.14734 0.118645 0.0975215 0.145611 0.167708 0.126518 0.137748 0.126737 0.125851 0.152392 0.12103 0.146063 0.122692
0.127288 0.131543 0.126221 0.12082 0.148026 0.122509 0.127442 0.119698 0.129251 0.105614 0.150678 0.122161 0.149354 0.120763 0.099485 0.147589 0.170023 0.12872 0.139876 0.128913 0.128001 0.15458 0.123163 0.148046 0.124738
0.12513 0.12937 0.124181 0.118682 0.146067 0.120348 0.125283 0.117619 0.127112 0.10357 0.148676 0.120005 0.147364 0.11867 0.0975449 0.145634 0.167736 0.126544 0.137773 0.126763 0.125877 0.152418 0.121055 0.146087 0.122717
0.127262 0.131516 0.126196 0.120795 0.148002 0.122484 0.127417 0.119673 0.129225 0.105589 0.150654 0.122135 0.14933 0.120738 0.0994617 0.147566 0.169996 0.128694 0.139851 0.128887 0.127975 0.154554 0.123138 0.148022 0.124714
0.125155 0.129395 0.124205 0.118707 0.14609 0.120374 0.125308 0.117644 0.127137 0.103594 0.1487 0.12003 0.147388 0.118695 0.0975677 0.145657 0.167763 0.12657 0.137798 0.126789 0.125902 0.152444 0.12108 0.14611 0.12274
0.127236 0.131491 0.126173 0.120769 0.147979 0.122458 0.127391 0.119648 0.1292 0.105565 0.15063 0.12211 0.149306 0.120713 0.0994389 0.147543 0.169969 0.128668 0.139827 0.128862 0.12795 0.154529 0.123113 0.147999 0.12469
0.12518 0.12942 0.124229 0.118732 0.146112 0.120399 0.125333 0.117668 0.127161 0.103618 0.148723 0.120055 0.147411 0.118719 0.0975901 0.14568 0.16779 0.126595 0.137822 0.126813 0.125926 0.152469 0.121104 0.146132 0.122764
0.127212 0.131466 0.126149 0.120745 0.147957 0.122433 0.127367 0.119625 0.129176 0.105542 0.150607 0.122085 0.149284 0.120689 0.0994167 0.14752 0.169943 0.128643 0.139802 0.128837 0.127926 0.154504 0.123089 0.147977 0.124667
0.125204 0.129445 0.124252 0.118756 0.146134 0.120423 0.125357 0.117691 0.127186 0.10364 0.148745 0.120079 0.147433 0.118742 0.0976118 0.145702 0.167815 0.126619 0.137846 0.126838 0.12595 0.152493 0.121128 0.146154 0.122786
0.127188 0.131442 0.126126 0.120721 0.147935 0.122409 0.127342 0.119601 0.129152 0.105519 0.150585 0.122061 0.149261 0.120666 0.099395 0.147499 0.169917 0.128619 0.139779 0.128813 0.127902 0.15448 0.123065 0.147955 0.124645
0.125228 0.129469 0.124274 0.118779 0.146156 0.120447 0.125381 0.117714 0.127209 0.103663 0.148767 0.120103 0.147455 0.118765 0.0976331 0.145723 0.16784 0.126643 0.137869 0.126861 0.125973 0.152517 0.121151 0.146176 0.122809
0.127164 0.131418 0.126104 0.120698 0.147914 0.122386 0.127319 0.119579 0.129128 0.105496 0.150563 0.122038 0.14924 0.120643 0.0993738 0.147477 0.169892 0.128595 0.139756 0.12879 0.127879 0.154457 0.123042 0.147934 0.124622
0.125251 0.129492 0.124296 0.118802 0.146177 0.12047 0.125404 0.117736 0.127232 0.103685 0.148789 0.120126 0.147476 0.118788 0.0976539 0.145744 0.167865 0.126666 0.137891 0.126884 0.125996 0.15254 0.121174 0.146197 0.12283
0.127141 0.131395 0.126082 0.120675 0.147893 0.122363 0.127296 0.119557 0.129106 0.105475 0.150542 0.122015 0.149219 0.120621 0.0993531 0.147457 0.169868 0.128572 0.139734 0.128767 0.127856 0.154434 0.12302 0.147913 0.124601
0.125274 0.129515 0.124317 0.118824 0.146197 0.120493 0.125427 0.117758 0.127254 0.103706 0.14881 0.120148 0.147497 0.118809 0.0976741 0.145765 0.167889 0.126689 0.137913 0.126907 0.126018 0.152563 0.121196 0.146217 0.122851
0.127119 0.131373 0.126061 0.120653 0.147872 0.12234 0.127273 0.119535 0.129083 0.105453 0.150521 0.121992 0.149198 0.120599 0.099333 0.147436 0.169844 0.12855 0.139712 0.128745 0.127834 0.154411 0.122998 0.147893 0.12458
0.125296 0.129537 0.124338 0.118846 0.146217 0.120515 0.125449 0.117779 0.127276 0.103727 0.14883 0.12017 0.147518 0.118831 0.0976939 0.145785 0.167912 0.126711 0.137935 0.126929 0.12604 0.152585 0.121217 0.146237 0.122872
0.127097 0.131351 0.126041 0.120631 0.147853 0.122318 0.127252 0.119514 0.129062 0.105433 0.150501 0.12197 0.149178 0.120578 0.0993133 0.147416 0.169821 0.128528 0.139691 0.128723 0.127813 0.154389 0.122977 0.147873 0.12456
0.125317 0.129558 0.124358 0.118868 0.146237 0.120536 0.12547 0.1178 0.127297 0.103747 0.14885 0.120192 0.147537 0.118852 0.0977132 0.145804 0.167935 0.126733 0.137956 0.12695 0.126061 0.152606 0.121238 0.146257 0.122892
0.127075 0.131329 0.12602 0.12061 0.147833 0.122297 0.12723 0.119493 0.129041 0.105412 0.150481 0.121949 0.149158 0.120557 0.099294 0.147397 0.169799 0.128506 0.13967 0.128702 0.127792 0.154368 0.122956 0.147853 0.12454
0.125338 0.12958 0.124378 0.118888 0.146256 0.120557 0.125491 0.11782 0.127318 0.103767 0.14887 0.120213 0.147557 0.118872 0.0977321 0.145823 0.167958 0.126754 0.137976 0.126971 0.126082 0.152627 0.121259 0.146276 0.122912
0.127055 0.131308 0.126001 0.120589 0.147814 0.122276 0.127209 0.119473 0.12902 0.105393 0.150462 0.121928 0.149139 0.120537 0.0992753 0.147378 0.169777 0.128485 0.139649 0.128681 0.127771 0.154347 0.122935 0.147834 0.12452
0.125359 0.1296 0.124398 0.118909 0.146275 0.120578 0.125512 0.11784 0.127339 0.103787 0.148889 0.120233 0.147576 0.118892 0.0977505 0.145842 0.167979 0.126775 0.137996 0.126991 0.126102 0.152648 0.121279 0.146295 0.122931
0.127034 0.131288 0.125982 0.120569 0.147796 0.122256 0.127189 0.119454 0.129 0.105373 0.150443 0.121908 0.14912 0.120517 0.099257 0.14736 0.169755 0.128464 0.13963 0.128661 0.127751 0.154327 0.122915 0.147816 0.124501
0.125379 0.12962 0.124417 0.118928 0.146293 0.120598 0.125532 0.117859 0.127358 0.103806 0.148907 0.120253 0.147594 0.118911 0.0977685 0.14586 0.168001 0.126795 0.138016 0.127011 0.126122 0.152668 0.121298 0.146313 0.12295
0.127014 0.131268 0.125963 0.12055 0.147778 0.122236 0.127169 0.119434 0.12898 0.105355 0.150425 0.121888 0.149102 0.120498 0.0992391 0.147342 0.169734 0.128444 0.13961 0.128641 0.127732 0.154307 0.122896 0.147798 0.124482
0.125398 0.12964 0.124435 0.118948 0.146311 0.120617 0.125551 0.117878 0.127378 0.103824 0.148926 0.120273 0.147612 0.11893 0.097786 0.145878 0.168021 0.126815 0.138035 0.127031 0.126141 0.152688 0.121317 0.146331 0.122968
0.126995 0.131248 0.125944 0.12053 0.14776 0.122217 0.12715 0.119416 0.128961 0.105336 0.150407 0.121869 0.149084 0.120479 0.0992217 0.147324 0.169714 0.128425 0.139591 0.128622 0.127713 0.154288 0.122877 0.14778 0.124464
0.125417 0.129659 0.124453 0.118967 0.146328 0.120636 0.12557 0.117896 0.127397 0.103842 0.148943 0.120292 0.14763 0.118949 0.0978031 0.145895 0.168041 0.126834 0.138054 0.12705 0.12616 0.152707 0.121336 0.146348 0.122986
0.126976 0.131229 0.125927 0.120512 0.147743 0.122198 0.127131 0.119398 0.128942 0.105318 0.150389 0.12185 0.149067 0.120461 0.0992046 0.147307 0.169694 0.128406 0.139573 0.128603 0.127694 0.154269 0.122859 0.147763 0.124446
0.125436 0.129678 0.124471 0.118985 0.146345 0.120655 0.125589 0.117914 0.127415 0.10386 0.148961 0.120311 0.147647 0.118967 0.0978199 0.145912 0.168061 0.126853 0.138072 0.127068 0.126178 0.152725 0.121354 0.146365 0.123004
0.126958 0.13121 0.125909 0.120493 0.147726 0.122179 0.127112 0.11938 0.128924 0.105301 0.150372 0.121831 0.14905 0.120443 0.099188 0.14729 0.169674 0.128387 0.139555 0.128584 0.127676 0.15425 0.122841 0.147746 0.124429
0.125454 0.129696 0.124488 0.119003 0.146361 0.120673 0.125607 0.117932 0.127433 0.103877 0.148977 0.120329 0.147664 0.118984 0.0978362 0.145928 0.168081 0.126871 0.138089 0.127086 0.126196 0.152744 0.121372 0.146381 0.123021
0.12694 0.131192 0.125892 0.120475 0.14771 0.122161 0.127094 0.119362 0.128906 0.105284 0.150355 0.121813 0.149033 0.120425 0.0991718 0.147274 0.169655 0.128369 0.139537 0.128566 0.127658 0.154232 0.122823 0.14773 0.124412
0.125472 0.129714 0.124505 0.119021 0.146378 0.120691 0.125625 0.117949 0.127451 0.103894 0.148994 0.120346 0.14768 0.119002 0.0978521 0.145945 0.168099 0.126889 0.138107 0.127104 0.126213 0.152762 0.121389 0.146398 0.123037
0.126922 0.131175 0.125875 0.120458 0.147694 0.122143 0.127077 0.119345 0.128888 0.105267 0.150339 0.121796 0.149017 0.120408 0.0991559 0.147258 0.169636 0.128351 0.13952 0.128549 0.127641 0.154215 0.122806 0.147714 0.124396
0.125489 0.129732 0.124521 0.119038 0.146393 0.120708 0.125642 0.117965 0.127468 0.10391 0.14901 0.120364 0.147696 0.119018 0.0978677 0.14596 0.168118 0.126906 0.138124 0.127121 0.12623 0.152779 0.121406 0.146413 0.123053
0.126905 0.131157 0.125859 0.120441 0.147678 0.122126 0.127059 0.119329 0.128871 0.105251 0.150323 0.121779 0.149001 0.120392 0.0991405 0.147243 0.169618 0.128334 0.139504 0.128532 0.127624 0.154197 0.122789 0.147699 0.12438
0.125506 0.129749 0.124537 0.119055 0.146409 0.120725 0.125659 0.117982 0.127485 0.103926 0.149026 0.120381 0.147712 0.119035 0.0978829 0.145976 0.168136 0.126923 0.13814 0.127138 0.126247 0.152796 0.121423 0.146429 0.123069
0.126888 0.13114 0.125843 0.120424 0.147663 0.122109 0.127043 0.119313 0.128855 0.105235 0.150308 0.121762 0.148986 0.120375 0.0991254 0.147227 0.1696 0.128317 0.139487 0.128515 0.127607 0.154181 0.122773 0.147683 0.124364
0.125523 0.129765 0.124553 0.119071 0.146424 0.120742 0.125676 0.117998 0.127501 0.103942 0.149041 0.120397 0.147727 0.119051 0.0978977 0.145991 0.168153 0.12694 0.138156 0.127155 0.126263 0.152812 0.121439 0.146444 0.123085
0.126872 0.131124 0.125828 0.120408 0.147648 0.122093 0.127026 0.119297 0.128839 0.105219 0.150292 0.121745 0.148971 0.120359 0.0991107 0.147213 0.169583 0.128301 0.139471 0.128499 0.127591 0.154164 0.122757 0.147668 0.124349
0.125539 0.129782 0.124568 0.119087 0.146438 0.120758 0.125692 0.118013 0.127517 0.103957 0.149056 0.120413 0.147742 0.119066 0.0979122 0.146005 0.16817 0.126956 0.138172 0.127171 0.126279 0.152829 0.121455 0.146458 0.1231
0.126856 0.131108 0.125813 0.120392 0.147634 0.122077 0.12701 0.119282 0.128823 0.105204 0.150278 0.121729 0.148956 0.120344 0.0990963 0.147198 0.169566 0.128284 0.139456 0.128483 0.127576 0.154148 0.122741 0.147654 0.124334
0.125554 0.129797 0.124583 0.119103 0.146453 0.120774 0.125708 0.118028 0.127533 0.103972 0.149071 0.120429 0.147756 0.119082 0.0979263 0.146019 0.168187 0.126972 0.138187 0.127186 0.126295 0.152844 0.12147 0.146473 0.123115
0.12684 0.131092 0.125798 0.120377 0.14762 0.122061 0.126995 0.119267 0.128807 0.105189 0.150263 0.121714 0.148941 0.120329 0.0990822 0.147184 0.16955 0.128269 0.139441 0.128467 0.12756 0.154133 0.122726 0.14764 0.124319
0.12557 0.129813 0.124597 0.119118 0.146466 0.120789 0.125723 0.118043 0.127548 0.103986 0.149085 0.120444 0.14777 0.119097 0.0979401 0.146033 0.168203 0.126988 0.138202 0.127202 0.12631 0.15286 0.121485 0.146487 0.123129
0.126825 0.131077 0.125784 0.120362 0.147606 0.122046 0.126979 0.119252 0.128792 0.105175 0.150249 0.121699 0.148927 0.120314 0.0990685 0.14717 0.169534 0.128253 0.139426 0.128452 0.127545 0.154117 0.122711 0.147626 0.124305
0.125585 0.129828 0.124611 0.119133 0.14648 0.120804 0.125738 0.118058 0.127563 0.104001 0.149099 0.120459 0.147784 0.119111 0.0979536 0.146047 0.168219 0.127003 0.138217 0.127217 0.126325 0.152875 0.1215 0.1465 0.123143
0.12681 0.131062 0.12577 0.120347 0.147592 0.122031 0.126965 0.119238 0.128777 0.105161 0.150235 0.121684 0.148914 0.1203 0.0990552 0.147157 0.169518 0.128238 0.139411 0.128437 0.127531 0.154102 0.122696 0.147613 0.124291
0.125599 0.129843 0.124625 0.119147 0.146493 0.120819 0.125753 0.118072 0.127577 0.104014 0.149112 0.120474 0.147798 0.119125 0.0979667 0.14606 0.168235 0.127018 0.138231 0.127231 0.126339 0.152889 0.121514 0.146513 0.123157
0.126796 0.131047 0.125756 0.120333 0.147579 0.122017 0.12695 0.119224 0.128763 0.105147 0.150222 0.121669 0.1489 0.120286 0.0990421 0.147144 0.169502 0.128224 0.139397 0.128423 0.127516 0.154088 0.122682 0.147599 0.124277
0.125614 0.129857 0.124639 0.119161 0.146506 0.120833 0.125767 0.118085 0.127591 0.104028 0.149126 0.120488 0.147811 0.119139 0.0979795 0.146073 0.16825 0.127032 0.138245 0.127246 0.126353 0.152904 0.121528 0.146526 0.12317
0.126781 0.131033 0.125742 0.120319 0.147566 0.122003 0.126936 0.11921 0.128749 0.105134 0.150209 0.121655 0.148887 0.120272 0.0990294 0.147131 0.169487 0.128209 0.139383 0.128409 0.127502 0.154074 0.122668 0.147587 0.124264
0.125628 0.129871 0.124652 0.119175 0.146519 0.120847 0.125781 0.118099 0.127605 0.104041 0.149138 0.120502 0.147824 0.119153 0.0979921 0.146086 0.168265 0.127046 0.138259 0.127259 0.126367 0.152918 0.121541 0.146539 0.123183
0.126768 0.131019 0.125729 0.120305 0.147554 0.121989 0.126922 0.119197 0.128735 0.105121 0.150196 0.121641 0.148875 0.120258 0.0990169 0.147118 0.169473 0.128195 0.13937 0.128395 0.127489 0.15406 0.122655 0.147574 0.124251
0.125641 0.129885 0.124665 0.119189 0.146531 0.120861 0.125795 0.118112 0.127619 0.104054 0.149151 0.120516 0.147836 0.119166 0.0980043 0.146098 0.168279 0.12706 0.138272 0.127273 0.12638 0.152931 0.121555 0.146551 0.123196
0.126754 0.131005 0.125717 0.120291 0.147542 0.121975 0.126908 0.119184 0.128722 0.105108 0.150183 0.121628 0.148862 0.120245 0.0990048 0.147106 0.169459 0.128182 0.139357 0.128382 0.127475 0.154046 0.122642 0.147562 0.124238
0.125655 0.129898 0.124677 0.119202 0.146543 0.120874 0.125808 0.118125 0.127632 0.104067 0.149163 0.120529 0.147849 0.119179 0.0980163 0.14611 0.168293 0.127073 0.138285 0.127286 0.126393 0.152945 0.121568 0.146564 0.123208
0.126741 0.130992 0.125704 0.120278 0.14753 0.121962 0.126895 0.119171 0.128709 0.105095 0.150171 0.121615 0.14885 0.120233 0.0989929 0.147094 0.169445 0.128169 0.139344 0.128368 0.127463 0.154033 0.122629 0.14755 0.124226
0.125667 0.129911 0.12469 0.119215 0.146555 0.120887 0.125821 0.118137 0.127645 0.104079 0.149176 0.120542 0.147861 0.119191 0.0980279 0.146122 0.168307 0.127086 0.138298 0.127299 0.126406 0.152958 0.12158 0.146575 0.123221
0.126728 0.130979 0.125692 0.120266 0.147518 0.121949 0.126882 0.119159 0.128696 0.105083 0.150159 0.121602 0.148838 0.12022 0.0989814 0.147083 0.169431 0.128156 0.139331 0.128356 0.12745 0.15402 0.122616 0.147538 0.124214
0.12568 0.129924 0.124702 0.119227 0.146567 0.1209 0.125834 0.118149 0.127657 0.104091 0.149187 0.120555 0.147872 0.119204 0.0980393 0.146133 0.168321 0.127099 0.13831 0.127312 0.126419 0.152971 0.121593 0.146587 0.123232
0.126715 0.130967 0.12568 0.120253 0.147507 0.121936 0.12687 0.119146 0.128684 0.105071 0.150148 0.121589 0.148827 0.120208 0.0989701 0.147071 0.169418 0.128143 0.139319 0.128343 0.127438 0.154008 0.122604 0.147527 0.124202
0.125693 0.129937 0.124713 0.11924 0.146578 0.120912 0.125846 0.118161 0.12767 0.104103 0.149199 0.120567 0.147884 0.119216 0.0980504 0.146145 0.168334 0.127112 0.138322 0.127324 0.126431 0.152983 0.121605 0.146598 0.123244
0.126703 0.130954 0.125669 0.120241 0.147495 0.121924 0.126858 0.119135 0.128672 0.10506 0.150136 0.121577 0.148815 0.120196 0.098959 0.14706 0.169405 0.128131 0.139307 0.128331 0.127425 0.153995 0.122592 0.147516 0.124191
0.125705 0.129949 0.124725 0.119252 0.146589 0.120924 0.125858 0.118173 0.127682 0.104114 0.14921 0.120579 0.147895 0.119227 0.0980613 0.146156 0.168346 0.127124 0.138334 0.127336 0.126443 0.152995 0.121617 0.146609 0.123255
0.126691 0.130942 0.125657 0.120229 0.147485 0.121912 0.126846 0.119123 0.12866 0.105048 0.150125 0.121565 0.148804 0.120184 0.0989483 0.147049 0.169392 0.128119 0.139295 0.128319 0.127414 0.153984 0.12258 0.147505 0.12418
0.125716 0.129961 0.124736 0.119263 0.1466 0.120936 0.12587 0.118184 0.127693 0.104125 0.149221 0.120591 0.147906 0.119239 0.0980719 0.146166 0.168359 0.127136 0.138345 0.127348 0.126454 0.153007 0.121628 0.14662 0.123266
0.12668 0.13093 0.125646 0.120218 0.147474 0.121901 0.126834 0.119112 0.128648 0.105037 0.150114 0.121553 0.148794 0.120173 0.0989378 0.147039 0.16938 0.128107 0.139284 0.128307 0.127402 0.153972 0.122569 0.147494 0.124169
0.125728 0.129972 0.124747 0.119275 0.14661 0.120948 0.125881 0.118195 0.127705 0.104136 0.149232 0.120602 0.147916 0.11925 0.0980822 0.146177 0.168371 0.127147 0.138356 0.127359 0.126466 0.153018 0.121639 0.14663 0.123277
0.126668 0.130919 0.125635 0.120206 0.147464 0.121889 0.126823 0.119101 0.128637 0.105026 0.150104 0.121542 0.148783 0.120162 0.0989275 0.147028 0.169368 0.128095 0.139273 0.128296 0.127391 0.15396 0.122558 0.147484 0.124158
0.125739 0.129984 0.124757 0.119286 0.14662 0.120959 0.125893 0.118206 0.127716 0.104147 0.149242 0.120614 0.147927 0.119261 0.0980923 0.146187 0.168383 0.127159 0.138367 0.127371 0.126477 0.15303 0.12165 0.14664 0.123288
0.126657 0.130908 0.125625 0.120195 0.147454 0.121878 0.126811 0.11909 0.128626 0.105016 0.150093 0.121531 0.148773 0.120151 0.0989175 0.147018 0.169356 0.128084 0.139262 0.128285 0.12738 0.153949 0.122547 0.147474 0.124148
0.12575 0.129995 0.124768 0.119297 0.14663 0.12097 0.125904 0.118217 0.127727 0.104157 0.149252 0.120625 0.147937 0.119272 0.0981021 0.146197 0.168395 0.12717 0.138378 0.127381 0.126487 0.153041 0.121661 0.14665 0.123298
0.126646 0.130897 0.125615 0.120185 0.147444 0.121867 0.1268 0.11908 0.128615 0.105006 0.150083 0.12152 0.148763 0.120141 0.0989077 0.147008 0.169344 0.128073 0.139252 0.128274 0.127369 0.153938 0.122536 0.147464 0.124137
0.125761 0.130005 0.124778 0.119307 0.14664 0.12098 0.125914 0.118227 0.127737 0.104167 0.149262 0.120635 0.147947 0.119282 0.0981118 0.146206 0.168406 0.12718 0.138389 0.127392 0.126498 0.153051 0.121672 0.14666 0.123308
0.126636 0.130886 0.125605 0.120174 0.147434 0.121856 0.12679 0.11907 0.128605 0.104996 0.150073 0.121509 0.148753 0.12013 0.0988982 0.146999 0.169333 0.128062 0.139241 0.128264 0.127359 0.153928 0.122526 0.147454 0.124127
0.125771 0.130016 0.124788 0.119318 0.14665 0.120991 0.125925 0.118237 0.127748 0.104177 0.149272 0.120646 0.147956 0.119292 0.0981212 0.146216 0.168417 0.127191 0.138399 0.127403 0.126508 0.153062 0.121682 0.14667 0.123318
0.126625 0.130876 0.125595 0.120164 0.147425 0.121846 0.12678 0.11906 0.128594 0.104986 0.150064 0.121499 0.148743 0.12012 0.0988889 0.14699 0.169322 0.128052 0.139231 0.128253 0.127349 0.153917 0.122516 0.147445 0.124118
0.125781 0.130026 0.124797 0.119328 0.146659 0.121001 0.125935 0.118247 0.127758 0.104187 0.149281 0.120656 0.147966 0.119302 0.0981303 0.146225 0.168428 0.127201 0.138409 0.127413 0.126518 0.153072 0.121692 0.146679 0.123327
0.126615 0.130866 0.125585 0.120154 0.147416 0.121836 0.126769 0.11905 0.128584 0.104976 0.150054 0.121489 0.148734 0.120111 0.0988798 0.14698 0.169311 0.128042 0.139221 0.128243 0.127339 0.153907 0.122506 0.147436 0.124108
0.125791 0.130036 0.124807 0.119338 0.146668 0.121011 0.125945 0.118257 0.127768 0.104196 0.149291 0.120666 0.147975 0.119312 0.0981393 0.146234 0.168439 0.127211 0.138418 0.127423 0.126528 0.153082 0.121701 0.146688 0.123337
0.126605 0.130856 0.125576 0.120144 0.147407 0.121826 0.12676 0.11904 0.128575 0.104967 0.150045 0.121479 0.148725 0.120101 0.0988709 0.146971 0.169301 0.128032 0.139212 0.128233 0.127329 0.153897 0.122496 0.147427 0.124099
0.125801 0.130046 0.124816 0.119347 0.146677 0.121021 0.125955 0.118266 0.127777 0.104205 0.1493 0.120676 0.147984 0.119321 0.098148 0.146243 0.168449 0.127221 0.138428 0.127432 0.126538 0.153092 0.121711 0.146697 0.123346
0.126596 0.130846 0.125567 0.120134 0.147398 0.121816 0.12675 0.119031 0.128565 0.104958 0.150036 0.12147 0.148716 0.120092 0.0988623 0.146963 0.169291 0.128022 0.139202 0.128224 0.12732 0.153888 0.122487 0.147418 0.12409
0.125811 0.130056 0.124825 0.119357 0.146685 0.12103 0.125964 0.118275 0.127787 0.104214 0.149308 0.120685 0.147993 0.11933 0.0981565 0.146252 0.168459 0.127231 0.138437 0.127442 0.126547 0.153101 0.12172 0.146705 0.123355
0.126586 0.130837 0.125558 0.120125 0.147389 0.121807 0.12674 0.119022 0.128556 0.104949 0.150028 0.12146 0.148708 0.120083 0.0988538 0.146954 0.169281 0.128013 0.139193 0.128214 0.12731 0.153878 0.122478 0.147409 0.124081
0.12582 0.130065 0.124834 0.119366 0.146694 0.12104 0.125973 0.118284 0.127796 0.104223 0.149317 0.120694 0.148001 0.119339 0.0981649 0.14626 0.168469 0.12724 0.138446 0.127451 0.126556 0.153111 0.121729 0.146714 0.123363
0.126577 0.130827 0.125549 0.120116 0.147381 0.121798 0.126731 0.119013 0.128547 0.10494 0.150019 0.121451 0.148699 0.120074 0.0988455 0.146946 0.169271 0.128003 0.139184 0.128205 0.127301 0.153869 0.122469 0.147401 0.124073
0.125829 0.130074 0.124842 0.119375 0.146702 0.121049 0.125983 0.118293 0.127805 0.104232 0.149325 0.120703 0.14801 0.119348 0.098173 0.146268 0.168478 0.127249 0.138455 0.12746 0.126565 0.15312 0.121738 0.146722 0.123372
0.126568 0.130818 0.125541 0.120107 0.147373 0.121789 0.126722 0.119005 0.128538 0.104932 0.150011 0.121442 0.148691 0.120065 0.0988375 0.146938 0.169262 0.127994 0.139175 0.128196 0.127292 0.15386 0.12246 0.147393 0.124064
0.125838 0.130083 0.124851 0.119383 0.14671 0.121058 0.125991 0.118301 0.127814 0.10424 0.149334 0.120712 0.148018 0.119357 0.0981809 0.146276 0.168488 0.127258 0.138464 0.127469 0.126574 0.153129 0.121747 0.14673 0.12338
0.126559 0.130809 0.125533 0.120099 0.147365 0.12178 0.126714 0.118996 0.128529 0.104923 0.150003 0.121433 0.148683 0.120056 0.0988296 0.14693 0.169252 0.127986 0.139167 0.128188 0.127284 0.153851 0.122451 0.147385 0.124056
0.125846 0.130092 0.124859 0.119392 0.146718 0.121066 0.126 0.11831 0.127822 0.104248 0.149342 0.120721 0.148026 0.119365 0.0981887 0.146284 0.168497 0.127267 0.138472 0.127477 0.126582 0.153137 0.121755 0.146738 0.123388
0.126551 0.130801 0.125525 0.12009 0.147357 0.121772 0.126705 0.118988 0.128521 0.104915 0.149995 0.121425 0.148675 0.120048 0.0988219 0.146922 0.169243 0.127977 0.139159 0.128179 0.127275 0.153843 0.122443 0.147377 0.124048
0.125855 0.1301 0.124867 0.1194 0.146725 0.121075 0.126008 0.118318 0.127831 0.104256 0.149349 0.120729 0.148033 0.119373 0.0981963 0.146292 0.168506 0.127275 0.13848 0.127486 0.12659 0.153146 0.121763 0.146746 0.123396
0.126542 0.130792 0.125517 0.120082 0.14735 0.121763 0.126697 0.11898 0.128512 0.104907 0.149987 0.121416 0.148667 0.12004 0.0988145 0.146915 0.169235 0.127969 0.13915 0.128171 0.127267 0.153835 0.122435 0.14737 0.12404
0.125863 0.130108 0.124874 0.119409 0.146733 0.121083 0.126017 0.118326 0.127839 0.104264 0.149357 0.120737 0.148041 0.119381 0.0982036 0.146299 0.168515 0.127283 0.138488 0.127494 0.126599 0.153154 0.121771 0.146753 0.123404
0.126534 0.130784 0.125509 0.120074 0.147342 0.121755 0.126689 0.118972 0.128504 0.1049 0.14998 0.121408 0.14866 0.120032 0.0988071 0.146907 0.169226 0.12796 0.139143 0.128163 0.127259 0.153826 0.122427 0.147362 0.124033
0.125871 0.130116 0.124882 0.119416 0.14674 0.121091 0.126025 0.118333 0.127847 0.104272 0.149364 0.120745 0.148048 0.119389 0.0982109 0.146306 0.168523 0.127292 0.138496 0.127502 0.126606 0.153162 0.121779 0.14676 0.123411
0.126526 0.130776 0.125501 0.120066 0.147335 0.121747 0.126681 0.118964 0.128496 0.104892 0.149972 0.1214 0.148652 0.120024 0.0988 0.1469 0.169218 0.127952 0.139135 0.128155 0.127251 0.153818 0.122419 0.147355 0.124025
0.125879 0.130124 0.124889 0.119424 0.146747 0.121099 0.126033 0.118341 0.127854 0.104279 0.149372 0.120753 0.148056 0.119396 0.0982179 0.146314 0.168531 0.127299 0.138504 0.12751 0.126614 0.15317 0.121787 0.146767 0.123419
0.126519 0.130768 0.125494 0.120058 0.147328 0.121739 0.126673 0.118957 0.128489 0.104885 0.149965 0.121393 0.148645 0.120017 0.098793 0.146893 0.169209 0.127945 0.139127 0.128147 0.127244 0.153811 0.122412 0.147348 0.124018
0.125887 0.130132 0.124897 0.119432 0.146754 0.121106 0.12604 0.118348 0.127862 0.104286 0.149379 0.120761 0.148063 0.119404 0.0982248 0.14632 0.168539 0.127307 0.138511 0.127517 0.126622 0.153177 0.121794 0.146774 0.123426
0.126511 0.130761 0.125487 0.120051 0.147321 0.121732 0.126665 0.11895 0.128481 0.104878 0.149958 0.121385 0.148638 0.12001 0.0987862 0.146886 0.169201 0.127937 0.13912 0.12814 0.127236 0.153803 0.122404 0.147341 0.124011
0.125894 0.13014 0.124904 0.119439 0.146761 0.121114 0.126048 0.118355 0.127869 0.104293 0.149386 0.120768 0.14807 0.119411 0.0982315 0.146327 0.168547 0.127315 0.138518 0.127525 0.126629 0.153185 0.121802 0.146781 0.123433
0.126504 0.130753 0.12548 0.120043 0.147314 0.121724 0.126658 0.118943 0.128474 0.104871 0.149951 0.121378 0.148631 0.120002 0.0987796 0.146879 0.169193 0.127929 0.139113 0.128132 0.127229 0.153796 0.122397 0.147335 0.124004
0.125901 0.130147 0.124911 0.119446 0.146768 0.121121 0.126055 0.118362 0.127877 0.1043 0.149392 0.120776 0.148076 0.119418 0.098238 0.146334 0.168555 0.127322 0.138526 0.127532 0.126636 0.153192 0.121809 0.146788 0.12344
0.126496 0.130746 0.125473 0.120036 0.147308 0.121717 0.126651 0.118936 0.128467 0.104864 0.149944 0.12137 0.148625 0.119995 0.0987731 0.146873 0.169186 0.127922 0.139106 0.128125 0.127222 0.153789 0.12239 0.147328 0.123997
0.125908 0.130154 0.124917 0.119453 0.146774 0.121128 0.126062 0.118369 0.127884 0.104307 0.149399 0.120783 0.148083 0.119425 0.0982444 0.14634 0.168563 0.127329 0.138532 0.127539 0.126643 0.153199 0.121816 0.146794 0.123446
0.126489 0.130739 0.125467 0.120029 0.147301 0.12171 0.126644 0.118929 0.12846 0.104857 0.149938 0.121363 0.148618 0.119989 0.0987668 0.146867 0.169178 0.127915 0.139099 0.128118 0.127215 0.153781 0.122383 0.147322 0.123991
0.125915 0.130161 0.124924 0.11946 0.14678 0.121135 0.126069 0.118376 0.127891 0.104314 0.149406 0.12079 0.148089 0.119432 0.0982507 0.146347 0.16857 0.127336 0.138539 0.127546 0.12665 0.153206 0.121823 0.1468 0.123453
0.126483 0.130732 0.12546 0.120022 0.147295 0.121703 0.126637 0.118922 0.128453 0.104851 0.149932 0.121357 0.148612 0.119982 0.0987606 0.14686 0.169171 0.127908 0.139092 0.128111 0.127208 0.153775 0.122376 0.147315 0.123984
0.125922 0.130168 0.12493 0.119467 0.146787 0.121142 0.126076 0.118382 0.127897 0.10432 0.149412 0.120797 0.148095 0.119438 0.0982567 0.146353 0.168577 0.127343 0.138546 0.127553 0.126657 0.153213 0.121829 0.146807 0.123459
0.126476 0.130725 0.125454 0.120016 0.147289 0.121697 0.12663 0.118916 0.128446 0.104844 0.149925 0.12135 0.148606 0.119975 0.0987545 0.146854 0.169164 0.127901 0.139086 0.128104 0.127202 0.153768 0.12237 0.147309 0.123978
0.125929 0.130175 0.124937 0.119474 0.146793 0.121149 0.126082 0.118389 0.127904 0.104326 0.149418 0.120803 0.148102 0.119445 0.0982627 0.146359 0.168584 0.12735 0.138552 0.127559 0.126663 0.15322 0.121836 0.146813 0.123465
0.126469 0.130719 0.125448 0.120009 0.147283 0.12169 0.126623 0.118909 0.12844 0.104838 0.149919 0.121343 0.1486 0.119969 0.0987486 0.146848 0.169157 0.127895 0.139079 0.128098 0.127195 0.153761 0.122364 0.147303 0.123972
0.125935 0.130181 0.124943 0.11948 0.146798 0.121155 0.126089 0.118395 0.12791 0.104332 0.149424 0.12081 0.148107 0.119451 0.0982685 0.146365 0.168591 0.127356 0.138559 0.127566 0.12667 0.153226 0.121842 0.146819 0.123471
0.126463 0.130712 0.125441 0.120003 0.147277 0.121684 0.126617 0.118903 0.128433 0.104832 0.149913 0.121337 0.148594 0.119963 0.0987429 0.146843 0.16915 0.127888 0.139073 0.128092 0.127189 0.153755 0.122357 0.147298 0.123966
0.125942 0.130187 0.124949 0.119486 0.146804 0.121161 0.126095 0.118401 0.127917 0.104338 0.14943 0.120816 0.148113 0.119457 0.0982742 0.14637 0.168598 0.127363 0.138565 0.127572 0.126676 0.153233 0.121848 0.146824 0.123477
0.126457 0.130706 0.125436 0.119997 0.147272 0.121677 0.126611 0.118897 0.128427 0.104826 0.149908 0.121331 0.148588 0.119957 0.0987373 0.146837 0.169144 0.127882 0.139067 0.128085 0.127183 0.153749 0.122351 0.147292 0.12396
0.125948 0.130194 0.124954 0.119492 0.14681 0.121168 0.126101 0.118407 0.127923 0.104344 0.149436 0.120822 0.148119 0.119463 0.0982797 0.146376 0.168604 0.127369 0.138571 0.127578 0.126682 0.153239 0.121854 0.14683 0.123483
0.126451 0.1307 0.12543 0.119991 0.147266 0.121671 0.126605 0.118891 0.128421 0.10482 0.149902 0.121325 0.148583 0.119951 0.0987318 0.146831 0.169137 0.127876 0.139061 0.128079 0.127177 0.153743 0.122345 0.147286 0.123954
0.125954 0.1302 0.12496 0.119498 0.146815 0.121174 0.126107 0.118413 0.127929 0.10435 0.149441 0.120828 0.148125 0.119469 0.0982851 0.146381 0.168611 0.127375 0.138577 0.127584 0.126688 0.153245 0.12186 0.146835 0.123489
0.126445 0.130694 0.125424 0.119985 0.147261 0.121665 0.126599 0.118886 0.128415 0.104815 0.149896 0.121319 0.148577 0.119945 0.0987265 0.146826 0.169131 0.12787 0.139055 0.128073 0.127171 0.153737 0.122339 0.147281 0.123949
0.12596 0.130206 0.124966 0.119504 0.146821 0.12118 0.126113 0.118419 0.127934 0.104355 0.149447 0.120834 0.14813 0.119475 0.0982904 0.146387 0.168617 0.127381 0.138582 0.12759 0.126694 0.153251 0.121866 0.146841 0.123494
0.126439 0.130688 0.125419 0.119979 0.147256 0.121659 0.126593 0.11888 0.12841 0.104809 0.149891 0.121313 0.148572 0.11994 0.0987212 0.146821 0.169125 0.127864 0.139049 0.128068 0.127165 0.153731 0.122334 0.147276 0.123943
