0.224939 0.259001 0.259856 0.125517 0.149342 0.229208 0.182612 0.21379 0.226375 0.361421 0.160405 0.144961 0.159664 0.174942 0.23429 0.191122 0.158521 0.183565 0.182098 0.281531 0.195886 0.430576 0.198964 0.159014 0.177493
0.311229 0.297354 0.283043 0.314605 0.264808 0.353425 0.326103 0.313465 0.302092 0.28072 0.258132 0.32567 0.256787 0.2898 0.357621 0.282308 0.254713 0.327621 0.28978 0.286234 0.283669 0.321729 0.286155 0.255607 0.312731
0.287948 0.306493 0.305916 0.199762 0.233791 0.295129 0.247707 0.259364 0.266136 0.399981 0.224326 0.230647 0.223018 0.230109 0.285038 0.278166 0.221005 0.248902 0.241315 0.311279 0.23884 0.444286 0.272549 0.221872 0.226033
0.302504 0.284158 0.277093 0.283184 0.239871 0.34645 0.298571 0.286224 0.276076 0.288126 0.240357 0.29458 0.238963 0.265725 0.355015 0.267513 0.236818 0.299963 0.258419 0.279293 0.261026 0.354706 0.275446 0.237743 0.280559
0.300095 0.300519 0.300311 0.218056 0.242306 0.320814 0.262398 0.264916 0.26309 0.380418 0.231353 0.256498 0.229988 0.233762 0.304631 0.289841 0.227887 0.263654 0.245151 0.303459 0.23567 0.426936 0.283271 0.228792 0.232445
0.305982 0.283172 0.281753 0.268328 0.237949 0.3522 0.288249 0.275109 0.266042 0.3022 0.237737 0.288109 0.236345 0.25527 0.354389 0.273734 0.234201 0.289603 0.246985 0.281606 0.249628 0.377792 0.281384 0.235125 0.264404
0.307196 0.29303 0.295851 0.227086 0.243001 0.33923 0.267405 0.264677 0.257995 0.36214 0.233225 0.269526 0.23185 0.234077 0.320093 0.293505 0.229733 0.268682 0.24218 0.297788 0.232026 0.419952 0.288646 0.230645 0.234032
0.310606 0.281708 0.285242 0.258299 0.238873 0.360328 0.282035 0.268783 0.259373 0.310697 0.236806 0.288507 0.235417 0.247462 0.354017 0.28181 0.233278 0.283368 0.240227 0.283977 0.240909 0.391997 0.287784 0.2342 0.253681
0.312798 0.286991 0.293767 0.231908 0.242871 0.354301 0.268856 0.262844 0.253743 0.348056 0.234111 0.278623 0.232732 0.233427 0.331801 0.296537 0.230609 0.270141 0.237994 0.294436 0.22892 0.418219 0.293066 0.231524 0.234186
0.315191 0.279432 0.2877 0.251072 0.240037 0.369095 0.277265 0.26442 0.254364 0.314597 0.236275 0.291409 0.234887 0.241348 0.354396 0.28928 0.232751 0.278583 0.235236 0.285891 0.234212 0.401917 0.293174 0.233672 0.246208
0.317586 0.282026 0.293039 0.234154 0.242815 0.367195 0.268501 0.260607 0.250329 0.337222 0.2346 0.286246 0.233219 0.232061 0.340443 0.299874 0.231093 0.269788 0.233806 0.292572 0.226125 0.418968 0.296945 0.232009 0.233684
0.319517 0.276752 0.289587 0.245685 0.241053 0.377975 0.273151 0.26101 0.250483 0.315405 0.235922 0.295505 0.234536 0.236461 0.355342 0.29587 0.232402 0.274457 0.231126 0.287383 0.229055 0.409595 0.297615 0.233322 0.240922
0.321839 0.277771 0.29304 0.234782 0.242916 0.378529 0.267081 0.258334 0.247551 0.328622 0.234869 0.293239 0.233487 0.23023 0.34679 0.303497 0.231359 0.268366 0.229936 0.291627 0.223571 0.421076 0.300368 0.232276 0.232868
0.323543 0.273932 0.291131 0.241521 0.241889 0.386729 0.269386 0.258139 0.247407 0.314217 0.235671 0.300337 0.234285 0.232431 0.35657 0.301667 0.232153 0.270682 0.227566 0.288537 0.225017 0.416011 0.301313 0.233072 0.237129
0.325704 0.274024 0.29343 0.234416 0.243129 0.388705 0.264999 0.256129 0.24524 0.321501 0.235002 0.299967 0.23362 0.228139 0.351453 0.307256 0.231491 0.26628 0.226451 0.291226 0.221237 0.424041 0.303397 0.232409 0.231928
0.327285 0.271116 0.292442 0.238177 0.24257 0.395232 0.265831 0.255613 0.24491 0.311764 0.235479 0.305715 0.234095 0.228998 0.357856 0.306808 0.231964 0.267118 0.224412 0.289424 0.221778 0.421722 0.30445 0.232882 0.234355
0.32927 0.270669 0.294015 0.233462 0.243398 0.397997 0.262504 0.254013 0.243266 0.315342 0.235049 0.306633 0.233667 0.225932 0.354866 0.311017 0.231538 0.26378 0.223334 0.291122 0.219106 0.427619 0.306092 0.232455 0.230968
0.33077 0.26838 0.293573 0.235395 0.243121 0.403428 0.262416 0.253322 0.24282 0.308517 0.235323 0.311554 0.23394 0.225989 0.35904 0.31141 0.23181 0.263693 0.22159 0.29009 0.219109 0.427081 0.307159 0.232727 0.232277
0.332589 0.267633 0.29468 0.232183 0.243678 0.406597 0.259758 0.251984 0.24153 0.3098 0.23504 0.313376 0.233657 0.223697 0.357328 0.314684 0.231529 0.261028 0.220551 0.29115 0.217156 0.431688 0.308504 0.232446 0.23004
0.334027 0.265766 0.294552 0.233014 0.243561 0.411294 0.259101 0.251199 0.241015 0.304775 0.235187 0.317819 0.233803 0.223288 0.360021 0.315562 0.231674 0.26037 0.219055 0.290561 0.216849 0.43233 0.309536 0.232592 0.230677
0.335701 0.264866 0.295352 0.230749 0.243936 0.414639 0.256868 0.25003 0.239959 0.304646 0.234993 0.320301 0.23361 0.221489 0.359038 0.318195 0.231482 0.25813 0.218066 0.291202 0.215361 0.436192 0.310677 0.232399 0.229169
0.337083 0.263294 0.295394 0.23093 0.243903 0.418834 0.255863 0.249198 0.2394 0.300722 0.23506 0.324508 0.233677 0.220819 0.360727 0.319329 0.231549 0.257124 0.216777 0.290849 0.214882 0.437645 0.31165 0.232466 0.22941
0.338632 0.262329 0.295984 0.229269 0.244151 0.422221 0.253899 0.24814 0.238496 0.299727 0.234919 0.327499 0.233537 0.219336 0.360124 0.321512 0.23141 0.255155 0.215848 0.291202 0.213698 0.44112 0.312644 0.232326 0.228363
0.339961 0.26097 0.296107 0.229083 0.244152 0.426062 0.252686 0.247285 0.237907 0.296464 0.234936 0.331639 0.233553 0.218528 0.361114 0.322756 0.231426 0.253938 0.214732 0.290954 0.213128 0.443161 0.313548 0.232343 0.228376
0.341402 0.259995 0.296545 0.227813 0.244308 0.429417 0.250893 0.246299 0.237097 0.294936 0.234826 0.335054 0.233444 0.217253 0.360667 0.32461 0.231318 0.25214 0.213873 0.291097 0.212143 0.446487 0.314431 0.232234 0.227624
0.34268 0.258794 0.296693 0.227432 0.244312 0.433 0.249555 0.245435 0.236484 0.292061 0.23481 0.339253 0.233429 0.21638 0.361145 0.325873 0.231302 0.250799 0.212903 0.29087 0.21153 0.448989 0.315265 0.232218 0.227511
0.344029 0.25784 0.297016 0.226425 0.244396 0.436287 0.247868 0.244495 0.235728 0.290199 0.234718 0.34305 0.233337 0.215243 0.360711 0.327477 0.231211 0.249108 0.21212 0.290846 0.210675 0.452327 0.316059 0.232127 0.22695
0.345258 0.256762 0.297154 0.225954 0.244384 0.439675 0.246455 0.243627 0.235091 0.287538 0.234681 0.347406 0.233299 0.214346 0.360791 0.328702 0.231174 0.247691 0.211278 0.290586 0.210046 0.455226 0.316823 0.23209 0.226775
0.346528 0.255845 0.297382 0.225131 0.244408 0.442881 0.244832 0.242715 0.23436 0.285458 0.234597 0.351577 0.233216 0.213304 0.360278 0.330104 0.231091 0.246064 0.210574 0.290416 0.209276 0.458694 0.317543 0.232007 0.226341
0.347709 0.254867 0.297487 0.224635 0.244367 0.446119 0.243371 0.241844 0.233698 0.2829 0.234545 0.356174 0.233164 0.212406 0.360025 0.331255 0.231039 0.244599 0.209848 0.290085 0.208643 0.461965 0.31824 0.231955 0.22614
0.348912 0.253996 0.29763 0.22395 0.244335 0.449242 0.241781 0.240945 0.23297 0.280665 0.234464 0.360735 0.233083 0.211432 0.359369 0.332486 0.230959 0.243005 0.209227 0.289776 0.20793 0.465653 0.318893 0.231874 0.225794
0.350049 0.2531 0.297688 0.223469 0.244256 0.452364 0.240282 0.240068 0.232277 0.278137 0.2344 0.365649 0.23302 0.210544 0.358816 0.333542 0.230896 0.241502 0.208608 0.289348 0.207298 0.469302 0.319526 0.231811 0.225591
0.351194 0.25228 0.297752 0.222893 0.24417 0.455413 0.238702 0.239172 0.231535 0.275777 0.234318 0.370636 0.232939 0.209617 0.357972 0.334617 0.230815 0.239918 0.208072 0.288898 0.206621 0.473285 0.320117 0.23173 0.22531
0.352291 0.251455 0.297751 0.222451 0.244045 0.458447 0.237168 0.238284 0.230804 0.273229 0.234245 0.375945 0.232866 0.208743 0.357133 0.335564 0.230743 0.238379 0.207554 0.288348 0.205992 0.477337 0.320687 0.231658 0.225119
0.353388 0.250685 0.297738 0.22197 0.243904 0.461435 0.235577 0.237381 0.230033 0.270754 0.23416 0.38141 0.232781 0.207852 0.356064 0.336494 0.230659 0.236783 0.207107 0.287749 0.205337 0.481686 0.321218 0.231573 0.22489
0.354449 0.249923 0.29767 0.221582 0.243728 0.464408 0.234001 0.236475 0.229256 0.268149 0.234078 0.387195 0.2327 0.206993 0.354937 0.33732 0.230578 0.235204 0.206687 0.287057 0.204709 0.48618 0.321727 0.231492 0.224719
0.355507 0.249203 0.297577 0.221189 0.243526 0.467354 0.23238 0.235552 0.228442 0.265557 0.233988 0.393206 0.232609 0.206126 0.353611 0.338109 0.230488 0.233578 0.206331 0.286296 0.204064 0.490961 0.322199 0.231402 0.224534
0.356538 0.248497 0.297434 0.220866 0.24329 0.470289 0.230753 0.23462 0.22761 0.262865 0.233897 0.399554 0.232519 0.205279 0.352185 0.338808 0.230398 0.231946 0.20601 0.285441 0.203434 0.495949 0.322647 0.231312 0.22439
0.357564 0.247825 0.297259 0.220559 0.243022 0.473214 0.229083 0.233668 0.226738 0.260149 0.233799 0.406193 0.232422 0.20443 0.350573 0.339454 0.230302 0.230271 0.205749 0.284502 0.202792 0.501233 0.323058 0.231215 0.224246
0.358572 0.247172 0.297035 0.22031 0.242717 0.476139 0.22739 0.232698 0.225838 0.257344 0.233699 0.413201 0.232322 0.203592 0.348829 0.340018 0.230203 0.228573 0.205529 0.283462 0.202156 0.506775 0.323443 0.231116 0.224133
0.359575 0.246547 0.296771 0.22009 0.242374 0.479069 0.225651 0.231704 0.224894 0.254492 0.233592 0.42056 0.232216 0.202753 0.346902 0.34052 0.230097 0.226829 0.205366 0.282324 0.20151 0.512634 0.323793 0.23101 0.224029
0.360567 0.245942 0.296459 0.219924 0.241989 0.482011 0.223876 0.230684 0.223913 0.251555 0.233482 0.428331 0.232106 0.20192 0.344819 0.340942 0.229988 0.225049 0.205251 0.281076 0.200863 0.518795 0.324113 0.2309 0.22395
0.361556 0.245363 0.296103 0.219796 0.24156 0.484974 0.222048 0.229634 0.222882 0.248553 0.233365 0.436512 0.231989 0.201085 0.342547 0.341294 0.229872 0.223215 0.205192 0.279718 0.200207 0.525299 0.324397 0.230784 0.223884
0.36254 0.244805 0.295696 0.219721 0.241083 0.487963 0.220171 0.228551 0.221805 0.245466 0.233242 0.445152 0.231867 0.200253 0.340101 0.341566 0.229751 0.221332 0.205185 0.27824 0.199547 0.532145 0.32465 0.230663 0.223842
0.363525 0.24427 0.295241 0.219691 0.240554 0.490988 0.218233 0.227429 0.220671 0.242306 0.233113 0.454258 0.231739 0.199419 0.33746 0.341762 0.229623 0.219389 0.205236 0.276639 0.198876 0.539361 0.324866 0.230535 0.223815
0.364509 0.243756 0.294734 0.219716 0.239969 0.494054 0.216236 0.226267 0.219482 0.23906 0.232978 0.463866 0.231604 0.198584 0.33463 0.341877 0.229489 0.217385 0.205343 0.274909 0.198199 0.546949 0.325048 0.230401 0.22381
0.365498 0.243264 0.294175 0.219793 0.239326 0.497172 0.21417 0.225059 0.218231 0.235737 0.232835 0.473986 0.231462 0.197746 0.3316 0.341911 0.229348 0.215313 0.205509 0.273046 0.197513 0.554927 0.325192 0.230259 0.223821
0.366493 0.242794 0.293563 0.219928 0.238619 0.500346 0.212035 0.223802 0.216916 0.232332 0.232686 0.484641 0.231313 0.196905 0.328373 0.341862 0.229201 0.213172 0.205733 0.271047 0.196818 0.563293 0.3253 0.230111 0.223853
0.367496 0.242345 0.292899 0.220121 0.237847 0.503584 0.209827 0.222493 0.215535 0.228853 0.232529 0.495833 0.231157 0.196061 0.324946 0.341729 0.229045 0.210956 0.206019 0.26891 0.196114 0.572052 0.32537 0.229955 0.223901
0.36851 0.241917 0.292181 0.220374 0.237005 0.50689 0.207544 0.221128 0.214086 0.225303 0.232365 0.507565 0.230994 0.195213 0.321326 0.34151 0.228883 0.208667 0.206364 0.266634 0.195403 0.581193 0.325404 0.229793 0.223967
0.369535 0.241509 0.291412 0.220688 0.236091 0.510269 0.205187 0.219705 0.212568 0.221693 0.232194 0.519822 0.230823 0.194362 0.317517 0.341208 0.228714 0.206301 0.206769 0.264221 0.194686 0.5907 0.325401 0.229623 0.224048
0.370574 0.241122 0.290592 0.221065 0.235105 0.513722 0.202757 0.218223 0.210983 0.218033 0.232015 0.53258 0.230646 0.193508 0.313532 0.340821 0.228538 0.203864 0.207232 0.261678 0.193966 0.600545 0.325363 0.229446 0.224144
0.371628 0.240755 0.289725 0.221505 0.234046 0.517247 0.200259 0.216682 0.209334 0.214339 0.231831 0.545795 0.230462 0.192652 0.309386 0.340352 0.228355 0.201357 0.207751 0.259013 0.193244 0.61069 0.325293 0.229263 0.224251
0.372697 0.240407 0.288815 0.222007 0.232916 0.520841 0.197699 0.215084 0.207627 0.210629 0.231641 0.559406 0.230273 0.191796 0.305102 0.339805 0.228167 0.198789 0.208322 0.256238 0.192524 0.621082 0.325193 0.229074 0.224368
0.373781 0.240076 0.287867 0.222568 0.231718 0.524494 0.195089 0.213433 0.205869 0.206924 0.231446 0.573333 0.230079 0.190941 0.300707 0.339184 0.227975 0.19617 0.20894 0.253369 0.191811 0.631655 0.325068 0.228881 0.224491
0.374878 0.239763 0.286886 0.223185 0.23046 0.528196 0.192442 0.211734 0.204071 0.203249 0.231249 0.587474 0.229882 0.190089 0.296233 0.338495 0.227779 0.193514 0.209598 0.250427 0.191109 0.642331 0.324924 0.228686 0.224617
0.375987 0.239464 0.285881 0.223852 0.22915 0.531928 0.189774 0.209995 0.202246 0.199632 0.23105 0.601711 0.229684 0.189243 0.291721 0.337747 0.227583 0.190836 0.210288 0.247439 0.190424 0.653017 0.324767 0.228488 0.224742
0.377105 0.239179 0.28486 0.224563 0.227798 0.535671 0.187105 0.208228 0.200411 0.196102 0.230852 0.615911 0.229487 0.188407 0.287212 0.336949 0.227387 0.188158 0.210999 0.244431 0.189762 0.663613 0.324604 0.228292 0.224863
0.378229 0.238905 0.283831 0.225308 0.22642 0.539401 0.184458 0.206444 0.198583 0.192688 0.230656 0.629927 0.229292 0.187583 0.282753 0.336114 0.227193 0.185501 0.21172 0.241437 0.189128 0.674015 0.324443 0.228098 0.224975
0.379354 0.238641 0.282806 0.226079 0.225028 0.543088 0.181856 0.20466 0.196781 0.18942 0.230465 0.643613 0.229102 0.186776 0.278392 0.335253 0.227005 0.18289 0.21244 0.238488 0.188529 0.684115 0.324294 0.227909 0.225075
0.380475 0.238383 0.281793 0.226863 0.223642 0.546706 0.179324 0.20289 0.195025 0.186324 0.230282 0.656823 0.228919 0.185988 0.274175 0.33438 0.226823 0.180349 0.213145 0.235617 0.187969 0.693812 0.324163 0.227726 0.225159
0.381587 0.238132 0.280801 0.227649 0.222276 0.550224 0.176885 0.201151 0.193333 0.183423 0.230107 0.669427 0.228745 0.185225 0.270145 0.33351 0.22665 0.177901 0.213822 0.232855 0.187453 0.703016 0.324058 0.227553 0.225224
0.382686 0.237884 0.279841 0.228426 0.220948 0.553615 0.174561 0.19946 0.191722 0.180735 0.229943 0.681309 0.228582 0.18449 0.266341 0.332657 0.226488 0.175568 0.214461 0.23023 0.186984 0.71165 0.323986 0.227391 0.225269
0.383767 0.23764 0.278918 0.22918 0.219673 0.556854 0.17237 0.197832 0.190208 0.178272 0.229791 0.692382 0.228431 0.183787 0.262792 0.331833 0.226338 0.173369 0.215049 0.227764 0.186564 0.719657 0.323949 0.22724 0.225291
0.384825 0.237399 0.278039 0.229902 0.218463 0.559921 0.170327 0.196279 0.1888 0.176039 0.229652 0.702585 0.228292 0.183118 0.259521 0.33105 0.2262 0.171318 0.215579 0.225474 0.186194 0.726998 0.323952 0.227102 0.225291
0.385856 0.23716 0.277208 0.230583 0.217328 0.562801 0.16844 0.194813 0.187508 0.174037 0.229526 0.711884 0.228167 0.182487 0.25654 0.330318 0.226076 0.169425 0.216045 0.223372 0.185873 0.733658 0.323994 0.226977 0.22527
0.386857 0.236924 0.276429 0.231215 0.216275 0.565483 0.166717 0.193442 0.186333 0.172259 0.229413 0.720274 0.228055 0.181896 0.253854 0.329643 0.225964 0.167695 0.216443 0.221461 0.185599 0.739638 0.324075 0.226865 0.225227
0.387827 0.236691 0.275703 0.231794 0.215308 0.567964 0.165156 0.192171 0.185277 0.170696 0.229314 0.727774 0.227956 0.181345 0.251458 0.329032 0.225866 0.166128 0.216771 0.219742 0.185369 0.744958 0.324192 0.226766 0.225167
0.388764 0.236463 0.27503 0.232315 0.214428 0.570243 0.163754 0.191001 0.184336 0.169333 0.229226 0.734421 0.227869 0.180836 0.249343 0.328487 0.225779 0.164721 0.217029 0.218208 0.18518 0.749648 0.324342 0.22668 0.22509
0.389666 0.236241 0.27441 0.232776 0.213633 0.572325 0.162506 0.189933 0.183506 0.168153 0.22915 0.740266 0.227793 0.180369 0.247493 0.328008 0.225704 0.163468 0.217221 0.21685 0.185027 0.753751 0.324521 0.226604 0.224999
0.390534 0.236024 0.27384 0.233179 0.21292 0.574219 0.161401 0.188965 0.182777 0.16714 0.229084 0.745372 0.227727 0.179943 0.245888 0.327594 0.225638 0.162359 0.21735 0.215656 0.184907 0.757316 0.324724 0.226538 0.224898
0.391368 0.235814 0.273318 0.233525 0.212285 0.575935 0.160428 0.188092 0.182144 0.166274 0.229027 0.749807 0.22767 0.179556 0.244507 0.327242 0.225582 0.161383 0.217422 0.214613 0.184816 0.760392 0.324947 0.226482 0.224789
0.392168 0.235612 0.272842 0.233815 0.211721 0.577485 0.159577 0.187308 0.181595 0.165538 0.228978 0.753637 0.227622 0.179208 0.243328 0.326949 0.225534 0.160528 0.217441 0.213706 0.184749 0.763031 0.325187 0.226434 0.224674
0.392935 0.235418 0.272409 0.234054 0.211222 0.578882 0.158835 0.186608 0.181122 0.164915 0.228937 0.756932 0.22758 0.178895 0.242327 0.326709 0.225493 0.159783 0.217415 0.212921 0.184702 0.765285 0.325438 0.226393 0.224555
0.393671 0.235232 0.272015 0.234245 0.210782 0.580139 0.158191 0.185984 0.180717 0.16439 0.228901 0.759755 0.227545 0.178617 0.241484 0.326518 0.225458 0.159136 0.21735 0.212243 0.184672 0.767199 0.325698 0.226357 0.224435
0.394376 0.235055 0.271658 0.234393 0.210394 0.581271 0.157632 0.18543 0.180371 0.163948 0.228871 0.762167 0.227515 0.178369 0.240778 0.326371 0.225428 0.158575 0.21725 0.211659 0.184657 0.76882 0.325963 0.226328 0.224316
0.395051 0.234885 0.271334 0.234501 0.210052 0.582288 0.157149 0.184939 0.180075 0.163577 0.228846 0.764222 0.22749 0.17815 0.240191 0.326262 0.225403 0.15809 0.217123 0.211157 0.184653 0.770186 0.326232 0.226302 0.224198
0.395699 0.234724 0.271041 0.234574 0.209752 0.583204 0.156731 0.184504 0.179823 0.163265 0.228824 0.765969 0.227468 0.177957 0.239706 0.326185 0.225382 0.157671 0.216973 0.210726 0.184659 0.771333 0.326501 0.226281 0.224084
0.39632 0.234571 0.270775 0.234616 0.209486 0.584029 0.15637 0.184119 0.179609 0.163004 0.228805 0.767452 0.22745 0.177788 0.239307 0.326138 0.225363 0.157309 0.216805 0.210356 0.184672 0.772293 0.32677 0.226262 0.223973
0.396915 0.234425 0.270535 0.234631 0.209252 0.584773 0.156059 0.183778 0.179427 0.162784 0.22879 0.76871 0.227434 0.17764 0.238983 0.326115 0.225348 0.156996 0.216622 0.210039 0.184691 0.773095 0.327036 0.226247 0.223867
0.397486 0.234286 0.270317 0.234623 0.209044 0.585444 0.15579 0.183476 0.179272 0.1626 0.228777 0.769775 0.227421 0.17751 0.23872 0.326111 0.225335 0.156726 0.21643 0.209765 0.184715 0.773761 0.327299 0.226234 0.223766
0.398034 0.234154 0.27012 0.234594 0.208859 0.586053 0.155557 0.183209 0.17914 0.162445 0.228765 0.770677 0.22741 0.177397 0.23851 0.326125 0.225324 0.156492 0.216231 0.20953 0.184742 0.774313 0.327557 0.226223 0.223671
0.39856 0.234028 0.269942 0.234547 0.208694 0.586604 0.155356 0.182971 0.179028 0.162313 0.228756 0.771441 0.2274 0.177299 0.238344 0.326152 0.225314 0.15629 0.216028 0.209327 0.184771 0.774769 0.327811 0.226213 0.223581
0.399066 0.233909 0.26978 0.234487 0.208545 0.587105 0.155181 0.18276 0.178932 0.162202 0.228747 0.772087 0.227392 0.177214 0.238214 0.326191 0.225306 0.156115 0.215822 0.20915 0.184803 0.775144 0.328059 0.226205 0.223497
0.399551 0.233795 0.269633 0.234414 0.208412 0.587562 0.155029 0.182571 0.178849 0.162108 0.22874 0.772634 0.227385 0.177141 0.238115 0.326237 0.225299 0.155962 0.215617 0.208997 0.184836 0.77545 0.328302 0.226198 0.223418
0.400018 0.233687 0.2695 0.234331 0.208291 0.587979 0.154896 0.182402 0.178779 0.162027 0.228734 0.773098 0.227379 0.177077 0.238041 0.326291 0.225293 0.155829 0.215413 0.208864 0.184869 0.7757 0.328538 0.226192 0.223345
0.400466 0.233583 0.269378 0.23424 0.208182 0.58836 0.15478 0.18225 0.178718 0.161958 0.228729 0.773491 0.227374 0.177022 0.237988 0.32635 0.225288 0.155712 0.215212 0.208746 0.184903 0.775902 0.328768 0.226187 0.223277
0.400898 0.233485 0.269268 0.234143 0.208081 0.58871 0.154679 0.182113 0.178665 0.161898 0.228725 0.773824 0.227369 0.176974 0.237951 0.326412 0.225283 0.15561 0.215014 0.208643 0.184937 0.776064 0.328992 0.226182 0.223214
0.401312 0.233391 0.269167 0.23404 0.207989 0.589032 0.154589 0.18199 0.178619 0.161846 0.228721 0.774108 0.227365 0.176933 0.237929 0.326476 0.225279 0.15552 0.214821 0.208551 0.184972 0.776192 0.32921 0.226178 0.223156
0.401712 0.233302 0.269074 0.233934 0.207904 0.589328 0.15451 0.181877 0.178579 0.161801 0.228717 0.774349 0.227362 0.176897 0.237917 0.326542 0.225276 0.155441 0.214634 0.208469 0.185005 0.776294 0.329421 0.226175 0.223103
0.402096 0.233216 0.26899 0.233825 0.207825 0.589602 0.15444 0.181775 0.178544 0.161761 0.228714 0.774554 0.227359 0.176867 0.237915 0.326608 0.225273 0.155371 0.214451 0.208396 0.185039 0.776372 0.329625 0.226172 0.223053
0.402466 0.233135 0.268912 0.233714 0.207752 0.589855 0.154378 0.181681 0.178513 0.161725 0.228712 0.77473 0.227356 0.17684 0.23792 0.326675 0.225271 0.155308 0.214275 0.208329 0.185072 0.776431 0.329824 0.226169 0.223008
0.402822 0.233057 0.268841 0.233602 0.207683 0.590091 0.154322 0.181595 0.178486 0.161694 0.228709 0.77488 0.227354 0.176817 0.237931 0.32674 0.225268 0.155252 0.214105 0.208269 0.185104 0.776474 0.330016 0.226167 0.222967
0.403165 0.232982 0.268775 0.23349 0.207618 0.590309 0.154272 0.181515 0.178462 0.161665 0.228707 0.775009 0.227352 0.176798 0.237947 0.326805 0.225266 0.155202 0.21394 0.208213 0.185136 0.776505 0.330202 0.226165 0.22293
0.403495 0.232911 0.268714 0.233378 0.207558 0.590512 0.154227 0.181442 0.17844 0.161639 0.228706 0.77512 0.22735 0.176781 0.237966 0.326868 0.225265 0.155157 0.213782 0.208162 0.185167 0.776525 0.330382 0.226163 0.222895
0.403814 0.232843 0.268658 0.233267 0.2075 0.590702 0.154186 0.181373 0.17842 0.161616 0.228704 0.775216 0.227349 0.176766 0.237988 0.32693 0.225263 0.155116 0.21363 0.208115 0.185198 0.776536 0.330557 0.226162 0.222864
0.40412 0.232777 0.268606 0.233157 0.207446 0.590879 0.15415 0.18131 0.178402 0.161594 0.228703 0.775299 0.227347 0.176754 0.238011 0.32699 0.225262 0.155079 0.213484 0.208071 0.185228 0.77654 0.330725 0.22616 0.222835
0.404415 0.232715 0.268557 0.233048 0.207394 0.591045 0.154116 0.18125 0.178386 0.161575 0.228701 0.775371 0.227346 0.176743 0.238036 0.327047 0.22526 0.155045 0.213344 0.20803 0.185257 0.776538 0.330888 0.226159 0.222809
0.4047 0.232656 0.268512 0.232941 0.207345 0.5912 0.154085 0.181194 0.178371 0.161556 0.2287 0.775434 0.227345 0.176734 0.238062 0.327103 0.225259 0.155015 0.21321 0.207991 0.185285 0.776532 0.331046 0.226158 0.222786
0.404974 0.232599 0.26847 0.232836 0.207298 0.591346 0.154057 0.181142 0.178357 0.161539 0.228699 0.775489 0.227344 0.176726 0.238088 0.327157 0.225258 0.154986 0.213081 0.207954 0.185313 0.776522 0.331198 0.226157 0.222764
0.405238 0.232544 0.26843 0.232733 0.207253 0.591483 0.154031 0.181092 0.178345 0.161523 0.228698 0.775538 0.227343 0.176719 0.238115 0.327208 0.225257 0.15496 0.212957 0.207919 0.185339 0.776509 0.331345 0.226156 0.222745
0.405493 0.232492 0.268393 0.232632 0.207211 0.591612 0.154007 0.181045 0.178333 0.161508 0.228697 0.775581 0.227342 0.176713 0.238142 0.327258 0.225257 0.154936 0.212839 0.207886 0.185365 0.776493 0.331487 0.226155 0.222727
0.405738 0.232442 0.268359 0.232534 0.207169 0.591733 0.153985 0.181001 0.178322 0.161494 0.228697 0.775619 0.227341 0.176708 0.238168 0.327305 0.225256 0.154914 0.212726 0.207854 0.185391 0.776476 0.331624 0.226155 0.222711
0.405974 0.232394 0.268326 0.232438 0.20713 0.591847 0.153965 0.180959 0.178312 0.16148 0.228696 0.775653 0.227341 0.176704 0.238194 0.327351 0.225255 0.154894 0.212618 0.207824 0.185416 0.776458 0.331757 0.226154 0.222697
0.406202 0.232348 0.268295 0.232344 0.207092 0.591955 0.153946 0.180919 0.178303 0.161468 0.228695 0.775683 0.22734 0.1767 0.23822 0.327394 0.225254 0.154874 0.212514 0.207795 0.185439 0.776439 0.331885 0.226153 0.222684
0.406422 0.232305 0.268265 0.232253 0.207056 0.592057 0.153928 0.180881 0.178294 0.161456 0.228695 0.77571 0.22734 0.176697 0.238245 0.327435 0.225254 0.154856 0.212415 0.207767 0.185463 0.776419 0.332008 0.226153 0.222672
0.406633 0.232263 0.268238 0.232164 0.207021 0.592154 0.153911 0.180844 0.178286 0.161444 0.228694 0.775735 0.227339 0.176694 0.238269 0.327475 0.225253 0.15484 0.21232 0.20774 0.185485 0.776398 0.332127 0.226152 0.222661
0.406837 0.232222 0.268211 0.232078 0.206987 0.592245 0.153895 0.18081 0.178278 0.161433 0.228694 0.775757 0.227339 0.176692 0.238293 0.327513 0.225253 0.154824 0.212229 0.207714 0.185507 0.776378 0.332242 0.226152 0.222652
0.407034 0.232184 0.268187 0.231994 0.206955 0.592331 0.153881 0.180776 0.178271 0.161422 0.228693 0.775778 0.227338 0.17669 0.238316 0.327549 0.225252 0.154809 0.212143 0.207689 0.185529 0.776357 0.332353 0.226151 0.222643
0.407223 0.232147 0.268163 0.231913 0.206924 0.592413 0.153867 0.180745 0.178264 0.161412 0.228693 0.775796 0.227338 0.176688 0.238338 0.327583 0.225252 0.154795 0.212059 0.207664 0.185549 0.776337 0.33246 0.226151 0.222635
0.407405 0.232112 0.26814 0.231835 0.206894 0.592491 0.153854 0.180715 0.178258 0.161402 0.228693 0.775813 0.227337 0.176687 0.23836 0.327615 0.225252 0.154782 0.21198 0.207641 0.185569 0.776316 0.332564 0.22615 0.222628
0.407581 0.232078 0.268119 0.231758 0.206865 0.592565 0.153842 0.180686 0.178252 0.161393 0.228692 0.775829 0.227337 0.176686 0.238381 0.327647 0.225251 0.15477 0.211904 0.207618 0.185589 0.776296 0.332663 0.22615 0.222622
0.407751 0.232046 0.268098 0.231685 0.206837 0.592635 0.15383 0.180658 0.178246 0.161384 0.228692 0.775844 0.227337 0.176685 0.238401 0.327676 0.225251 0.154758 0.211831 0.207596 0.185607 0.776276 0.332759 0.22615 0.222616
0.407914 0.232015 0.268079 0.231613 0.20681 0.592701 0.153819 0.180631 0.17824 0.161376 0.228692 0.775858 0.227336 0.176684 0.23842 0.327704 0.225251 0.154747 0.211761 0.207575 0.185626 0.776257 0.332852 0.226149 0.222611
0.408071 0.231985 0.26806 0.231544 0.206785 0.592765 0.153808 0.180606 0.178235 0.161367 0.228691 0.77587 0.227336 0.176684 0.238438 0.327731 0.22525 0.154737 0.211694 0.207554 0.185643 0.776238 0.332941 0.226149 0.222607
0.408223 0.231957 0.268042 0.231477 0.20676 0.592825 0.153798 0.180581 0.17823 0.161359 0.228691 0.775882 0.227336 0.176683 0.238456 0.327757 0.22525 0.154727 0.21163 0.207534 0.18566 0.77622 0.333027 0.226149 0.222602
0.408369 0.231929 0.268025 0.231412 0.206736 0.592882 0.153789 0.180557 0.178225 0.161352 0.228691 0.775894 0.227336 0.176683 0.238473 0.327781 0.22525 0.154717 0.211569 0.207515 0.185677 0.776202 0.333111 0.226149 0.222599
0.408509 0.231903 0.268008 0.23135 0.206712 0.592937 0.15378 0.180535 0.178221 0.161344 0.228691 0.775904 0.227335 0.176683 0.23849 0.327804 0.22525 0.154708 0.21151 0.207496 0.185693 0.776184 0.333191 0.226148 0.222596
0.408645 0.231878 0.267992 0.231289 0.20669 0.592989 0.153772 0.180513 0.178217 0.161337 0.22869 0.775914 0.227335 0.176683 0.238505 0.327827 0.225249 0.1547 0.211453 0.207478 0.185708 0.776168 0.333268 0.226148 0.222593
0.408776 0.231854 0.267977 0.231231 0.206669 0.593039 0.153763 0.180492 0.178213 0.16133 0.22869 0.775923 0.227335 0.176683 0.238521 0.327848 0.225249 0.154691 0.211399 0.207461 0.185723 0.776151 0.333342 0.226148 0.22259
0.408902 0.231831 0.267963 0.231175 0.206648 0.593086 0.153756 0.180472 0.178209 0.161324 0.22869 0.775932 0.227335 0.176683 0.238535 0.327868 0.225249 0.154684 0.211348 0.207444 0.185738 0.776135 0.333414 0.226148 0.222588
0.409023 0.231809 0.267949 0.23112 0.206628 0.593131 0.153748 0.180453 0.178205 0.161317 0.22869 0.775941 0.227335 0.176683 0.238549 0.327887 0.225249 0.154676 0.211298 0.207427 0.185752 0.77612 0.333483 0.226148 0.222586
0.40914 0.231788 0.267935 0.231067 0.206608 0.593174 0.153741 0.180434 0.178201 0.161311 0.22869 0.775949 0.227334 0.176683 0.238563 0.327905 0.225249 0.154669 0.21125 0.207411 0.185766 0.776105 0.33355 0.226147 0.222584
0.409252 0.231768 0.267922 0.231017 0.20659 0.593216 0.153735 0.180416 0.178198 0.161305 0.228689 0.775956 0.227334 0.176683 0.238575 0.327923 0.225249 0.154663 0.211205 0.207396 0.185779 0.776091 0.333614 0.226147 0.222582
0.409361 0.231748 0.26791 0.230968 0.206572 0.593255 0.153728 0.180399 0.178195 0.1613 0.228689 0.775964 0.227334 0.176684 0.238588 0.327939 0.225248 0.154656 0.211161 0.207381 0.185791 0.776077 0.333676 0.226147 0.222581
0.409465 0.23173 0.267898 0.23092 0.206555 0.593292 0.153722 0.180383 0.178192 0.161294 0.228689 0.775971 0.227334 0.176684 0.2386 0.327955 0.225248 0.15465 0.211119 0.207366 0.185804 0.776063 0.333736 0.226147 0.22258
0.409566 0.231712 0.267887 0.230875 0.206538 0.593328 0.153716 0.180367 0.178189 0.161289 0.228689 0.775977 0.227334 0.176684 0.238611 0.32797 0.225248 0.154644 0.211079 0.207352 0.185815 0.77605 0.333794 0.226147 0.222579
0.409663 0.231695 0.267875 0.230831 0.206522 0.593363 0.153711 0.180352 0.178186 0.161284 0.228689 0.775983 0.227334 0.176684 0.238622 0.327985 0.225248 0.154638 0.21104 0.207339 0.185827 0.776038 0.333849 0.226147 0.222578
0.409756 0.231678 0.267865 0.230788 0.206506 0.593396 0.153705 0.180337 0.178183 0.161279 0.228689 0.775989 0.227334 0.176685 0.238632 0.327998 0.225248 0.154633 0.211003 0.207326 0.185838 0.776026 0.333903 0.226147 0.222577
0.409846 0.231662 0.267855 0.230747 0.206491 0.593427 0.1537 0.180323 0.178181 0.161274 0.228689 0.775995 0.227333 0.176685 0.238642 0.328012 0.225248 0.154628 0.210968 0.207313 0.185849 0.776014 0.333954 0.226147 0.222576
0.409933 0.231647 0.267845 0.230708 0.206477 0.593457 0.153695 0.180309 0.178178 0.16127 0.228689 0.776001 0.227333 0.176685 0.238652 0.328024 0.225248 0.154623 0.210933 0.207301 0.185859 0.776003 0.334004 0.226147 0.222576
0.410016 0.231632 0.267835 0.23067 0.206463 0.593486 0.153691 0.180296 0.178176 0.161265 0.228688 0.776006 0.227333 0.176686 0.238661 0.328036 0.225248 0.154618 0.210901 0.207289 0.185869 0.775992 0.334052 0.226146 0.222575
0.410097 0.231618 0.267826 0.230633 0.20645 0.593514 0.153686 0.180283 0.178174 0.161261 0.228688 0.776011 0.227333 0.176686 0.23867 0.328048 0.225248 0.154614 0.210869 0.207278 0.185879 0.775982 0.334098 0.226146 0.222575
0.410174 0.231605 0.267817 0.230597 0.206437 0.59354 0.153682 0.180271 0.178172 0.161257 0.228688 0.776016 0.227333 0.176686 0.238678 0.328059 0.225247 0.154609 0.210839 0.207267 0.185888 0.775971 0.334142 0.226146 0.222575
0.410249 0.231592 0.267809 0.230563 0.206424 0.593565 0.153678 0.180259 0.17817 0.161253 0.228688 0.776021 0.227333 0.176687 0.238686 0.328069 0.225247 0.154605 0.21081 0.207256 0.185897 0.775962 0.334185 0.226146 0.222574
0.410321 0.23158 0.267801 0.23053 0.206412 0.59359 0.153674 0.180248 0.178168 0.161249 0.228688 0.776025 0.227333 0.176687 0.238694 0.328079 0.225247 0.154601 0.210782 0.207246 0.185906 0.775952 0.334226 0.226146 0.222574
0.41039 0.231568 0.267793 0.230498 0.206401 0.593613 0.15367 0.180237 0.178166 0.161246 0.228688 0.776029 0.227333 0.176688 0.238702 0.328089 0.225247 0.154598 0.210755 0.207236 0.185914 0.775943 0.334266 0.226146 0.222574
0.410457 0.231556 0.267785 0.230468 0.20639 0.593635 0.153666 0.180227 0.178164 0.161242 0.228688 0.776034 0.227333 0.176688 0.238709 0.328098 0.225247 0.154594 0.210729 0.207226 0.185922 0.775935 0.334304 0.226146 0.222574
0.410521 0.231545 0.267778 0.230438 0.206379 0.593657 0.153663 0.180217 0.178162 0.161239 0.228688 0.776038 0.227333 0.176688 0.238716 0.328107 0.225247 0.15459 0.210704 0.207217 0.18593 0.775926 0.334341 0.226146 0.222574
0.410583 0.231535 0.267771 0.23041 0.206369 0.593677 0.153659 0.180207 0.17816 0.161235 0.228688 0.776041 0.227333 0.176689 0.238723 0.328115 0.225247 0.154587 0.210681 0.207208 0.185938 0.775918 0.334377 0.226146 0.222574
0.410642 0.231525 0.267764 0.230382 0.206359 0.593697 0.153656 0.180198 0.178159 0.161232 0.228688 0.776045 0.227333 0.176689 0.238729 0.328123 0.225247 0.154584 0.210658 0.207199 0.185945 0.775911 0.334411 0.226146 0.222574
0.4107 0.231515 0.267758 0.230356 0.206349 0.593716 0.153653 0.180189 0.178157 0.161229 0.228688 0.776049 0.227333 0.176689 0.238735 0.328131 0.225247 0.154581 0.210636 0.207191 0.185952 0.775903 0.334444 0.226146 0.222574
0.410755 0.231506 0.267752 0.230331 0.20634 0.593734 0.15365 0.18018 0.178156 0.161226 0.228688 0.776052 0.227333 0.17669 0.238741 0.328138 0.225247 0.154578 0.210615 0.207182 0.185959 0.775896 0.334476 0.226146 0.222574
0.410808 0.231497 0.267746 0.230306 0.206331 0.593751 0.153647 0.180172 0.178155 0.161224 0.228688 0.776055 0.227333 0.17669 0.238747 0.328145 0.225247 0.154575 0.210594 0.207175 0.185965 0.775889 0.334506 0.226146 0.222574
0.41086 0.231488 0.26774 0.230282 0.206322 0.593768 0.153645 0.180164 0.178153 0.161221 0.228688 0.776058 0.227332 0.17669 0.238752 0.328152 0.225247 0.154572 0.210575 0.207167 0.185971 0.775882 0.334536 0.226146 0.222574
0.410909 0.23148 0.267734 0.23026 0.206314 0.593784 0.153642 0.180156 0.178152 0.161218 0.228688 0.776061 0.227332 0.176691 0.238757 0.328159 0.225247 0.154569 0.210556 0.20716 0.185977 0.775876 0.334564 0.226146 0.222574
0.410957 0.231472 0.267729 0.230238 0.206306 0.593799 0.15364 0.180149 0.178151 0.161216 0.228688 0.776064 0.227332 0.176691 0.238762 0.328165 0.225247 0.154567 0.210538 0.207153 0.185983 0.77587 0.334591 0.226146 0.222574
0.411002 0.231464 0.267724 0.230216 0.206298 0.593814 0.153637 0.180142 0.178149 0.161213 0.228688 0.776067 0.227332 0.176691 0.238767 0.328171 0.225247 0.154565 0.210521 0.207146 0.185989 0.775864 0.334618 0.226145 0.222574
0.411047 0.231457 0.267719 0.230196 0.206291 0.593828 0.153635 0.180135 0.178148 0.161211 0.228688 0.77607 0.227332 0.176692 0.238772 0.328177 0.225247 0.154562 0.210504 0.20714 0.185994 0.775858 0.334643 0.226145 0.222575
0.411089 0.23145 0.267714 0.230176 0.206284 0.593842 0.153633 0.180128 0.178147 0.161209 0.228687 0.776072 0.227332 0.176692 0.238776 0.328182 0.225247 0.15456 0.210488 0.207133 0.186 0.775852 0.334668 0.226145 0.222575
0.41113 0.231443 0.267709 0.230158 0.206277 0.593855 0.15363 0.180122 0.178146 0.161207 0.228687 0.776075 0.227332 0.176692 0.23878 0.328187 0.225247 0.154558 0.210473 0.207127 0.186005 0.775847 0.334691 0.226145 0.222575
0.411169 0.231436 0.267705 0.230139 0.20627 0.593867 0.153628 0.180116 0.178145 0.161205 0.228687 0.776077 0.227332 0.176693 0.238784 0.328192 0.225247 0.154556 0.210458 0.207121 0.18601 0.775842 0.334714 0.226145 0.222575
0.411207 0.23143 0.2677 0.230122 0.206264 0.593879 0.153626 0.18011 0.178144 0.161203 0.228687 0.776079 0.227332 0.176693 0.238788 0.328197 0.225247 0.154554 0.210443 0.207116 0.186014 0.775837 0.334736 0.226145 0.222575
0.411244 0.231424 0.267696 0.230105 0.206258 0.593891 0.153624 0.180104 0.178143 0.161201 0.228687 0.776082 0.227332 0.176693 0.238792 0.328202 0.225247 0.154552 0.21043 0.20711 0.186019 0.775832 0.334757 0.226145 0.222575
0.411279 0.231418 0.267692 0.230089 0.206252 0.593902 0.153623 0.180099 0.178142 0.161199 0.228687 0.776084 0.227332 0.176693 0.238796 0.328206 0.225247 0.15455 0.210417 0.207105 0.186023 0.775828 0.334777 0.226145 0.222576
0.411313 0.231412 0.267688 0.230073 0.206246 0.593913 0.153621 0.180093 0.178142 0.161197 0.228687 0.776086 0.227332 0.176694 0.238799 0.328211 0.225246 0.154548 0.210404 0.2071 0.186027 0.775823 0.334797 0.226145 0.222576
0.411346 0.231407 0.267684 0.230058 0.206241 0.593923 0.153619 0.180088 0.178141 0.161195 0.228687 0.776088 0.227332 0.176694 0.238803 0.328215 0.225246 0.154547 0.210392 0.207095 0.186031 0.775819 0.334815 0.226145 0.222576
0.411377 0.231402 0.267681 0.230043 0.206235 0.593933 0.153618 0.180084 0.17814 0.161194 0.228687 0.77609 0.227332 0.176694 0.238806 0.328219 0.225246 0.154545 0.21038 0.20709 0.186035 0.775815 0.334833 0.226145 0.222576
0.411408 0.231397 0.267677 0.230029 0.20623 0.593942 0.153616 0.180079 0.178139 0.161192 0.228687 0.776092 0.227332 0.176694 0.238809 0.328223 0.225246 0.154543 0.210369 0.207086 0.186039 0.775811 0.334851 0.226145 0.222576
0.411437 0.231392 0.267674 0.230016 0.206225 0.593951 0.153615 0.180074 0.178138 0.16119 0.228687 0.776093 0.227332 0.176695 0.238812 0.328226 0.225246 0.154542 0.210358 0.207081 0.186043 0.775807 0.334868 0.226145 0.222576
0.411465 0.231387 0.267671 0.230003 0.206221 0.59396 0.153613 0.18007 0.178138 0.161189 0.228687 0.776095 0.227332 0.176695 0.238815 0.32823 0.225246 0.15454 0.210347 0.207077 0.186046 0.775804 0.334884 0.226145 0.222577
0.411492 0.231383 0.267668 0.22999 0.206216 0.593969 0.153612 0.180066 0.178137 0.161188 0.228687 0.776097 0.227332 0.176695 0.238818 0.328233 0.225246 0.154539 0.210337 0.207073 0.18605 0.7758 0.334899 0.226145 0.222577
0.411518 0.231379 0.267665 0.229978 0.206212 0.593977 0.15361 0.180062 0.178136 0.161186 0.228687 0.776098 0.227332 0.176695 0.23882 0.328236 0.225246 0.154538 0.210327 0.207069 0.186053 0.775797 0.334914 0.226145 0.222577
0.411543 0.231375 0.267662 0.229966 0.206208 0.593985 0.153609 0.180058 0.178136 0.161185 0.228687 0.7761 0.227332 0.176695 0.238823 0.328239 0.225246 0.154536 0.210318 0.207065 0.186056 0.775793 0.334929 0.226145 0.222577
0.411567 0.231371 0.267659 0.229955 0.206204 0.593992 0.153608 0.180054 0.178135 0.161184 0.228687 0.776101 0.227332 0.176696 0.238825 0.328242 0.225246 0.154535 0.210309 0.207062 0.186059 0.77579 0.334943 0.226145 0.222577
0.411591 0.231367 0.267657 0.229944 0.2062 0.593999 0.153607 0.18005 0.178135 0.161182 0.228687 0.776102 0.227332 0.176696 0.238828 0.328245 0.225246 0.154534 0.2103 0.207058 0.186062 0.775787 0.334956 0.226145 0.222577
0.411613 0.231363 0.267654 0.229934 0.206196 0.594006 0.153605 0.180047 0.178134 0.161181 0.228687 0.776104 0.227332 0.176696 0.23883 0.328248 0.225246 0.154533 0.210292 0.207055 0.186065 0.775784 0.334969 0.226145 0.222578
0.411635 0.23136 0.267652 0.229924 0.206192 0.594013 0.153604 0.180044 0.178134 0.16118 0.228687 0.776105 0.227332 0.176696 0.238832 0.328251 0.225246 0.154532 0.210284 0.207052 0.186068 0.775782 0.334982 0.226145 0.222578
0.411655 0.231356 0.267649 0.229914 0.206189 0.594019 0.153603 0.18004 0.178133 0.161179 0.228687 0.776106 0.227332 0.176696 0.238834 0.328253 0.225246 0.154531 0.210276 0.207048 0.18607 0.775779 0.334994 0.226145 0.222578
0.411675 0.231353 0.267647 0.229905 0.206185 0.594026 0.153602 0.180037 0.178133 0.161178 0.228687 0.776108 0.227332 0.176697 0.238836 0.328256 0.225246 0.15453 0.210269 0.207045 0.186073 0.775776 0.335005 0.226145 0.222578
0.411695 0.23135 0.267645 0.229896 0.206182 0.594032 0.153601 0.180034 0.178132 0.161177 0.228687 0.776109 0.227332 0.176697 0.238838 0.328258 0.225246 0.154529 0.210262 0.207043 0.186075 0.775774 0.335016 0.226145 0.222578
0.411713 0.231347 0.267643 0.229887 0.206179 0.594037 0.1536 0.180031 0.178132 0.161176 0.228687 0.77611 0.227332 0.176697 0.23884 0.32826 0.225246 0.154528 0.210255 0.20704 0.186077 0.775771 0.335027 0.226145 0.222578
0.411731 0.231344 0.267641 0.229879 0.206176 0.594043 0.153599 0.180029 0.178131 0.161175 0.228687 0.776111 0.227332 0.176697 0.238842 0.328263 0.225246 0.154527 0.210248 0.207037 0.18608 0.775769 0.335037 0.226145 0.222578
0.411748 0.231341 0.267639 0.229871 0.206173 0.594048 0.153599 0.180026 0.178131 0.161174 0.228687 0.776112 0.227332 0.176697 0.238844 0.328265 0.225246 0.154526 0.210242 0.207034 0.186082 0.775767 0.335047 0.226145 0.222579
0.411765 0.231338 0.267637 0.229863 0.20617 0.594053 0.153598 0.180023 0.17813 0.161173 0.228687 0.776113 0.227332 0.176697 0.238846 0.328267 0.225246 0.154525 0.210236 0.207032 0.186084 0.775765 0.335057 0.226145 0.222579
0.411781 0.231336 0.267635 0.229856 0.206168 0.594058 0.153597 0.180021 0.17813 0.161172 0.228687 0.776114 0.227332 0.176697 0.238847 0.328269 0.225246 0.154524 0.21023 0.207029 0.186086 0.775763 0.335066 0.226145 0.222579
0.411796 0.231333 0.267633 0.229849 0.206165 0.594063 0.153596 0.180018 0.17813 0.161172 0.228687 0.776115 0.227332 0.176698 0.238849 0.32827 0.225246 0.154523 0.210224 0.207027 0.186088 0.775761 0.335075 0.226145 0.222579
0.411811 0.231331 0.267631 0.229842 0.206162 0.594067 0.153595 0.180016 0.178129 0.161171 0.228687 0.776116 0.227332 0.176698 0.23885 0.328272 0.225246 0.154523 0.210219 0.207025 0.18609 0.775759 0.335083 0.226145 0.222579
0.411825 0.231329 0.26763 0.229835 0.20616 0.594072 0.153595 0.180014 0.178129 0.16117 0.228687 0.776116 0.227332 0.176698 0.238852 0.328274 0.225246 0.154522 0.210214 0.207023 0.186092 0.775757 0.335091 0.226145 0.222579
0.411839 0.231326 0.267628 0.229829 0.206158 0.594076 0.153594 0.180012 0.178129 0.161169 0.228687 0.776117 0.227332 0.176698 0.238853 0.328276 0.225246 0.154521 0.210209 0.207021 0.186093 0.775755 0.335099 0.226145 0.222579
0.411852 0.231324 0.267627 0.229823 0.206156 0.59408 0.153593 0.18001 0.178128 0.161169 0.228687 0.776118 0.227332 0.176698 0.238854 0.328277 0.225246 0.154521 0.210204 0.207019 0.186095 0.775753 0.335107 0.226145 0.222579
0.411865 0.231322 0.267625 0.229817 0.206153 0.594084 0.153593 0.180008 0.178128 0.161168 0.228687 0.776119 0.227332 0.176698 0.238856 0.328279 0.225246 0.15452 0.210199 0.207017 0.186097 0.775752 0.335114 0.226145 0.22258
0.411877 0.23132 0.267624 0.229811 0.206151 0.594088 0.153592 0.180006 0.178128 0.161167 0.228687 0.77612 0.227332 0.176698 0.238857 0.32828 0.225246 0.154519 0.210194 0.207015 0.186098 0.77575 0.335121 0.226145 0.22258
0.411889 0.231318 0.267622 0.229806 0.206149 0.594091 0.153591 0.180004 0.178127 0.161167 0.228687 0.77612 0.227332 0.176698 0.238858 0.328282 0.225246 0.154519 0.21019 0.207013 0.1861 0.775748 0.335128 0.226145 0.22258
0.411901 0.231316 0.267621 0.2298 0.206147 0.594095 0.153591 0.180002 0.178127 0.161166 0.228687 0.776121 0.227332 0.176698 0.238859 0.328283 0.225246 0.154518 0.210186 0.207011 0.186101 0.775747 0.335135 0.226145 0.22258
0.411912 0.231315 0.26762 0.229795 0.206146 0.594098 0.15359 0.180001 0.178127 0.161166 0.228687 0.776122 0.227332 0.176699 0.23886 0.328284 0.225246 0.154518 0.210182 0.20701 0.186102 0.775746 0.335141 0.226145 0.22258
0.411922 0.231313 0.267619 0.22979 0.206144 0.594101 0.15359 0.179999 0.178127 0.161165 0.228687 0.776122 0.227332 0.176699 0.238861 0.328286 0.225246 0.154517 0.210178 0.207008 0.186104 0.775744 0.335147 0.226145 0.22258
0.411932 0.231311 0.267618 0.229786 0.206142 0.594104 0.153589 0.179997 0.178126 0.161164 0.228687 0.776123 0.227332 0.176699 0.238862 0.328287 0.225246 0.154517 0.210174 0.207006 0.186105 0.775743 0.335153 0.226145 0.22258
0.411942 0.23131 0.267616 0.229781 0.20614 0.594107 0.153589 0.179996 0.178126 0.161164 0.228687 0.776123 0.227332 0.176699 0.238863 0.328288 0.225246 0.154516 0.210171 0.207005 0.186106 0.775742 0.335159 0.226145 0.22258
0.411951 0.231308 0.267615 0.229777 0.206139 0.59411 0.153588 0.179994 0.178126 0.161163 0.228687 0.776124 0.227332 0.176699 0.238864 0.328289 0.225246 0.154516 0.210167 0.207004 0.186107 0.77574 0.335164 0.226145 0.22258
0.41196 0.231307 0.267614 0.229773 0.206137 0.594113 0.153588 0.179993 0.178126 0.161163 0.228687 0.776125 0.227332 0.176699 0.238865 0.32829 0.225246 0.154515 0.210164 0.207002 0.186109 0.775739 0.335169 0.226145 0.22258
0.411969 0.231305 0.267613 0.229768 0.206136 0.594116 0.153587 0.179992 0.178125 0.161162 0.228687 0.776125 0.227332 0.176699 0.238866 0.328291 0.225246 0.154515 0.210161 0.207001 0.18611 0.775738 0.335174 0.226145 0.22258
0.411978 0.231304 0.267612 0.229765 0.206134 0.594118 0.153587 0.17999 0.178125 0.161162 0.228687 0.776126 0.227332 0.176699 0.238867 0.328292 0.225246 0.154514 0.210158 0.207 0.186111 0.775737 0.335179 0.226145 0.222581
0.411986 0.231303 0.267611 0.229761 0.206133 0.594121 0.153587 0.179989 0.178125 0.161162 0.228687 0.776126 0.227332 0.176699 0.238868 0.328293 0.225246 0.154514 0.210155 0.206998 0.186112 0.775736 0.335184 0.226145 0.222581
0.411994 0.231301 0.26761 0.229757 0.206132 0.594123 0.153586 0.179988 0.178125 0.161161 0.228687 0.776127 0.227332 0.176699 0.238869 0.328294 0.225246 0.154513 0.210152 0.206997 0.186113 0.775735 0.335188 0.226145 0.222581
0.412001 0.2313 0.26761 0.229754 0.20613 0.594125 0.153586 0.179987 0.178125 0.161161 0.228687 0.776127 0.227332 0.176699 0.238869 0.328295 0.225246 0.154513 0.210149 0.206996 0.186114 0.775734 0.335193 0.226145 0.222581
0.412008 0.231299 0.267609 0.22975 0.206129 0.594127 0.153586 0.179986 0.178124 0.16116 0.228687 0.776127 0.227332 0.176699 0.23887 0.328296 0.225246 0.154513 0.210146 0.206995 0.186115 0.775733 0.335197 0.226145 0.222581
0.412015 0.231298 0.267608 0.229747 0.206128 0.59413 0.153585 0.179985 0.178124 0.16116 0.228687 0.776128 0.227332 0.1767 0.238871 0.328297 0.225246 0.154512 0.210144 0.206994 0.186115 0.775732 0.335201 0.226145 0.222581
0.412022 0.231297 0.267607 0.229744 0.206127 0.594132 0.153585 0.179983 0.178124 0.16116 0.228687 0.776128 0.227332 0.1767 0.238871 0.328298 0.225246 0.154512 0.210141 0.206993 0.186116 0.775731 0.335205 0.226145 0.222581
0.412028 0.231296 0.267606 0.229741 0.206126 0.594134 0.153584 0.179982 0.178124 0.161159 0.228687 0.776129 0.227332 0.1767 0.238872 0.328298 0.225246 0.154512 0.210139 0.206992 0.186117 0.77573 0.335208 0.226145 0.222581
0.412035 0.231295 0.267606 0.229738 0.206125 0.594135 0.153584 0.179982 0.178124 0.161159 0.228687 0.776129 0.227332 0.1767 0.238873 0.328299 0.225246 0.154511 0.210137 0.206991 0.186118 0.77573 0.335212 0.226145 0.222581
0.412041 0.231294 0.267605 0.229735 0.206124 0.594137 0.153584 0.179981 0.178124 0.161159 0.228687 0.776129 0.227332 0.1767 0.238873 0.3283 0.225246 0.154511 0.210135 0.20699 0.186119 0.775729 0.335215 0.226145 0.222581
0.412046 0.231293 0.267604 0.229733 0.206123 0.594139 0.153584 0.17998 0.178124 0.161158 0.228687 0.77613 0.227332 0.1767 0.238874 0.3283 0.225246 0.154511 0.210132 0.206989 0.186119 0.775728 0.335219 0.226145 0.222581
0.412052 0.231292 0.267604 0.22973 0.206122 0.594141 0.153583 0.179979 0.178123 0.161158 0.228687 0.77613 0.227332 0.1767 0.238874 0.328301 0.225246 0.154511 0.21013 0.206988 0.18612 0.775727 0.335222 0.226145 0.222581
0.412057 0.231291 0.267603 0.229728 0.206121 0.594142 0.153583 0.179978 0.178123 0.161158 0.228687 0.77613 0.227332 0.1767 0.238875 0.328302 0.225246 0.15451 0.210128 0.206987 0.186121 0.775727 0.335225 0.226145 0.222581
0.412062 0.23129 0.267603 0.229725 0.20612 0.594144 0.153583 0.179977 0.178123 0.161158 0.228687 0.776131 0.227332 0.1767 0.238875 0.328302 0.225246 0.15451 0.210127 0.206987 0.186121 0.775726 0.335228 0.226145 0.222581
0.412067 0.231289 0.267602 0.229723 0.206119 0.594145 0.153583 0.179976 0.178123 0.161157 0.228687 0.776131 0.227332 0.1767 0.238876 0.328303 0.225246 0.15451 0.210125 0.206986 0.186122 0.775725 0.335231 0.226145 0.222581
0.412072 0.231289 0.267601 0.229721 0.206118 0.594147 0.153582 0.179976 0.178123 0.161157 0.228687 0.776131 0.227332 0.1767 0.238876 0.328304 0.225246 0.15451 0.210123 0.206985 0.186123 0.775725 0.335234 0.226145 0.222581
0.412077 0.231288 0.267601 0.229718 0.206118 0.594148 0.153582 0.179975 0.178123 0.161157 0.228687 0.776131 0.227332 0.1767 0.238877 0.328304 0.225246 0.154509 0.210121 0.206984 0.186123 0.775724 0.335236 0.226145 0.222581
0.412081 0.231287 0.2676 0.229716 0.206117 0.59415 0.153582 0.179974 0.178123 0.161157 0.228687 0.776132 0.227332 0.1767 0.238877 0.328305 0.225246 0.154509 0.21012 0.206984 0.186124 0.775724 0.335239 0.226145 0.222582
0.412086 0.231286 0.2676 0.229714 0.206116 0.594151 0.153582 0.179974 0.178123 0.161156 0.228687 0.776132 0.227332 0.1767 0.238878 0.328305 0.225246 0.154509 0.210118 0.206983 0.186124 0.775723 0.335241 0.226145 0.222582
0.41209 0.231286 0.267599 0.229712 0.206115 0.594152 0.153581 0.179973 0.178123 0.161156 0.228687 0.776132 0.227332 0.1767 0.238878 0.328306 0.225246 0.154509 0.210117 0.206982 0.186125 0.775722 0.335244 0.226145 0.222582
0.412094 0.231285 0.267599 0.229711 0.206115 0.594153 0.153581 0.179972 0.178122 0.161156 0.228687 0.776132 0.227332 0.1767 0.238879 0.328306 0.225246 0.154508 0.210115 0.206982 0.186125 0.775722 0.335246 0.226145 0.222582
0.412097 0.231285 0.267599 0.229709 0.206114 0.594154 0.153581 0.179972 0.178122 0.161156 0.228687 0.776133 0.227332 0.1767 0.238879 0.328306 0.225246 0.154508 0.210114 0.206981 0.186126 0.775721 0.335248 0.226145 0.222582
0.412101 0.231284 0.267598 0.229707 0.206114 0.594156 0.153581 0.179971 0.178122 0.161156 0.228687 0.776133 0.227332 0.1767 0.238879 0.328307 0.225246 0.154508 0.210112 0.206981 0.186126 0.775721 0.33525 0.226145 0.222582
0.412105 0.231283 0.267598 0.229706 0.206113 0.594157 0.153581 0.179971 0.178122 0.161155 0.228687 0.776133 0.227332 0.1767 0.23888 0.328307 0.225246 0.154508 0.210111 0.20698 0.186127 0.775721 0.335252 0.226145 0.222582
0.412108 0.231283 0.267597 0.229704 0.206112 0.594158 0.153581 0.17997 0.178122 0.161155 0.228687 0.776133 0.227332 0.1767 0.23888 0.328308 0.225246 0.154508 0.21011 0.20698 0.186127 0.77572 0.335254 0.226145 0.222582
0.412111 0.231282 0.267597 0.229702 0.206112 0.594159 0.15358 0.17997 0.178122 0.161155 0.228687 0.776134 0.227332 0.1767 0.23888 0.328308 0.225246 0.154508 0.210109 0.206979 0.186128 0.77572 0.335256 0.226145 0.222582
0.412114 0.231282 0.267597 0.229701 0.206111 0.59416 0.15358 0.179969 0.178122 0.161155 0.228687 0.776134 0.227332 0.1767 0.238881 0.328309 0.225246 0.154507 0.210107 0.206979 0.186128 0.775719 0.335258 0.226145 0.222582
0.412118 0.231281 0.267596 0.2297 0.206111 0.594161 0.15358 0.179969 0.178122 0.161155 0.228687 0.776134 0.227332 0.1767 0.238881 0.328309 0.225246 0.154507 0.210106 0.206978 0.186128 0.775719 0.33526 0.226145 0.222582
0.41212 0.231281 0.267596 0.229698 0.20611 0.594161 0.15358 0.179968 0.178122 0.161155 0.228687 0.776134 0.227332 0.1767 0.238881 0.328309 0.225246 0.154507 0.210105 0.206978 0.186129 0.775719 0.335261 0.226145 0.222582
0.412123 0.23128 0.267596 0.229697 0.20611 0.594162 0.15358 0.179968 0.178122 0.161154 0.228687 0.776134 0.227332 0.1767 0.238882 0.32831 0.225246 0.154507 0.210104 0.206977 0.186129 0.775718 0.335263 0.226145 0.222582
0.412126 0.23128 0.267595 0.229696 0.206109 0.594163 0.15358 0.179967 0.178122 0.161154 0.228687 0.776134 0.227332 0.1767 0.238882 0.32831 0.225246 0.154507 0.210103 0.206977 0.186129 0.775718 0.335265 0.226145 0.222582
0.412129 0.23128 0.267595 0.229694 0.206109 0.594164 0.153579 0.179967 0.178122 0.161154 0.228687 0.776135 0.227332 0.176701 0.238882 0.32831 0.225246 0.154507 0.210102 0.206976 0.18613 0.775717 0.335266 0.226145 0.222582
0.412131 0.231279 0.267595 0.229693 0.206108 0.594165 0.153579 0.179967 0.178122 0.161154 0.228687 0.776135 0.227332 0.176701 0.238882 0.32831 0.225246 0.154507 0.210101 0.206976 0.18613 0.775717 0.335268 0.226145 0.222582
0.412134 0.231279 0.267594 0.229692 0.206108 0.594165 0.153579 0.179966 0.178121 0.161154 0.228687 0.776135 0.227332 0.176701 0.238883 0.328311 0.225246 0.154506 0.210101 0.206976 0.18613 0.775717 0.335269 0.226145 0.222582
0.412136 0.231278 0.267594 0.229691 0.206108 0.594166 0.153579 0.179966 0.178121 0.161154 0.228687 0.776135 0.227332 0.176701 0.238883 0.328311 0.225246 0.154506 0.2101 0.206975 0.186131 0.775717 0.33527 0.226145 0.222582
0.412138 0.231278 0.267594 0.22969 0.206107 0.594167 0.153579 0.179965 0.178121 0.161154 0.228687 0.776135 0.227332 0.176701 0.238883 0.328311 0.225246 0.154506 0.210099 0.206975 0.186131 0.775716 0.335272 0.226145 0.222582
0.41214 0.231278 0.267594 0.229689 0.206107 0.594167 0.153579 0.179965 0.178121 0.161153 0.228687 0.776135 0.227332 0.176701 0.238883 0.328312 0.225246 0.154506 0.210098 0.206975 0.186131 0.775716 0.335273 0.226145 0.222582
0.412142 0.231277 0.267593 0.229688 0.206107 0.594168 0.153579 0.179965 0.178121 0.161153 0.228687 0.776135 0.227332 0.176701 0.238883 0.328312 0.225246 0.154506 0.210097 0.206974 0.186132 0.775716 0.335274 0.226145 0.222582
0.412144 0.231277 0.267593 0.229687 0.206106 0.594169 0.153579 0.179965 0.178121 0.161153 0.228687 0.776135 0.227332 0.176701 0.238884 0.328312 0.225246 0.154506 0.210097 0.206974 0.186132 0.775715 0.335275 0.226145 0.222582
0.412146 0.231277 0.267593 0.229686 0.206106 0.594169 0.153579 0.179964 0.178121 0.161153 0.228687 0.776136 0.227332 0.176701 0.238884 0.328312 0.225246 0.154506 0.210096 0.206974 0.186132 0.775715 0.335276 0.226145 0.222582
0.412148 0.231276 0.267593 0.229685 0.206106 0.59417 0.153579 0.179964 0.178121 0.161153 0.228687 0.776136 0.227332 0.176701 0.238884 0.328312 0.225246 0.154506 0.210095 0.206973 0.186132 0.775715 0.335277 0.226145 0.222582
0.41215 0.231276 0.267593 0.229684 0.206105 0.59417 0.153578 0.179964 0.178121 0.161153 0.228687 0.776136 0.227332 0.176701 0.238884 0.328313 0.225246 0.154506 0.210095 0.206973 0.186133 0.775715 0.335279 0.226145 0.222582
0.412152 0.231276 0.267592 0.229684 0.206105 0.594171 0.153578 0.179963 0.178121 0.161153 0.228687 0.776136 0.227332 0.176701 0.238884 0.328313 0.225246 0.154506 0.210094 0.206973 0.186133 0.775714 0.335279 0.226145 0.222582
0.412153 0.231276 0.267592 0.229683 0.206105 0.594171 0.153578 0.179963 0.178121 0.161153 0.228687 0.776136 0.227332 0.176701 0.238885 0.328313 0.225246 0.154505 0.210093 0.206973 0.186133 0.775714 0.33528 0.226145 0.222582
0.412155 0.231275 0.267592 0.229682 0.206104 0.594172 0.153578 0.179963 0.178121 0.161153 0.228687 0.776136 0.227332 0.176701 0.238885 0.328313 0.225246 0.154505 0.210093 0.206972 0.186133 0.775714 0.335281 0.226145 0.222582
0.412156 0.231275 0.267592 0.229681 0.206104 0.594172 0.153578 0.179963 0.178121 0.161153 0.228687 0.776136 0.227332 0.176701 0.238885 0.328313 0.225246 0.154505 0.210092 0.206972 0.186133 0.775714 0.335282 0.226145 0.222582
0.412158 0.231275 0.267592 0.229681 0.206104 0.594173 0.153578 0.179962 0.178121 0.161153 0.228687 0.776136 0.227332 0.176701 0.238885 0.328314 0.225246 0.154505 0.210092 0.206972 0.186134 0.775714 0.335283 0.226145 0.222582
0.412159 0.231275 0.267591 0.22968 0.206104 0.594173 0.153578 0.179962 0.178121 0.161152 0.228687 0.776136 0.227332 0.176701 0.238885 0.328314 0.225246 0.154505 0.210091 0.206972 0.186134 0.775713 0.335284 0.226145 0.222582
0.412161 0.231274 0.267591 0.229679 0.206103 0.594174 0.153578 0.179962 0.178121 0.161152 0.228687 0.776136 0.227332 0.176701 0.238885 0.328314 0.225246 0.154505 0.210091 0.206972 0.186134 0.775713 0.335285 0.226145 0.222582
0.412162 0.231274 0.267591 0.229679 0.206103 0.594174 0.153578 0.179962 0.178121 0.161152 0.228687 0.776137 0.227332 0.176701 0.238885 0.328314 0.225246 0.154505 0.21009 0.206971 0.186134 0.775713 0.335286 0.226145 0.222582
0.412163 0.231274 0.267591 0.229678 0.206103 0.594174 0.153578 0.179962 0.178121 0.161152 0.228687 0.776137 0.227332 0.176701 0.238886 0.328314 0.225246 0.154505 0.21009 0.206971 0.186134 0.775713 0.335286 0.226145 0.222582
0.412165 0.231274 0.267591 0.229678 0.206103 0.594175 0.153578 0.179961 0.178121 0.161152 0.228687 0.776137 0.227332 0.176701 0.238886 0.328314 0.225246 0.154505 0.210089 0.206971 0.186134 0.775713 0.335287 0.226145 0.222582
0.412166 0.231274 0.267591 0.229677 0.206103 0.594175 0.153578 0.179961 0.178121 0.161152 0.228687 0.776137 0.227332 0.176701 0.238886 0.328315 0.225246 0.154505 0.210089 0.206971 0.186135 0.775713 0.335288 0.226145 0.222582
0.412167 0.231273 0.267591 0.229677 0.206102 0.594175 0.153578 0.179961 0.178121 0.161152 0.228687 0.776137 0.227332 0.176701 0.238886 0.328315 0.225246 0.154505 0.210088 0.206971 0.186135 0.775712 0.335288 0.226145 0.222582
0.412168 0.231273 0.26759 0.229676 0.206102 0.594176 0.153578 0.179961 0.178121 0.161152 0.228687 0.776137 0.227332 0.176701 0.238886 0.328315 0.225246 0.154505 0.210088 0.20697 0.186135 0.775712 0.335289 0.226145 0.222582
0.412169 0.231273 0.26759 0.229676 0.206102 0.594176 0.153577 0.179961 0.178121 0.161152 0.228687 0.776137 0.227332 0.176701 0.238886 0.328315 0.225246 0.154505 0.210088 0.20697 0.186135 0.775712 0.33529 0.226145 0.222582
0.41217 0.231273 0.26759 0.229675 0.206102 0.594176 0.153577 0.179961 0.178121 0.161152 0.228687 0.776137 0.227332 0.176701 0.238886 0.328315 0.225246 0.154505 0.210087 0.20697 0.186135 0.775712 0.33529 0.226145 0.222582
0.412171 0.231273 0.26759 0.229675 0.206102 0.594177 0.153577 0.17996 0.178121 0.161152 0.228687 0.776137 0.227332 0.176701 0.238886 0.328315 0.225246 0.154505 0.210087 0.20697 0.186135 0.775712 0.335291 0.226145 0.222582
0.412172 0.231273 0.26759 0.229674 0.206102 0.594177 0.153577 0.17996 0.178121 0.161152 0.228687 0.776137 0.227332 0.176701 0.238886 0.328315 0.225246 0.154505 0.210086 0.20697 0.186135 0.775712 0.335291 0.226145 0.222582
0.412173 0.231272 0.26759 0.229674 0.206101 0.594177 0.153577 0.17996 0.178121 0.161152 0.228687 0.776137 0.227332 0.176701 0.238886 0.328315 0.225246 0.154504 0.210086 0.20697 0.186135 0.775712 0.335292 0.226145 0.222582
0.412174 0.231272 0.26759 0.229673 0.206101 0.594178 0.153577 0.17996 0.178121 0.161152 0.228687 0.776137 0.227332 0.176701 0.238887 0.328316 0.225246 0.154504 0.210086 0.20697 0.186136 0.775712 0.335292 0.226145 0.222582
0.412175 0.231272 0.26759 0.229673 0.206101 0.594178 0.153577 0.17996 0.178121 0.161152 0.228687 0.776137 0.227332 0.176701 0.238887 0.328316 0.225246 0.154504 0.210085 0.206969 0.186136 0.775711 0.335293 0.226145 0.222582
0.412175 0.231272 0.26759 0.229673 0.206101 0.594178 0.153577 0.17996 0.17812 0.161152 0.228687 0.776137 0.227332 0.176701 0.238887 0.328316 0.225246 0.154504 0.210085 0.206969 0.186136 0.775711 0.335293 0.226145 0.222582
0.412176 0.231272 0.267589 0.229672 0.206101 0.594178 0.153577 0.17996 0.17812 0.161152 0.228687 0.776137 0.227332 0.176701 0.238887 0.328316 0.225246 0.154504 0.210085 0.206969 0.186136 0.775711 0.335294 0.226145 0.222582
0.412177 0.231272 0.267589 0.229672 0.206101 0.594178 0.153577 0.179959 0.17812 0.161152 0.228687 0.776137 0.227332 0.176701 0.238887 0.328316 0.225246 0.154504 0.210085 0.206969 0.186136 0.775711 0.335294 0.226145 0.222582
0.412178 0.231272 0.267589 0.229672 0.206101 0.594179 0.153577 0.179959 0.17812 0.161151 0.228687 0.776137 0.227332 0.176701 0.238887 0.328316 0.225246 0.154504 0.210084 0.206969 0.186136 0.775711 0.335295 0.226145 0.222582
0.412178 0.231272 0.267589 0.229671 0.206101 0.594179 0.153577 0.179959 0.17812 0.161151 0.228687 0.776137 0.227332 0.176701 0.238887 0.328316 0.225246 0.154504 0.210084 0.206969 0.186136 0.775711 0.335295 0.226145 0.222582
0.412179 0.231271 0.267589 0.229671 0.2061 0.594179 0.153577 0.179959 0.17812 0.161151 0.228687 0.776138 0.227332 0.176701 0.238887 0.328316 0.225246 0.154504 0.210084 0.206969 0.186136 0.775711 0.335295 0.226145 0.222582
0.41218 0.231271 0.267589 0.229671 0.2061 0.594179 0.153577 0.179959 0.17812 0.161151 0.228687 0.776138 0.227332 0.176701 0.238887 0.328316 0.225246 0.154504 0.210084 0.206969 0.186136 0.775711 0.335296 0.226145 0.222582
0.41218 0.231271 0.267589 0.22967 0.2061 0.594179 0.153577 0.179959 0.17812 0.161151 0.228687 0.776138 0.227332 0.176701 0.238887 0.328316 0.225246 0.154504 0.210083 0.206969 0.186136 0.775711 0.335296 0.226145 0.222582
0.412181 0.231271 0.267589 0.22967 0.2061 0.59418 0.153577 0.179959 0.17812 0.161151 0.228687 0.776138 0.227332 0.176701 0.238887 0.328316 0.225246 0.154504 0.210083 0.206968 0.186136 0.775711 0.335296 0.226145 0.222582
0.412182 0.231271 0.267589 0.22967 0.2061 0.59418 0.153577 0.179959 0.17812 0.161151 0.228687 0.776138 0.227332 0.176701 0.238887 0.328316 0.225246 0.154504 0.210083 0.206968 0.186137 0.775711 0.335297 0.226145 0.222583
0.412182 0.231271 0.267589 0.229669 0.2061 0.59418 0.153577 0.179959 0.17812 0.161151 0.228687 0.776138 0.227332 0.176701 0.238887 0.328316 0.225246 0.154504 0.210083 0.206968 0.186137 0.775711 0.335297 0.226145 0.222583
0.412183 0.231271 0.267589 0.229669 0.2061 0.59418 0.153577 0.179959 0.17812 0.161151 0.228687 0.776138 0.227332 0.176701 0.238887 0.328317 0.225246 0.154504 0.210083 0.206968 0.186137 0.77571 0.335297 0.226145 0.222583
0.412183 0.231271 0.267589 0.229669 0.2061 0.59418 0.153577 0.179959 0.17812 0.161151 0.228687 0.776138 0.227332 0.176701 0.238888 0.328317 0.225246 0.154504 0.210082 0.206968 0.186137 0.77571 0.335298 0.226145 0.222583
0.412184 0.231271 0.267589 0.229669 0.2061 0.59418 0.153577 0.179958 0.17812 0.161151 0.228687 0.776138 0.227332 0.176701 0.238888 0.328317 0.225246 0.154504 0.210082 0.206968 0.186137 0.77571 0.335298 0.226145 0.222583
0.412184 0.231271 0.267589 0.229669 0.2061 0.594181 0.153577 0.179958 0.17812 0.161151 0.228687 0.776138 0.227332 0.176701 0.238888 0.328317 0.225246 0.154504 0.210082 0.206968 0.186137 0.77571 0.335298 0.226145 0.222583
0.412185 0.231271 0.267589 0.229668 0.206099 0.594181 0.153577 0.179958 0.17812 0.161151 0.228687 0.776138 0.227332 0.176701 0.238888 0.328317 0.225246 0.154504 0.210082 0.206968 0.186137 0.77571 0.335298 0.226145 0.222583
0.412185 0.23127 0.267588 0.229668 0.206099 0.594181 0.153577 0.179958 0.17812 0.161151 0.228687 0.776138 0.227332 0.176701 0.238888 0.328317 0.225246 0.154504 0.210082 0.206968 0.186137 0.77571 0.335299 0.226145 0.222583
0.412185 0.23127 0.267588 0.229668 0.206099 0.594181 0.153577 0.179958 0.17812 0.161151 0.228687 0.776138 0.227332 0.176701 0.238888 0.328317 0.225246 0.154504 0.210082 0.206968 0.186137 0.77571 0.335299 0.226145 0.222583
0.412186 0.23127 0.267588 0.229668 0.206099 0.594181 0.153577 0.179958 0.17812 0.161151 0.228687 0.776138 0.227332 0.176701 0.238888 0.328317 0.225246 0.154504 0.210081 0.206968 0.186137 0.77571 0.335299 0.226145 0.222583
0.412186 0.23127 0.267588 0.229668 0.206099 0.594181 0.153577 0.179958 0.17812 0.161151 0.228687 0.776138 0.227332 0.176701 0.238888 0.328317 0.225246 0.154504 0.210081 0.206968 0.186137 0.77571 0.335299 0.226145 0.222583
0.412187 0.23127 0.267588 0.229667 0.206099 0.594181 0.153577 0.179958 0.17812 0.161151 0.228687 0.776138 0.227332 0.176701 0.238888 0.328317 0.225246 0.154504 0.210081 0.206968 0.186137 0.77571 0.3353 0.226145 0.222583
0.412187 0.23127 0.267588 0.229667 0.206099 0.594181 0.153577 0.179958 0.17812 0.161151 0.228687 0.776138 0.227332 0.176701 0.238888 0.328317 0.225246 0.154504 0.210081 0.206968 0.186137 0.77571 0.3353 0.226145 0.222583
0.412187 0.23127 0.267588 0.229667 0.206099 0.594182 0.153577 0.179958 0.17812 0.161151 0.228687 0.776138 0.227332 0.176701 0.238888 0.328317 0.225246 0.154504 0.210081 0.206967 0.186137 0.77571 0.3353 0.226145 0.222583
0.412188 0.23127 0.267588 0.229667 0.206099 0.594182 0.153577 0.179958 0.17812 0.161151 0.228687 0.776138 0.227332 0.176701 0.238888 0.328317 0.225246 0.154504 0.210081 0.206967 0.186137 0.77571 0.3353 0.226145 0.222583
0.412188 0.23127 0.267588 0.229667 0.206099 0.594182 0.153577 0.179958 0.17812 0.161151 0.228687 0.776138 0.227332 0.176701 0.238888 0.328317 0.225246 0.154504 0.210081 0.206967 0.186137 0.77571 0.3353 0.226145 0.222583
0.412188 0.23127 0.267588 0.229667 0.206099 0.594182 0.153577 0.179958 0.17812 0.161151 0.228687 0.776138 0.227332 0.176701 0.238888 0.328317 0.225246 0.154504 0.21008 0.206967 0.186137 0.77571 0.335301 0.226145 0.222583
0.412189 0.23127 0.267588 0.229666 0.206099 0.594182 0.153576 0.179958 0.17812 0.161151 0.228687 0.776138 0.227332 0.176701 0.238888 0.328317 0.225246 0.154504 0.21008 0.206967 0.186137 0.77571 0.335301 0.226145 0.222583
0.412189 0.23127 0.267588 0.229666 0.206099 0.594182 0.153576 0.179958 0.17812 0.161151 0.228687 0.776138 0.227332 0.176701 0.238888 0.328317 0.225246 0.154504 0.21008 0.206967 0.186137 0.77571 0.335301 0.226145 0.222583
0.412189 0.23127 0.267588 0.229666 0.206099 0.594182 0.153576 0.179958 0.17812 0.161151 0.228687 0.776138 0.227332 0.176701 0.238888 0.328317 0.225246 0.154504 0.21008 0.206967 0.186137 0.77571 0.335301 0.226145 0.222583
0.41219 0.23127 0.267588 0.229666 0.206099 0.594182 0.153576 0.179958 0.17812 0.161151 0.228687 0.776138 0.227332 0.176701 0.238888 0.328317 0.225246 0.154504 0.21008 0.206967 0.186138 0.77571 0.335301 0.226145 0.222583
0.41219 0.23127 0.267588 0.229666 0.206099 0.594182 0.153576 0.179957 0.17812 0.161151 0.228687 0.776138 0.227332 0.176701 0.238888 0.328317 0.225246 0.154504 0.21008 0.206967 0.186138 0.77571 0.335301 0.226145 0.222583
0.41219 0.23127 0.267588 0.229666 0.206099 0.594182 0.153576 0.179957 0.17812 0.161151 0.228687 0.776138 0.227332 0.176701 0.238888 0.328317 0.225246 0.154504 0.21008 0.206967 0.186138 0.775709 0.335302 0.226145 0.222583
0.41219 0.23127 0.267588 0.229666 0.206099 0.594182 0.153576 0.179957 0.17812 0.161151 0.228687 0.776138 0.227332 0.176701 0.238888 0.328317 0.225246 0.154504 0.21008 0.206967 0.186138 0.775709 0.335302 0.226145 0.222583
0.412191 0.23127 0.267588 0.229666 0.206098 0.594183 0.153576 0.179957 0.17812 0.161151 0.228687 0.776138 0.227332 0.176701 0.238888 0.328317 0.225246 0.154504 0.21008 0.206967 0.186138 0.775709 0.335302 0.226145 0.222583
0.412191 0.23127 0.267588 0.229665 0.206098 0.594183 0.153576 0.179957 0.17812 0.161151 0.228687 0.776138 0.227332 0.176701 0.238888 0.328318 0.225246 0.154504 0.21008 0.206967 0.186138 0.775709 0.335302 0.226145 0.222583
0.412191 0.23127 0.267588 0.229665 0.206098 0.594183 0.153576 0.179957 0.17812 0.161151 0.228687 0.776138 0.227332 0.176701 0.238888 0.328318 0.225246 0.154504 0.21008 0.206967 0.186138 0.775709 0.335302 0.226145 0.222583
0.412191 0.23127 0.267588 0.229665 0.206098 0.594183 0.153576 0.179957 0.17812 0.161151 0.228687 0.776138 0.227332 0.176701 0.238888 0.328318 0.225246 0.154504 0.210079 0.206967 0.186138 0.775709 0.335302 0.226145 0.222583
0.412191 0.231269 0.267588 0.229665 0.206098 0.594183 0.153576 0.179957 0.17812 0.161151 0.228687 0.776138 0.227332 0.176701 0.238888 0.328318 0.225246 0.154504 0.210079 0.206967 0.186138 0.775709 0.335302 0.226145 0.222583
0.412192 0.231269 0.267588 0.229665 0.206098 0.594183 0.153576 0.179957 0.17812 0.161151 0.228687 0.776138 0.227332 0.176701 0.238888 0.328318 0.225246 0.154504 0.210079 0.206967 0.186138 0.775709 0.335302 0.226145 0.222583
0.412192 0.231269 0.267588 0.229665 0.206098 0.594183 0.153576 0.179957 0.17812 0.161151 0.228687 0.776138 0.227332 0.176701 0.238888 0.328318 0.225246 0.154504 0.210079 0.206967 0.186138 0.775709 0.335303 0.226145 0.222583
0.412192 0.231269 0.267588 0.229665 0.206098 0.594183 0.153576 0.179957 0.17812 0.161151 0.228687 0.776138 0.227332 0.176701 0.238888 0.328318 0.225246 0.154504 0.210079 0.206967 0.186138 0.775709 0.335303 0.226145 0.222583
0.412192 0.231269 0.267588 0.229665 0.206098 0.594183 0.153576 0.179957 0.17812 0.161151 0.228687 0.776138 0.227332 0.176701 0.238888 0.328318 0.225246 0.154504 0.210079 0.206967 0.186138 0.775709 0.335303 0.226145 0.222583
0.412192 0.231269 0.267588 0.229665 0.206098 0.594183 0.153576 0.179957 0.17812 0.161151 0.228687 0.776138 0.227332 0.176701 0.238888 0.328318 0.225246 0.154504 0.210079 0.206967 0.186138 0.775709 0.335303 0.226145 0.222583
0.412192 0.231269 0.267588 0.229665 0.206098 0.594183 0.153576 0.179957 0.17812 0.161151 0.228687 0.776138 0.227332 0.176701 0.238888 0.328318 0.225246 0.154503 0.210079 0.206967 0.186138 0.775709 0.335303 0.226145 0.222583
0.412193 0.231269 0.267588 0.229665 0.206098 0.594183 0.153576 0.179957 0.17812 0.161151 0.228687 0.776138 0.227332 0.176701 0.238888 0.328318 0.225246 0.154503 0.210079 0.206967 0.186138 0.775709 0.335303 0.226145 0.222583
0.412193 0.231269 0.267588 0.229665 0.206098 0.594183 0.153576 0.179957 0.17812 0.161151 0.228687 0.776138 0.227332 0.176701 0.238888 0.328318 0.225246 0.154503 0.210079 0.206967 0.186138 0.775709 0.335303 0.226145 0.222583
0.412193 0.231269 0.267588 0.229664 0.206098 0.594183 0.153576 0.179957 0.17812 0.161151 0.228687 0.776138 0.227332 0.176701 0.238888 0.328318 0.225246 0.154503 0.210079 0.206967 0.186138 0.775709 0.335303 0.226145 0.222583
0.412193 0.231269 0.267588 0.229664 0.206098 0.594183 0.153576 0.179957 0.17812 0.161151 0.228687 0.776138 0.227332 0.176701 0.238888 0.328318 0.225246 0.154503 0.210079 0.206967 0.186138 0.775709 0.335303 0.226145 0.222583
0.412193 0.231269 0.267588 0.229664 0.206098 0.594183 0.153576 0.179957 0.17812 0.161151 0.228687 0.776138 0.227332 0.176701 0.238889 0.328318 0.225246 0.154503 0.210079 0.206967 0.186138 0.775709 0.335303 0.226145 0.222583
0.412193 0.231269 0.267588 0.229664 0.206098 0.594183 0.153576 0.179957 0.17812 0.161151 0.228687 0.776138 0.227332 0.176701 0.238889 0.328318 0.225246 0.154503 0.210079 0.206967 0.186138 0.775709 0.335303 0.226145 0.222583
0.412193 0.231269 0.267588 0.229664 0.206098 0.594183 0.153576 0.179957 0.17812 0.161151 0.228687 0.776138 0.227332 0.176701 0.238889 0.328318 0.225246 0.154503 0.210079 0.206967 0.186138 0.775709 0.335304 0.226145 0.222583
0.412194 0.231269 0.267588 0.229664 0.206098 0.594183 0.153576 0.179957 0.17812 0.161151 0.228687 0.776138 0.227332 0.176701 0.238889 0.328318 0.225246 0.154503 0.210079 0.206967 0.186138 0.775709 0.335304 0.226145 0.222583
0.412194 0.231269 0.267587 0.229664 0.206098 0.594183 0.153576 0.179957 0.17812 0.161151 0.228687 0.776138 0.227332 0.176701 0.238889 0.328318 0.225246 0.154503 0.210079 0.206967 0.186138 0.775709 0.335304 0.226145 0.222583
0.412194 0.231269 0.267587 0.229664 0.206098 0.594184 0.153576 0.179957 0.17812 0.161151 0.228687 0.776138 0.227332 0.176701 0.238889 0.328318 0.225246 0.154503 0.210078 0.206966 0.186138 0.775709 0.335304 0.226145 0.222583
0.412194 0.231269 0.267587 0.229664 0.206098 0.594184 0.153576 0.179957 0.17812 0.161151 0.228687 0.776138 0.227332 0.176701 0.238889 0.328318 0.225246 0.154503 0.210078 0.206966 0.186138 0.775709 0.335304 0.226145 0.222583
0.412194 0.231269 0.267587 0.229664 0.206098 0.594184 0.153576 0.179957 0.17812 0.161151 0.228687 0.776138 0.227332 0.176701 0.238889 0.328318 0.225246 0.154503 0.210078 0.206966 0.186138 0.775709 0.335304 0.226145 0.222583
0.412194 0.231269 0.267587 0.229664 0.206098 0.594184 0.153576 0.179957 0.17812 0.161151 0.228687 0.776138 0.227332 0.176701 0.238889 0.328318 0.225246 0.154503 0.210078 0.206966 0.186138 0.775709 0.335304 0.226145 0.222583
0.412194 0.231269 0.267587 0.229664 0.206098 0.594184 0.153576 0.179957 0.17812 0.161151 0.228687 0.776138 0.227332 0.176701 0.238889 0.328318 0.225246 0.154503 0.210078 0.206966 0.186138 0.775709 0.335304 0.226145 0.222583
0.412194 0.231269 0.267587 0.229664 0.206098 0.594184 0.153576 0.179957 0.17812 0.161151 0.228687 0.776138 0.227332 0.176701 0.238889 0.328318 0.225246 0.154503 0.210078 0.206966 0.186138 0.775709 0.335304 0.226145 0.222583
0.412194 0.231269 0.267587 0.229664 0.206098 0.594184 0.153576 0.179957 0.17812 0.161151 0.228687 0.776138 0.227332 0.176701 0.238889 0.328318 0.225246 0.154503 0.210078 0.206966 0.186138 0.775709 0.335304 0.226145 0.222583
0.412194 0.231269 0.267587 0.229664 0.206098 0.594184 0.153576 0.179957 0.17812 0.161151 0.228687 0.776138 0.227332 0.176701 0.238889 0.328318 0.225246 0.154503 0.210078 0.206966 0.186138 0.775709 0.335304 0.226145 0.222583
0.412194 0.231269 0.267587 0.229664 0.206098 0.594184 0.153576 0.179957 0.17812 0.161151 0.228687 0.776138 0.227332 0.176701 0.238889 0.328318 0.225246 0.154503 0.210078 0.206966 0.186138 0.775709 0.335304 0.226145 0.222583
0.412195 0.231269 0.267587 0.229664 0.206098 0.594184 0.153576 0.179957 0.17812 0.161151 0.228687 0.776138 0.227332 0.176701 0.238889 0.328318 0.225246 0.154503 0.210078 0.206966 0.186138 0.775709 0.335304 0.226145 0.222583
0.412195 0.231269 0.267587 0.229664 0.206098 0.594184 0.153576 0.179957 0.17812 0.161151 0.228687 0.776138 0.227332 0.176701 0.238889 0.328318 0.225246 0.154503 0.210078 0.206966 0.186138 0.775709 0.335304 0.226145 0.222583
0.412195 0.231269 0.267587 0.229664 0.206098 0.594184 0.153576 0.179957 0.17812 0.161151 0.228687 0.776138 0.227332 0.176701 0.238889 0.328318 0.225246 0.154503 0.210078 0.206966 0.186138 0.775709 0.335304 0.226145 0.222583
0.412195 0.231269 0.267587 0.229664 0.206098 0.594184 0.153576 0.179957 0.17812 0.161151 0.228687 0.776138 0.227332 0.176701 0.238889 0.328318 0.225246 0.154503 0.210078 0.206966 0.186138 0.775709 0.335304 0.226145 0.222583
0.412195 0.231269 0.267587 0.229664 0.206098 0.594184 0.153576 0.179957 0.17812 0.161151 0.228687 0.776138 0.227332 0.176701 0.238889 0.328318 0.225246 0.154503 0.210078 0.206966 0.186138 0.775709 0.335304 0.226145 0.222583
0.412195 0.231269 0.267587 0.229664 0.206098 0.594184 0.153576 0.179957 0.17812 0.161151 0.228687 0.776138 0.227332 0.176701 0.238889 0.328318 0.225246 0.154503 0.210078 0.206966 0.186138 0.775709 0.335304 0.226145 0.222583
0.412195 0.231269 0.267587 0.229664 0.206098 0.594184 0.153576 0.179957 0.17812 0.161151 0.228687 0.776138 0.227332 0.176701 0.238889 0.328318 0.225246 0.154503 0.210078 0.206966 0.186138 0.775709 0.335304 0.226145 0.222583
0.412195 0.231269 0.267587 0.229663 0.206098 0.594184 0.153576 0.179957 0.17812 0.161151 0.228687 0.776138 0.227332 0.176701 0.238889 0.328318 0.225246 0.154503 0.210078 0.206966 0.186138 0.775709 0.335304 0.226145 0.222583
0.412195 0.231269 0.267587 0.229663 0.206098 0.594184 0.153576 0.179957 0.17812 0.161151 0.228687 0.776138 0.227332 0.176701 0.238889 0.328318 0.225246 0.154503 0.210078 0.206966 0.186138 0.775709 0.335305 0.226145 0.222583
0.412195 0.231269 0.267587 0.229663 0.206098 0.594184 0.153576 0.179957 0.17812 0.161151 0.228687 0.776138 0.227332 0.176701 0.238889 0.328318 0.225246 0.154503 0.210078 0.206966 0.186138 0.775709 0.335305 0.226145 0.222583
0.412195 0.231269 0.267587 0.229663 0.206098 0.594184 0.153576 0.179957 0.17812 0.161151 0.228687 0.776138 0.227332 0.176701 0.238889 0.328318 0.225246 0.154503 0.210078 0.206966 0.186138 0.775709 0.335305 0.226145 0.222583
0.412195 0.231269 0.267587 0.229663 0.206098 0.594184 0.153576 0.179957 0.17812 0.161151 0.228687 0.776138 0.227332 0.176701 0.238889 0.328318 0.225246 0.154503 0.210078 0.206966 0.186138 0.775709 0.335305 0.226145 0.222583
0.412195 0.231269 0.267587 0.229663 0.206098 0.594184 0.153576 0.179957 0.17812 0.161151 0.228687 0.776138 0.227332 0.176701 0.238889 0.328318 0.225246 0.154503 0.210078 0.206966 0.186138 0.775709 0.335305 0.226145 0.222583
0.412195 0.231269 0.267587 0.229663 0.206098 0.594184 0.153576 0.179957 0.17812 0.161151 0.228687 0.776138 0.227332 0.176701 0.238889 0.328318 0.225246 0.154503 0.210078 0.206966 0.186138 0.775709 0.335305 0.226145 0.222583
0.412195 0.231269 0.267587 0.229663 0.206098 0.594184 0.153576 0.179957 0.17812 0.161151 0.228687 0.776138 0.227332 0.176701 0.238889 0.328318 0.225246 0.154503 0.210078 0.206966 0.186138 0.775709 0.335305 0.226145 0.222583
0.412195 0.231269 0.267587 0.229663 0.206098 0.594184 0.153576 0.179957 0.17812 0.161151 0.228687 0.776138 0.227332 0.176701 0.238889 0.328318 0.225246 0.154503 0.210078 0.206966 0.186138 0.775709 0.335305 0.226145 0.222583
0.412195 0.231269 0.267587 0.229663 0.206098 0.594184 0.153576 0.179957 0.17812 0.161151 0.228687 0.776139 0.227332 0.176701 0.238889 0.328318 0.225246 0.154503 0.210078 0.206966 0.186138 0.775709 0.335305 0.226145 0.222583
0.412196 0.231269 0.267587 0.229663 0.206098 0.594184 0.153576 0.179957 0.17812 0.161151 0.228687 0.776139 0.227332 0.176701 0.238889 0.328318 0.225246 0.154503 0.210078 0.206966 0.186138 0.775709 0.335305 0.226145 0.222583
0.412196 0.231269 0.267587 0.229663 0.206098 0.594184 0.153576 0.179957 0.17812 0.161151 0.228687 0.776139 0.227332 0.176701 0.238889 0.328318 0.225246 0.154503 0.210078 0.206966 0.186138 0.775709 0.335305 0.226145 0.222583
0.412196 0.231269 0.267587 0.229663 0.206098 0.594184 0.153576 0.179957 0.17812 0.161151 0.228687 0.776139 0.227332 0.176701 0.238889 0.328318 0.225246 0.154503 0.210078 0.206966 0.186138 0.775709 0.335305 0.226145 0.222583
0.412196 0.231269 0.267587 0.229663 0.206098 0.594184 0.153576 0.179957 0.17812 0.161151 0.228687 0.776139 0.227332 0.176701 0.238889 0.328318 0.225246 0.154503 0.210078 0.206966 0.186138 0.775709 0.335305 0.226145 0.222583
0.412196 0.231269 0.267587 0.229663 0.206098 0.594184 0.153576 0.179957 0.17812 0.161151 0.228687 0.776139 0.227332 0.176701 0.238889 0.328318 0.225246 0.154503 0.210078 0.206966 0.186138 0.775709 0.335305 0.226145 0.222583
0.412196 0.231269 0.267587 0.229663 0.206098 0.594184 0.153576 0.179957 0.17812 0.161151 0.228687 0.776139 0.227332 0.176701 0.238889 0.328318 0.225246 0.154503 0.210078 0.206966 0.186138 0.775709 0.335305 0.226145 0.222583
0.412196 0.231269 0.267587 0.229663 0.206098 0.594184 0.153576 0.179957 0.17812 0.161151 0.228687 0.776139 0.227332 0.176701 0.238889 0.328318 0.225246 0.154503 0.210078 0.206966 0.186138 0.775709 0.335305 0.226145 0.222583
0.412196 0.231269 0.267587 0.229663 0.206098 0.594184 0.153576 0.179957 0.17812 0.161151 0.228687 0.776139 0.227332 0.176701 0.238889 0.328318 0.225246 0.154503 0.210078 0.206966 0.186138 0.775709 0.335305 0.226145 0.222583
0.412196 0.231269 0.267587 0.229663 0.206098 0.594184 0.153576 0.179957 0.17812 0.161151 0.228687 0.776139 0.227332 0.176701 0.238889 0.328318 0.225246 0.154503 0.210078 0.206966 0.186138 0.775709 0.335305 0.226145 0.222583
0.412196 0.231269 0.267587 0.229663 0.206098 0.594184 0.153576 0.179957 0.17812 0.161151 0.228687 0.776139 0.227332 0.176701 0.238889 0.328318 0.225246 0.154503 0.210078 0.206966 0.186138 0.775709 0.335305 0.226145 0.222583
0.412196 0.231269 0.267587 0.229663 0.206098 0.594184 0.153576 0.179957 0.17812 0.161151 0.228687 0.776139 0.227332 0.176701 0.238889 0.328318 0.225246 0.154503 0.210078 0.206966 0.186138 0.775709 0.335305 0.226145 0.222583
0.412196 0.231269 0.267587 0.229663 0.206098 0.594184 0.153576 0.179957 0.17812 0.161151 0.228687 0.776139 0.227332 0.176701 0.238889 0.328318 0.225246 0.154503 0.210078 0.206966 0.186138 0.775709 0.335305 0.226145 0.222583
0.412196 0.231269 0.267587 0.229663 0.206098 0.594184 0.153576 0.179957 0.17812 0.161151 0.228687 0.776139 0.227332 0.176701 0.238889 0.328318 0.225246 0.154503 0.210078 0.206966 0.186138 0.775709 0.335305 0.226145 0.222583
0.412196 0.231269 0.267587 0.229663 0.206098 0.594184 0.153576 0.179957 0.17812 0.161151 0.228687 0.776139 0.227332 0.176701 0.238889 0.328318 0.225246 0.154503 0.210078 0.206966 0.186138 0.775709 0.335305 0.226145 0.222583
0.412196 0.231269 0.267587 0.229663 0.206098 0.594184 0.153576 0.179957 0.17812 0.161151 0.228687 0.776139 0.227332 0.176701 0.238889 0.328318 0.225246 0.154503 0.210078 0.206966 0.186138 0.775709 0.335305 0.226145 0.222583
0.412196 0.231269 0.267587 0.229663 0.206098 0.594184 0.153576 0.179957 0.17812 0.161151 0.228687 0.776139 0.227332 0.176701 0.238889 0.328318 0.225246 0.154503 0.210078 0.206966 0.186138 0.775709 0.335305 0.226145 0.222583
0.412196 0.231269 0.267587 0.229663 0.206098 0.594184 0.153576 0.179957 0.17812 0.161151 0.228687 0.776139 0.227332 0.176701 0.238889 0.328318 0.225246 0.154503 0.210078 0.206966 0.186138 0.775709 0.335305 0.226145 0.222583
0.412196 0.231269 0.267587 0.229663 0.206098 0.594184 0.153576 0.179957 0.17812 0.161151 0.228687 0.776139 0.227332 0.176701 0.238889 0.328318 0.225246 0.154503 0.210078 0.206966 0.186138 0.775709 0.335305 0.226145 0.222583
0.412196 0.231269 0.267587 0.229663 0.206098 0.594184 0.153576 0.179957 0.17812 0.161151 0.228687 0.776139 0.227332 0.176701 0.238889 0.328318 0.225246 0.154503 0.210078 0.206966 0.186138 0.775709 0.335305 0.226145 0.222583
0.412196 0.231269 0.267587 0.229663 0.206098 0.594184 0.153576 0.179957 0.17812 0.161151 0.228687 0.776139 0.227332 0.176701 0.238889 0.328318 0.225246 0.154503 0.210078 0.206966 0.186138 0.775709 0.335305 0.226145 0.222583
0.412196 0.231269 0.267587 0.229663 0.206098 0.594184 0.153576 0.179957 0.17812 0.161151 0.228687 0.776139 0.227332 0.176701 0.238889 0.328318 0.225246 0.154503 0.210078 0.206966 0.186138 0.775709 0.335305 0.226145 0.222583
0.412196 0.231269 0.267587 0.229663 0.206098 0.594184 0.153576 0.179957 0.17812 0.161151 0.228687 0.776139 0.227332 0.176701 0.238889 0.328318 0.225246 0.154503 0.210078 0.206966 0.186138 0.775709 0.335305 0.226145 0.222583
0.412196 0.231269 0.267587 0.229663 0.206098 0.594184 0.153576 0.179957 0.17812 0.161151 0.228687 0.776139 0.227332 0.176701 0.238889 0.328318 0.225246 0.154503 0.210078 0.206966 0.186138 0.775709 0.335305 0.226145 0.222583
0.412196 0.231269 0.267587 0.229663 0.206098 0.594184 0.153576 0.179957 0.17812 0.161151 0.228687 0.776139 0.227332 0.176701 0.238889 0.328318 0.225246 0.154503 0.210078 0.206966 0.186138 0.775709 0.335305 0.226145 0.222583
0.412196 0.231269 0.267587 0.229663 0.206098 0.594184 0.153576 0.179957 0.17812 0.161151 0.228687 0.776139 0.227332 0.176701 0.238889 0.328318 0.225246 0.154503 0.210078 0.206966 0.186138 0.775709 0.335305 0.226145 0.222583
0.412196 0.231269 0.267587 0.229663 0.206098 0.594184 0.153576 0.179956 0.17812 0.161151 0.228687 0.776139 0.227332 0.176701 0.238889 0.328318 0.225246 0.154503 0.210078 0.206966 0.186138 0.775709 0.335305 0.226145 0.222583
0.412196 0.231269 0.267587 0.229663 0.206098 0.594184 0.153576 0.179956 0.17812 0.161151 0.228687 0.776139 0.227332 0.176701 0.238889 0.328318 0.225246 0.154503 0.210078 0.206966 0.186138 0.775709 0.335305 0.226145 0.222583
0.412196 0.231269 0.267587 0.229663 0.206098 0.594184 0.153576 0.179956 0.17812 0.161151 0.228687 0.776139 0.227332 0.176701 0.238889 0.328318 0.225246 0.154503 0.210078 0.206966 0.186138 0.775709 0.335305 0.226145 0.222583
0.412196 0.231269 0.267587 0.229663 0.206098 0.594184 0.153576 0.179956 0.17812 0.161151 0.228687 0.776139 0.227332 0.176701 0.238889 0.328318 0.225246 0.154503 0.210078 0.206966 0.186138 0.775709 0.335305 0.226145 0.222583
0.412196 0.231269 0.267587 0.229663 0.206098 0.594184 0.153576 0.179956 0.17812 0.161151 0.228687 0.776139 0.227332 0.176701 0.238889 0.328318 0.225246 0.154503 0.210078 0.206966 0.186138 0.775709 0.335305 0.226145 0.222583
0.412196 0.231269 0.267587 0.229663 0.206098 0.594184 0.153576 0.179956 0.17812 0.161151 0.228687 0.776139 0.227332 0.176701 0.238889 0.328318 0.225246 0.154503 0.210078 0.206966 0.186138 0.775709 0.335305 0.226145 0.222583
0.412196 0.231269 0.267587 0.229663 0.206097 0.594184 0.153576 0.179956 0.17812 0.161151 0.228687 0.776139 0.227332 0.176701 0.238889 0.328318 0.225246 0.154503 0.210078 0.206966 0.186138 0.775709 0.335305 0.226145 0.222583
0.412196 0.231269 0.267587 0.229663 0.206097 0.594184 0.153576 0.179956 0.17812 0.161151 0.228687 0.776139 0.227332 0.176701 0.238889 0.328318 0.225246 0.154503 0.210078 0.206966 0.186138 0.775709 0.335305 0.226145 0.222583
0.412196 0.231269 0.267587 0.229663 0.206097 0.594184 0.153576 0.179956 0.17812 0.161151 0.228687 0.776139 0.227332 0.176701 0.238889 0.328318 0.225246 0.154503 0.210078 0.206966 0.186138 0.775709 0.335305 0.226145 0.222583
0.412196 0.231269 0.267587 0.229663 0.206097 0.594184 0.153576 0.179956 0.17812 0.161151 0.228687 0.776139 0.227332 0.176701 0.238889 0.328318 0.225246 0.154503 0.210078 0.206966 0.186138 0.775709 0.335305 0.226145 0.222583
0.412196 0.231269 0.267587 0.229663 0.206097 0.594184 0.153576 0.179956 0.17812 0.161151 0.228687 0.776139 0.227332 0.176701 0.238889 0.328318 0.225246 0.154503 0.210078 0.206966 0.186138 0.775709 0.335305 0.226145 0.222583
0.412196 0.231269 0.267587 0.229663 0.206097 0.594184 0.153576 0.179956 0.17812 0.161151 0.228687 0.776139 0.227332 0.176701 0.238889 0.328318 0.225246 0.154503 0.210078 0.206966 0.186138 0.775709 0.335305 0.226145 0.222583
0.412196 0.231269 0.267587 0.229663 0.206097 0.594184 0.153576 0.179956 0.17812 0.161151 0.228687 0.776139 0.227332 0.176701 0.238889 0.328318 0.225246 0.154503 0.210078 0.206966 0.186138 0.775709 0.335305 0.226145 0.222583
0.412196 0.231269 0.267587 0.229663 0.206097 0.594184 0.153576 0.179956 0.17812 0.161151 0.228687 0.776139 0.227332 0.176701 0.238889 0.328318 0.225246 0.154503 0.210078 0.206966 0.186138 0.775709 0.335305 0.226145 0.222583
0.412196 0.231269 0.267587 0.229663 0.206097 0.594184 0.153576 0.179956 0.17812 0.161151 0.228687 0.776139 0.227332 0.176701 0.238889 0.328318 0.225246 0.154503 0.210078 0.206966 0.186138 0.775709 0.335305 0.226145 0.222583
0.412196 0.231269 0.267587 0.229663 0.206097 0.594184 0.153576 0.179956 0.17812 0.161151 0.228687 0.776139 0.227332 0.176701 0.238889 0.328318 0.225246 0.154503 0.210078 0.206966 0.186138 0.775709 0.335305 0.226145 0.222583
0.412196 0.231269 0.267587 0.229663 0.206097 0.594184 0.153576 0.179956 0.17812 0.161151 0.228687 0.776139 0.227332 0.176701 0.238889 0.328318 0.225246 0.154503 0.210078 0.206966 0.186138 0.775709 0.335305 0.226145 0.222583
0.412196 0.231269 0.267587 0.229663 0.206097 0.594184 0.153576 0.179956 0.17812 0.161151 0.228687 0.776139 0.227332 0.176701 0.238889 0.328318 0.225246 0.154503 0.210078 0.206966 0.186138 0.775709 0.335305 0.226145 0.222583
0.412196 0.231269 0.267587 0.229663 0.206097 0.594184 0.153576 0.179956 0.17812 0.161151 0.228687 0.776139 0.227332 0.176701 0.238889 0.328318 0.225246 0.154503 0.210078 0.206966 0.186138 0.775709 0.335305 0.226145 0.222583
0.412196 0.231269 0.267587 0.229663 0.206097 0.594184 0.153576 0.179956 0.17812 0.161151 0.228687 0.776139 0.227332 0.176701 0.238889 0.328318 0.225246 0.154503 0.210078 0.206966 0.186138 0.775709 0.335305 0.226145 0.222583
0.412196 0.231269 0.267587 0.229663 0.206097 0.594184 0.153576 0.179956 0.17812 0.161151 0.228687 0.776139 0.227332 0.176701 0.238889 0.328318 0.225246 0.154503 0.210078 0.206966 0.186138 0.775709 0.335305 0.226145 0.222583
0.412196 0.231269 0.267587 0.229663 0.206097 0.594184 0.153576 0.179956 0.17812 0.161151 0.228687 0.776139 0.227332 0.176701 0.238889 0.328318 0.225246 0.154503 0.210078 0.206966 0.186138 0.775709 0.335305 0.226145 0.222583
0.412196 0.231269 0.267587 0.229663 0.206097 0.594184 0.153576 0.179956 0.17812 0.161151 0.228687 0.776139 0.227332 0.176701 0.238889 0.328318 0.225246 0.154503 0.210078 0.206966 0.186138 0.775709 0.335305 0.226145 0.222583
0.412196 0.231269 0.267587 0.229663 0.206097 0.594184 0.153576 0.179956 0.17812 0.161151 0.228687 0.776139 0.227332 0.176701 0.238889 0.328318 0.225246 0.154503 0.210078 0.206966 0.186138 0.775709 0.335305 0.226145 0.222583
0.412196 0.231269 0.267587 0.229663 0.206097 0.594184 0.153576 0.179956 0.17812 0.161151 0.228687 0.776139 0.227332 0.176701 0.238889 0.328318 0.225246 0.154503 0.210078 0.206966 0.186138 0.775709 0.335305 0.226145 0.222583
0.412196 0.231269 0.267587 0.229663 0.206097 0.594184 0.153576 0.179956 0.17812 0.161151 0.228687 0.776139 0.227332 0.176701 0.238889 0.328318 0.225246 0.154503 0.210078 0.206966 0.186138 0.775709 0.335305 0.226145 0.222583
0.412196 0.231269 0.267587 0.229663 0.206097 0.594184 0.153576 0.179956 0.17812 0.161151 0.228687 0.776139 0.227332 0.176701 0.238889 0.328318 0.225246 0.154503 0.210078 0.206966 0.186138 0.775709 0.335305 0.226145 0.222583
0.412196 0.231269 0.267587 0.229663 0.206097 0.594184 0.153576 0.179956 0.17812 0.161151 0.228687 0.776139 0.227332 0.176701 0.238889 0.328318 0.225246 0.154503 0.210078 0.206966 0.186138 0.775709 0.335305 0.226145 0.222583
0.412196 0.231269 0.267587 0.229663 0.206097 0.594184 0.153576 0.179956 0.17812 0.161151 0.228687 0.776139 0.227332 0.176701 0.238889 0.328318 0.225246 0.154503 0.210078 0.206966 0.186138 0.775709 0.335305 0.226145 0.222583
0.412196 0.231269 0.267587 0.229663 0.206097 0.594184 0.153576 0.179956 0.17812 0.161151 0.228687 0.776139 0.227332 0.176701 0.238889 0.328318 0.225246 0.154503 0.210078 0.206966 0.186138 0.775709 0.335305 0.226145 0.222583
0.412196 0.231269 0.267587 0.229663 0.206097 0.594184 0.153576 0.179956 0.17812 0.161151 0.228687 0.776139 0.227332 0.176701 0.238889 0.328318 0.225246 0.154503 0.210078 0.206966 0.186138 0.775709 0.335305 0.226145 0.222583
0.412196 0.231269 0.267587 0.229663 0.206097 0.594184 0.153576 0.179956 0.17812 0.161151 0.228687 0.776139 0.227332 0.176701 0.238889 0.328318 0.225246 0.154503 0.210078 0.206966 0.186138 0.775709 0.335305 0.226145 0.222583
0.412196 0.231269 0.267587 0.229663 0.206097 0.594184 0.153576 0.179956 0.17812 0.161151 0.228687 0.776139 0.227332 0.176701 0.238889 0.328318 0.225246 0.154503 0.210077 0.206966 0.186138 0.775709 0.335305 0.226145 0.222583
0.412196 0.231269 0.267587 0.229663 0.206097 0.594184 0.153576 0.179956 0.17812 0.161151 0.228687 0.776139 0.227332 0.176701 0.238889 0.328318 0.225246 0.154503 0.210077 0.206966 0.186138 0.775709 0.335305 0.226145 0.222583
0.412196 0.231269 0.267587 0.229663 0.206097 0.594184 0.153576 0.179956 0.17812 0.161151 0.228687 0.776139 0.227332 0.176701 0.238889 0.328318 0.225246 0.154503 0.210077 0.206966 0.186138 0.775709 0.335305 0.226145 0.222583
0.412196 0.231269 0.267587 0.229663 0.206097 0.594184 0.153576 0.179956 0.17812 0.161151 0.228687 0.776139 0.227332 0.176701 0.238889 0.328318 0.225246 0.154503 0.210077 0.206966 0.186138 0.775709 0.335305 0.226145 0.222583
0.412196 0.231269 0.267587 0.229663 0.206097 0.594184 0.153576 0.179956 0.17812 0.161151 0.228687 0.776139 0.227332 0.176701 0.238889 0.328318 0.225246 0.154503 0.210077 0.206966 0.186138 0.775709 0.335305 0.226145 0.222583
0.412196 0.231269 0.267587 0.229663 0.206097 0.594184 0.153576 0.179956 0.17812 0.161151 0.228687 0.776139 0.227332 0.176701 0.238889 0.328318 0.225246 0.154503 0.210077 0.206966 0.186138 0.775709 0.335305 0.226145 0.222583
0.412196 0.231269 0.267587 0.229663 0.206097 0.594184 0.153576 0.179956 0.17812 0.161151 0.228687 0.776139 0.227332 0.176701 0.238889 0.328318 0.225246 0.154503 0.210077 0.206966 0.186138 0.775709 0.335305 0.226145 0.222583
0.412196 0.231269 0.267587 0.229663 0.206097 0.594184 0.153576 0.179956 0.17812 0.161151 0.228687 0.776139 0.227332 0.176701 0.238889 0.328318 0.225246 0.154503 0.210077 0.206966 0.186138 0.775709 0.335305 0.226145 0.222583
0.412196 0.231269 0.267587 0.229663 0.206097 0.594184 0.153576 0.179956 0.17812 0.161151 0.228687 0.776139 0.227332 0.176701 0.238889 0.328318 0.225246 0.154503 0.210077 0.206966 0.186138 0.775709 0.335305 0.226145 0.222583
0.412196 0.231269 0.267587 0.229663 0.206097 0.594184 0.153576 0.179956 0.17812 0.161151 0.228687 0.776139 0.227332 0.176701 0.238889 0.328318 0.225246 0.154503 0.210077 0.206966 0.186138 0.775709 0.335305 0.226145 0.222583
