0.0555804 0.00925698 0.00960585 0.0425983 0.0289216 0.0429709 0.0556212 0.00750103 0.00932829 0.0198529 0.0292168 0.0428943 0.0290607 0.00754996 0.0266883 0.0288697 0.0288206 0.055957 0.0137114 0.0580995 0.00927139 0.017344 0.0550856 0.028924 0.00953104
0.293034 0.203655 0.200132 0.276553 0.253034 0.278852 0.293238 0.194653 0.205245 0.230503 0.265771 0.27838 0.254231 0.195943 0.257203 0.252586 0.252163 0.294914 0.218864 0.299233 0.203976 0.222163 0.290556 0.253054 0.198545
0.163644 0.0781029 0.0715675 0.146286 0.116111 0.147852 0.163793 0.0694193 0.0789892 0.099513 0.133451 0.14753 0.116917 0.0700171 0.126226 0.115811 0.115527 0.16502 0.0902751 0.174042 0.0782817 0.090652 0.161838 0.116125 0.0707712
0.253049 0.175486 0.160318 0.238979 0.209804 0.241274 0.253256 0.163775 0.177223 0.1904 0.23625 0.240802 0.211096 0.165031 0.226219 0.209322 0.208866 0.254962 0.186652 0.266377 0.175837 0.178649 0.250532 0.209826 0.158743
0.186877 0.0998689 0.0907531 0.170722 0.140924 0.172536 0.187048 0.0900222 0.101042 0.121597 0.160629 0.172163 0.141931 0.0907979 0.14972 0.140548 0.140193 0.188446 0.112832 0.198524 0.100105 0.111291 0.184818 0.140941 0.0897284
0.236459 0.156195 0.141396 0.222375 0.191671 0.224579 0.23666 0.144605 0.157851 0.172754 0.218733 0.224126 0.192931 0.145757 0.206901 0.1912 0.190756 0.23831 0.167789 0.250126 0.156529 0.160995 0.234026 0.191692 0.139934
0.198993 0.112966 0.102137 0.183535 0.153269 0.185457 0.199171 0.102547 0.114277 0.133692 0.175308 0.185061 0.154356 0.103417 0.163318 0.152864 0.152482 0.20064 0.125662 0.211483 0.11323 0.122923 0.19683 0.153288 0.101001
0.227318 0.145477 0.131322 0.213047 0.182121 0.215188 0.227514 0.134081 0.147062 0.163043 0.208558 0.214748 0.183347 0.135167 0.196165 0.181663 0.181231 0.229124 0.157281 0.240949 0.145797 0.15148 0.224944 0.182142 0.129936
0.205824 0.120616 0.108863 0.190719 0.160179 0.192697 0.206007 0.109922 0.121998 0.140633 0.18351 0.19229 0.161303 0.110845 0.171116 0.15976 0.159364 0.207511 0.133088 0.218718 0.120895 0.129662 0.203607 0.160198 0.107666
0.222127 0.139402 0.125731 0.2077 0.176772 0.209804 0.22232 0.128154 0.140942 0.157558 0.202644 0.209371 0.177976 0.129201 0.19006 0.176323 0.175899 0.223906 0.15134 0.235666 0.139712 0.146138 0.21979 0.176793 0.12439
0.20974 0.12507 0.112813 0.194821 0.164145 0.19683 0.209926 0.114235 0.126492 0.144649 0.188176 0.196417 0.16529 0.115187 0.17562 0.163718 0.163315 0.21145 0.137402 0.222836 0.125357 0.133574 0.207493 0.164165 0.111582
0.219147 0.135927 0.122566 0.204616 0.173719 0.206698 0.219339 0.124775 0.13744 0.154424 0.19921 0.20627 0.174909 0.1258 0.186561 0.173275 0.172856 0.22091 0.147949 0.232609 0.136232 0.143091 0.216831 0.173739 0.121252
0.211998 0.127657 0.11512 0.19718 0.166435 0.199207 0.212185 0.116744 0.129101 0.146976 0.190849 0.19879 0.167591 0.117715 0.178228 0.166004 0.165597 0.213721 0.139908 0.225198 0.127948 0.135843 0.209734 0.166455 0.113868
0.21743 0.133931 0.120758 0.202835 0.171964 0.204904 0.21762 0.122837 0.135427 0.152624 0.197218 0.204478 0.173146 0.123848 0.184548 0.171523 0.171107 0.219183 0.146002 0.230839 0.134233 0.141342 0.215126 0.171985 0.119459
0.213301 0.129156 0.116461 0.198539 0.167759 0.200576 0.213489 0.1182 0.130613 0.148325 0.192387 0.200157 0.168921 0.119181 0.179737 0.167326 0.166917 0.215031 0.141361 0.226558 0.12945 0.137158 0.211028 0.167779 0.115198
0.216439 0.132781 0.11972 0.201805 0.170953 0.203866 0.216628 0.121721 0.134268 0.151588 0.196065 0.203443 0.172131 0.122725 0.183388 0.170514 0.170099 0.218186 0.144882 0.229816 0.133081 0.140335 0.214142 0.170973 0.118429
0.214054 0.130024 0.117239 0.199324 0.168525 0.201367 0.214242 0.119043 0.131488 0.149105 0.193273 0.200947 0.169691 0.120029 0.18061 0.16809 0.167679 0.215788 0.142202 0.227342 0.130319 0.137919 0.211775 0.168545 0.115969
0.215866 0.132118 0.119122 0.20121 0.17037 0.203267 0.216055 0.121077 0.1336 0.15099 0.195397 0.202844 0.171544 0.122077 0.182719 0.169932 0.169518 0.217611 0.144237 0.229223 0.132417 0.139754 0.213574 0.17039 0.117837
0.214489 0.130526 0.117689 0.199777 0.168967 0.201823 0.214677 0.119531 0.131994 0.149556 0.193784 0.201402 0.170135 0.12052 0.181115 0.168531 0.16812 0.216226 0.142689 0.227794 0.130822 0.138359 0.212207 0.168987 0.116416
0.215536 0.131736 0.118777 0.200867 0.170033 0.202921 0.215725 0.120706 0.133214 0.150646 0.195011 0.202498 0.171206 0.121703 0.182334 0.169595 0.169182 0.217278 0.143864 0.228881 0.132034 0.139419 0.213246 0.170053 0.117495
0.21474 0.130816 0.11795 0.200038 0.169223 0.202087 0.214928 0.119813 0.132287 0.149817 0.194079 0.201665 0.170392 0.120804 0.181407 0.168787 0.168375 0.216478 0.14297 0.228055 0.131113 0.138613 0.212456 0.169243 0.116674
0.215345 0.131515 0.118578 0.200668 0.169838 0.202721 0.215534 0.120492 0.132991 0.150447 0.194788 0.202298 0.171011 0.121488 0.182111 0.169401 0.168988 0.217086 0.143649 0.228683 0.131813 0.139226 0.213056 0.169859 0.117298
0.214885 0.130983 0.118101 0.20019 0.16937 0.202239 0.215074 0.119976 0.132456 0.149968 0.194249 0.201817 0.17054 0.120968 0.181575 0.168934 0.168522 0.216624 0.143133 0.228206 0.13128 0.13876 0.2126 0.169391 0.116824
0.215234 0.131387 0.118464 0.200553 0.169726 0.202605 0.215423 0.120368 0.132863 0.150332 0.194659 0.202183 0.170898 0.121363 0.181982 0.169289 0.168876 0.216975 0.143525 0.228569 0.131685 0.139114 0.212947 0.169746 0.117184
0.214969 0.13108 0.118188 0.200277 0.169456 0.202327 0.215158 0.12007 0.132553 0.150055 0.194348 0.201905 0.170626 0.121063 0.181673 0.169019 0.168607 0.216708 0.143227 0.228293 0.131377 0.138845 0.212683 0.169476 0.11691
0.215171 0.131314 0.118397 0.200487 0.169661 0.202538 0.215359 0.120296 0.132789 0.150265 0.194584 0.202116 0.170833 0.121291 0.181908 0.169224 0.168812 0.216911 0.143454 0.228503 0.131611 0.139049 0.212884 0.169681 0.117118
0.215017 0.131136 0.118238 0.200327 0.169505 0.202377 0.215206 0.120124 0.13261 0.150106 0.194405 0.201956 0.170676 0.121118 0.181729 0.169068 0.168656 0.216757 0.143281 0.228343 0.131434 0.138894 0.212731 0.169525 0.11696
0.215134 0.131271 0.118359 0.200449 0.169624 0.2025 0.215323 0.120255 0.132746 0.150227 0.194541 0.202078 0.170795 0.121249 0.181865 0.169187 0.168774 0.216874 0.143412 0.228464 0.131569 0.139012 0.212847 0.169644 0.11708
0.215045 0.131169 0.118267 0.200356 0.169533 0.202407 0.215234 0.120156 0.132642 0.150135 0.194437 0.201985 0.170704 0.121149 0.181762 0.169097 0.168685 0.216785 0.143313 0.228373 0.131466 0.138922 0.212759 0.169554 0.116989
0.215113 0.131246 0.118337 0.200426 0.169602 0.202477 0.215301 0.120231 0.132721 0.150205 0.194516 0.202056 0.170773 0.121225 0.18184 0.169165 0.168753 0.216853 0.143388 0.228442 0.131544 0.138991 0.212826 0.169622 0.117058
0.215061 0.131187 0.118284 0.200373 0.16955 0.202424 0.21525 0.120174 0.132661 0.150152 0.194456 0.202002 0.170721 0.121168 0.181781 0.169113 0.168701 0.216801 0.143331 0.228389 0.131485 0.138939 0.212775 0.16957 0.117006
0.2151 0.131232 0.118324 0.200414 0.16959 0.202465 0.215289 0.120218 0.132707 0.150192 0.194502 0.202043 0.170761 0.121212 0.181826 0.169153 0.16874 0.216841 0.143375 0.22843 0.13153 0.138978 0.212814 0.16961 0.117046
0.215071 0.131198 0.118294 0.200383 0.169559 0.202434 0.21526 0.120184 0.132672 0.150161 0.194467 0.202012 0.17073 0.121178 0.181791 0.169123 0.16871 0.216811 0.143341 0.228399 0.131495 0.138948 0.212784 0.16958 0.117015
0.215093 0.131224 0.118317 0.200406 0.169582 0.202457 0.215282 0.12021 0.132698 0.150185 0.194493 0.202035 0.170753 0.121204 0.181818 0.169146 0.168733 0.216833 0.143367 0.228422 0.131521 0.138971 0.212807 0.169603 0.117038
0.215076 0.131204 0.118299 0.200388 0.169565 0.202439 0.215265 0.12019 0.132678 0.150167 0.194473 0.202017 0.170736 0.121184 0.181798 0.169128 0.168716 0.216816 0.143347 0.228405 0.131502 0.138954 0.21279 0.169585 0.117021
0.215089 0.131219 0.118313 0.200402 0.169578 0.202453 0.215278 0.120205 0.132693 0.15018 0.194489 0.202031 0.170749 0.121199 0.181813 0.169141 0.168729 0.216829 0.143362 0.228418 0.131517 0.138967 0.212803 0.169598 0.117034
0.215079 0.131208 0.118302 0.200392 0.169568 0.202442 0.215268 0.120194 0.132682 0.15017 0.194477 0.202021 0.170739 0.121188 0.181801 0.169131 0.168719 0.216819 0.143351 0.228408 0.131505 0.138957 0.212793 0.169588 0.117024
0.215087 0.131217 0.11831 0.2004 0.169576 0.20245 0.215276 0.120202 0.132691 0.150178 0.194486 0.202029 0.170747 0.121196 0.18181 0.169139 0.168727 0.216827 0.143359 0.228416 0.131514 0.138964 0.2128 0.169596 0.117032
0.215081 0.13121 0.118304 0.200394 0.16957 0.202444 0.21527 0.120196 0.132684 0.150172 0.194479 0.202023 0.170741 0.12119 0.181803 0.169133 0.168721 0.216821 0.143353 0.22841 0.131507 0.138959 0.212795 0.16959 0.117026
0.215085 0.131215 0.118309 0.200398 0.169574 0.202449 0.215274 0.120201 0.132689 0.150177 0.194484 0.202027 0.170745 0.121195 0.181809 0.169138 0.168725 0.216826 0.143358 0.228414 0.131512 0.138963 0.212799 0.169595 0.11703
0.215082 0.131211 0.118305 0.200395 0.169571 0.202445 0.215271 0.120197 0.132685 0.150173 0.19448 0.202024 0.170742 0.121191 0.181805 0.169134 0.168722 0.216822 0.143354 0.228411 0.131509 0.13896 0.212796 0.169591 0.117027
0.215085 0.131214 0.118308 0.200397 0.169574 0.202448 0.215273 0.1202 0.132688 0.150176 0.194483 0.202026 0.170744 0.121194 0.181808 0.169137 0.168725 0.216825 0.143357 0.228413 0.131511 0.138962 0.212798 0.169594 0.117029
0.215083 0.131212 0.118306 0.200395 0.169572 0.202446 0.215271 0.120198 0.132686 0.150174 0.194481 0.202024 0.170743 0.121192 0.181805 0.169135 0.168723 0.216823 0.143355 0.228411 0.131509 0.13896 0.212796 0.169592 0.117027
0.215084 0.131214 0.118307 0.200397 0.169573 0.202448 0.215273 0.120199 0.132688 0.150175 0.194483 0.202026 0.170744 0.121193 0.181807 0.169136 0.168724 0.216824 0.143356 0.228413 0.131511 0.138962 0.212798 0.169593 0.117029
0.215083 0.131212 0.118306 0.200396 0.169572 0.202446 0.215272 0.120198 0.132686 0.150174 0.194482 0.202025 0.170743 0.121192 0.181806 0.169135 0.168723 0.216823 0.143355 0.228412 0.13151 0.138961 0.212797 0.169592 0.117028
0.215084 0.131213 0.118307 0.200397 0.169573 0.202447 0.215273 0.120199 0.132687 0.150175 0.194483 0.202026 0.170744 0.121193 0.181807 0.169136 0.168724 0.216824 0.143356 0.228413 0.131511 0.138961 0.212797 0.169593 0.117029
0.215083 0.131213 0.118307 0.200396 0.169572 0.202447 0.215272 0.120198 0.132687 0.150174 0.194482 0.202025 0.170743 0.121192 0.181806 0.169135 0.168723 0.216823 0.143355 0.228412 0.13151 0.138961 0.212797 0.169592 0.117028
0.215084 0.131213 0.118307 0.200396 0.169573 0.202447 0.215272 0.120199 0.132687 0.150175 0.194482 0.202025 0.170744 0.121193 0.181807 0.169136 0.168724 0.216824 0.143356 0.228412 0.13151 0.138961 0.212797 0.169593 0.117029
0.215083 0.131213 0.118307 0.200396 0.169572 0.202447 0.215272 0.120199 0.132687 0.150174 0.194482 0.202025 0.170743 0.121192 0.181806 0.169136 0.168723 0.216824 0.143356 0.228412 0.13151 0.138961 0.212797 0.169592 0.117028
0.215084 0.131213 0.118307 0.200396 0.169573 0.202447 0.215272 0.120199 0.132687 0.150175 0.194482 0.202025 0.170743 0.121193 0.181806 0.169136 0.168724 0.216824 0.143356 0.228412 0.13151 0.138961 0.212797 0.169593 0.117028
0.215083 0.131213 0.118307 0.200396 0.169572 0.202447 0.215272 0.120199 0.132687 0.150174 0.194482 0.202025 0.170743 0.121192 0.181806 0.169136 0.168723 0.216824 0.143356 0.228412 0.13151 0.138961 0.212797 0.169593 0.117028
0.215084 0.131213 0.118307 0.200396 0.169572 0.202447 0.215272 0.120199 0.132687 0.150175 0.194482 0.202025 0.170743 0.121193 0.181806 0.169136 0.168723 0.216824 0.143356 0.228412 0.13151 0.138961 0.212797 0.169593 0.117028
0.215084 0.131213 0.118307 0.200396 0.169572 0.202447 0.215272 0.120199 0.132687 0.150175 0.194482 0.202025 0.170743 0.121192 0.181806 0.169136 0.168723 0.216824 0.143356 0.228412 0.13151 0.138961 0.212797 0.169593 0.117028
0.215084 0.131213 0.118307 0.200396 0.169572 0.202447 0.215272 0.120199 0.132687 0.150175 0.194482 0.202025 0.170743 0.121193 0.181806 0.169136 0.168723 0.216824 0.143356 0.228412 0.13151 0.138961 0.212797 0.169593 0.117028
0.215084 0.131213 0.118307 0.200396 0.169572 0.202447 0.215272 0.120199 0.132687 0.150175 0.194482 0.202025 0.170743 0.121193 0.181806 0.169136 0.168723 0.216824 0.143356 0.228412 0.13151 0.138961 0.212797 0.169593 0.117028
0.215084 0.131213 0.118307 0.200396 0.169572 0.202447 0.215272 0.120199 0.132687 0.150175 0.194482 0.202025 0.170743 0.121193 0.181806 0.169136 0.168723 0.216824 0.143356 0.228412 0.13151 0.138961 0.212797 0.169593 0.117028
0.215084 0.131213 0.118307 0.200396 0.169572 0.202447 0.215272 0.120199 0.132687 0.150175 0.194482 0.202025 0.170743 0.121193 0.181806 0.169136 0.168723 0.216824 0.143356 0.228412 0.13151 0.138961 0.212797 0.169593 0.117028
0.215084 0.131213 0.118307 0.200396 0.169572 0.202447 0.215272 0.120199 0.132687 0.150175 0.194482 0.202025 0.170743 0.121193 0.181806 0.169136 0.168723 0.216824 0.143356 0.228412 0.13151 0.138961 0.212797 0.169593 0.117028
0.215084 0.131213 0.118307 0.200396 0.169572 0.202447 0.215272 0.120199 0.132687 0.150175 0.194482 0.202025 0.170743 0.121193 0.181806 0.169136 0.168723 0.216824 0.143356 0.228412 0.13151 0.138961 0.212797 0.169593 0.117028
0.215084 0.131213 0.118307 0.200396 0.169572 0.202447 0.215272 0.120199 0.132687 0.150175 0.194482 0.202025 0.170743 0.121193 0.181806 0.169136 0.168723 0.216824 0.143356 0.228412 0.13151 0.138961 0.212797 0.169593 0.117028
0.215084 0.131213 0.118307 0.200396 0.169572 0.202447 0.215272 0.120199 0.132687 0.150175 0.194482 0.202025 0.170743 0.121193 0.181806 0.169136 0.168723 0.216824 0.143356 0.228412 0.13151 0.138961 0.212797 0.169593 0.117028
0.215084 0.131213 0.118307 0.200396 0.169572 0.202447 0.215272 0.120199 0.132687 0.150175 0.194482 0.202025 0.170743 0.121193 0.181806 0.169136 0.168723 0.216824 0.143356 0.228412 0.13151 0.138961 0.212797 0.169593 0.117028
0.215084 0.131213 0.118307 0.200396 0.169572 0.202447 0.215272 0.120199 0.132687 0.150175 0.194482 0.202025 0.170743 0.121193 0.181806 0.169136 0.168723 0.216824 0.143356 0.228412 0.13151 0.138961 0.212797 0.169593 0.117028
0.215084 0.131213 0.118307 0.200396 0.169572 0.202447 0.215272 0.120199 0.132687 0.150175 0.194482 0.202025 0.170743 0.121193 0.181806 0.169136 0.168723 0.216824 0.143356 0.228412 0.13151 0.138961 0.212797 0.169593 0.117028
0.215084 0.131213 0.118307 0.200396 0.169572 0.202447 0.215272 0.120199 0.132687 0.150175 0.194482 0.202025 0.170743 0.121193 0.181806 0.169136 0.168723 0.216824 0.143356 0.228412 0.13151 0.138961 0.212797 0.169593 0.117028
0.215084 0.131213 0.118307 0.200396 0.169572 0.202447 0.215272 0.120199 0.132687 0.150175 0.194482 0.202025 0.170743 0.121193 0.181806 0.169136 0.168723 0.216824 0.143356 0.228412 0.13151 0.138961 0.212797 0.169593 0.117028
0.215084 0.131213 0.118307 0.200396 0.169572 0.202447 0.215272 0.120199 0.132687 0.150175 0.194482 0.202025 0.170743 0.121193 0.181806 0.169136 0.168723 0.216824 0.143356 0.228412 0.13151 0.138961 0.212797 0.169593 0.117028
0.215084 0.131213 0.118307 0.200396 0.169572 0.202447 0.215272 0.120199 0.132687 0.150175 0.194482 0.202025 0.170743 0.121193 0.181806 0.169136 0.168723 0.216824 0.143356 0.228412 0.13151 0.138961 0.212797 0.169593 0.117028
0.215084 0.131213 0.118307 0.200396 0.169572 0.202447 0.215272 0.120199 0.132687 0.150175 0.194482 0.202025 0.170743 0.121193 0.181806 0.169136 0.168723 0.216824 0.143356 0.228412 0.13151 0.138961 0.212797 0.169593 0.117028
0.215084 0.131213 0.118307 0.200396 0.169572 0.202447 0.215272 0.120199 0.132687 0.150175 0.194482 0.202025 0.170743 0.121193 0.181806 0.169136 0.168723 0.216824 0.143356 0.228412 0.13151 0.138961 0.212797 0.169593 0.117028
0.215084 0.131213 0.118307 0.200396 0.169572 0.202447 0.215272 0.120199 0.132687 0.150175 0.194482 0.202025 0.170743 0.121193 0.181806 0.169136 0.168723 0.216824 0.143356 0.228412 0.13151 0.138961 0.212797 0.169593 0.117028
0.215084 0.131213 0.118307 0.200396 0.169572 0.202447 0.215272 0.120199 0.132687 0.150175 0.194482 0.202025 0.170743 0.121193 0.181806 0.169136 0.168723 0.216824 0.143356 0.228412 0.13151 0.138961 0.212797 0.169593 0.117028
0.215084 0.131213 0.118307 0.200396 0.169572 0.202447 0.215272 0.120199 0.132687 0.150175 0.194482 0.202025 0.170743 0.121193 0.181806 0.169136 0.168723 0.216824 0.143356 0.228412 0.13151 0.138961 0.212797 0.169593 0.117028
0.215084 0.131213 0.118307 0.200396 0.169572 0.202447 0.215272 0.120199 0.132687 0.150175 0.194482 0.202025 0.170743 0.121193 0.181806 0.169136 0.168723 0.216824 0.143356 0.228412 0.13151 0.138961 0.212797 0.169593 0.117028
0.215084 0.131213 0.118307 0.200396 0.169572 0.202447 0.215272 0.120199 0.132687 0.150175 0.194482 0.202025 0.170743 0.121193 0.181806 0.169136 0.168723 0.216824 0.143356 0.228412 0.13151 0.138961 0.212797 0.169593 0.117028
0.215084 0.131213 0.118307 0.200396 0.169572 0.202447 0.215272 0.120199 0.132687 0.150175 0.194482 0.202025 0.170743 0.121193 0.181806 0.169136 0.168723 0.216824 0.143356 0.228412 0.13151 0.138961 0.212797 0.169593 0.117028
0.215084 0.131213 0.118307 0.200396 0.169572 0.202447 0.215272 0.120199 0.132687 0.150175 0.194482 0.202025 0.170743 0.121193 0.181806 0.169136 0.168723 0.216824 0.143356 0.228412 0.13151 0.138961 0.212797 0.169593 0.117028
0.215084 0.131213 0.118307 0.200396 0.169572 0.202447 0.215272 0.120199 0.132687 0.150175 0.194482 0.202025 0.170743 0.121193 0.181806 0.169136 0.168723 0.216824 0.143356 0.228412 0.13151 0.138961 0.212797 0.169593 0.117028
0.215084 0.131213 0.118307 0.200396 0.169572 0.202447 0.215272 0.120199 0.132687 0.150175 0.194482 0.202025 0.170743 0.121193 0.181806 0.169136 0.168723 0.216824 0.143356 0.228412 0.13151 0.138961 0.212797 0.169593 0.117028
0.215084 0.131213 0.118307 0.200396 0.169572 0.202447 0.215272 0.120199 0.132687 0.150175 0.194482 0.202025 0.170743 0.121193 0.181806 0.169136 0.168723 0.216824 0.143356 0.228412 0.13151 0.138961 0.212797 0.169593 0.117028
0.215084 0.131213 0.118307 0.200396 0.169572 0.202447 0.215272 0.120199 0.132687 0.150175 0.194482 0.202025 0.170743 0.121193 0.181806 0.169136 0.168723 0.216824 0.143356 0.228412 0.13151 0.138961 0.212797 0.169593 0.117028
0.215084 0.131213 0.118307 0.200396 0.169572 0.202447 0.215272 0.120199 0.132687 0.150175 0.194482 0.202025 0.170743 0.121193 0.181806 0.169136 0.168723 0.216824 0.143356 0.228412 0.13151 0.138961 0.212797 0.169593 0.117028
0.215084 0.131213 0.118307 0.200396 0.169572 0.202447 0.215272 0.120199 0.132687 0.150175 0.194482 0.202025 0.170743 0.121193 0.181806 0.169136 0.168723 0.216824 0.143356 0.228412 0.13151 0.138961 0.212797 0.169593 0.117028
0.215084 0.131213 0.118307 0.200396 0.169572 0.202447 0.215272 0.120199 0.132687 0.150175 0.194482 0.202025 0.170743 0.121193 0.181806 0.169136 0.168723 0.216824 0.143356 0.228412 0.13151 0.138961 0.212797 0.169593 0.117028
0.215084 0.131213 0.118307 0.200396 0.169572 0.202447 0.215272 0.120199 0.132687 0.150175 0.194482 0.202025 0.170743 0.121193 0.181806 0.169136 0.168723 0.216824 0.143356 0.228412 0.13151 0.138961 0.212797 0.169593 0.117028
0.215084 0.131213 0.118307 0.200396 0.169572 0.202447 0.215272 0.120199 0.132687 0.150175 0.194482 0.202025 0.170743 0.121193 0.181806 0.169136 0.168723 0.216824 0.143356 0.228412 0.13151 0.138961 0.212797 0.169593 0.117028
0.215084 0.131213 0.118307 0.200396 0.169572 0.202447 0.215272 0.120199 0.132687 0.150175 0.194482 0.202025 0.170743 0.121193 0.181806 0.169136 0.168723 0.216824 0.143356 0.228412 0.13151 0.138961 0.212797 0.169593 0.117028
0.215084 0.131213 0.118307 0.200396 0.169572 0.202447 0.215272 0.120199 0.132687 0.150175 0.194482 0.202025 0.170743 0.121193 0.181806 0.169136 0.168723 0.216824 0.143356 0.228412 0.13151 0.138961 0.212797 0.169593 0.117028
0.215084 0.131213 0.118307 0.200396 0.169572 0.202447 0.215272 0.120199 0.132687 0.150175 0.194482 0.202025 0.170743 0.121193 0.181806 0.169136 0.168723 0.216824 0.143356 0.228412 0.13151 0.138961 0.212797 0.169593 0.117028
0.215084 0.131213 0.118307 0.200396 0.169572 0.202447 0.215272 0.120199 0.132687 0.150175 0.194482 0.202025 0.170743 0.121193 0.181806 0.169136 0.168723 0.216824 0.143356 0.228412 0.13151 0.138961 0.212797 0.169593 0.117028
0.215084 0.131213 0.118307 0.200396 0.169572 0.202447 0.215272 0.120199 0.132687 0.150175 0.194482 0.202025 0.170743 0.121193 0.181806 0.169136 0.168723 0.216824 0.143356 0.228412 0.13151 0.138961 0.212797 0.169593 0.117028
0.215084 0.131213 0.118307 0.200396 0.169572 0.202447 0.215272 0.120199 0.132687 0.150175 0.194482 0.202025 0.170743 0.121193 0.181806 0.169136 0.168723 0.216824 0.143356 0.228412 0.13151 0.138961 0.212797 0.169593 0.117028
0.215084 0.131213 0.118307 0.200396 0.169572 0.202447 0.215272 0.120199 0.132687 0.150175 0.194482 0.202025 0.170743 0.121193 0.181806 0.169136 0.168723 0.216824 0.143356 0.228412 0.13151 0.138961 0.212797 0.169593 0.117028
0.215084 0.131213 0.118307 0.200396 0.169572 0.202447 0.215272 0.120199 0.132687 0.150175 0.194482 0.202025 0.170743 0.121193 0.181806 0.169136 0.168723 0.216824 0.143356 0.228412 0.13151 0.138961 0.212797 0.169593 0.117028
0.215084 0.131213 0.118307 0.200396 0.169572 0.202447 0.215272 0.120199 0.132687 0.150175 0.194482 0.202025 0.170743 0.121193 0.181806 0.169136 0.168723 0.216824 0.143356 0.228412 0.13151 0.138961 0.212797 0.169593 0.117028
0.215084 0.131213 0.118307 0.200396 0.169572 0.202447 0.215272 0.120199 0.132687 0.150175 0.194482 0.202025 0.170743 0.121193 0.181806 0.169136 0.168723 0.216824 0.143356 0.228412 0.13151 0.138961 0.212797 0.169593 0.117028
0.215084 0.131213 0.118307 0.200396 0.169572 0.202447 0.215272 0.120199 0.132687 0.150175 0.194482 0.202025 0.170743 0.121193 0.181806 0.169136 0.168723 0.216824 0.143356 0.228412 0.13151 0.138961 0.212797 0.169593 0.117028
0.215084 0.131213 0.118307 0.200396 0.169572 0.202447 0.215272 0.120199 0.132687 0.150175 0.194482 0.202025 0.170743 0.121193 0.181806 0.169136 0.168723 0.216824 0.143356 0.228412 0.13151 0.138961 0.212797 0.169593 0.117028
0.215084 0.131213 0.118307 0.200396 0.169572 0.202447 0.215272 0.120199 0.132687 0.150175 0.194482 0.202025 0.170743 0.121193 0.181806 0.169136 0.168723 0.216824 0.143356 0.228412 0.13151 0.138961 0.212797 0.169593 0.117028
0.215084 0.131213 0.118307 0.200396 0.169572 0.202447 0.215272 0.120199 0.132687 0.150175 0.194482 0.202025 0.170743 0.121193 0.181806 0.169136 0.168723 0.216824 0.143356 0.228412 0.13151 0.138961 0.212797 0.169593 0.117028
0.215084 0.131213 0.118307 0.200396 0.169572 0.202447 0.215272 0.120199 0.132687 0.150175 0.194482 0.202025 0.170743 0.121193 0.181806 0.169136 0.168723 0.216824 0.143356 0.228412 0.13151 0.138961 0.212797 0.169593 0.117028
0.215084 0.131213 0.118307 0.200396 0.169572 0.202447 0.215272 0.120199 0.132687 0.150175 0.194482 0.202025 0.170743 0.121193 0.181806 0.169136 0.168723 0.216824 0.143356 0.228412 0.13151 0.138961 0.212797 0.169593 0.117028
0.215084 0.131213 0.118307 0.200396 0.169572 0.202447 0.215272 0.120199 0.132687 0.150175 0.194482 0.202025 0.170743 0.121193 0.181806 0.169136 0.168723 0.216824 0.143356 0.228412 0.13151 0.138961 0.212797 0.169593 0.117028
0.215084 0.131213 0.118307 0.200396 0.169572 0.202447 0.215272 0.120199 0.132687 0.150175 0.194482 0.202025 0.170743 0.121193 0.181806 0.169136 0.168723 0.216824 0.143356 0.228412 0.13151 0.138961 0.212797 0.169593 0.117028
0.215084 0.131213 0.118307 0.200396 0.169572 0.202447 0.215272 0.120199 0.132687 0.150175 0.194482 0.202025 0.170743 0.121193 0.181806 0.169136 0.168723 0.216824 0.143356 0.228412 0.13151 0.138961 0.212797 0.169593 0.117028
0.215084 0.131213 0.118307 0.200396 0.169572 0.202447 0.215272 0.120199 0.132687 0.150175 0.194482 0.202025 0.170743 0.121193 0.181806 0.169136 0.168723 0.216824 0.143356 0.228412 0.13151 0.138961 0.212797 0.169593 0.117028
0.215084 0.131213 0.118307 0.200396 0.169572 0.202447 0.215272 0.120199 0.132687 0.150175 0.194482 0.202025 0.170743 0.121193 0.181806 0.169136 0.168723 0.216824 0.143356 0.228412 0.13151 0.138961 0.212797 0.169593 0.117028
0.215084 0.131213 0.118307 0.200396 0.169572 0.202447 0.215272 0.120199 0.132687 0.150175 0.194482 0.202025 0.170743 0.121193 0.181806 0.169136 0.168723 0.216824 0.143356 0.228412 0.13151 0.138961 0.212797 0.169593 0.117028
0.215084 0.131213 0.118307 0.200396 0.169572 0.202447 0.215272 0.120199 0.132687 0.150175 0.194482 0.202025 0.170743 0.121193 0.181806 0.169136 0.168723 0.216824 0.143356 0.228412 0.13151 0.138961 0.212797 0.169593 0.117028
0.215084 0.131213 0.118307 0.200396 0.169572 0.202447 0.215272 0.120199 0.132687 0.150175 0.194482 0.202025 0.170743 0.121193 0.181806 0.169136 0.168723 0.216824 0.143356 0.228412 0.13151 0.138961 0.212797 0.169593 0.117028
0.215084 0.131213 0.118307 0.200396 0.169572 0.202447 0.215272 0.120199 0.132687 0.150175 0.194482 0.202025 0.170743 0.121193 0.181806 0.169136 0.168723 0.216824 0.143356 0.228412 0.13151 0.138961 0.212797 0.169593 0.117028
0.215084 0.131213 0.118307 0.200396 0.169572 0.202447 0.215272 0.120199 0.132687 0.150175 0.194482 0.202025 0.170743 0.121193 0.181806 0.169136 0.168723 0.216824 0.143356 0.228412 0.13151 0.138961 0.212797 0.169593 0.117028
0.215084 0.131213 0.118307 0.200396 0.169572 0.202447 0.215272 0.120199 0.132687 0.150175 0.194482 0.202025 0.170743 0.121193 0.181806 0.169136 0.168723 0.216824 0.143356 0.228412 0.13151 0.138961 0.212797 0.169593 0.117028
0.215084 0.131213 0.118307 0.200396 0.169572 0.202447 0.215272 0.120199 0.132687 0.150175 0.194482 0.202025 0.170743 0.121193 0.181806 0.169136 0.168723 0.216824 0.143356 0.228412 0.13151 0.138961 0.212797 0.169593 0.117028
0.215084 0.131213 0.118307 0.200396 0.169572 0.202447 0.215272 0.120199 0.132687 0.150175 0.194482 0.202025 0.170743 0.121193 0.181806 0.169136 0.168723 0.216824 0.143356 0.228412 0.13151 0.138961 0.212797 0.169593 0.117028
0.215084 0.131213 0.118307 0.200396 0.169572 0.202447 0.215272 0.120199 0.132687 0.150175 0.194482 0.202025 0.170743 0.121193 0.181806 0.169136 0.168723 0.216824 0.143356 0.228412 0.13151 0.138961 0.212797 0.169593 0.117028
0.215084 0.131213 0.118307 0.200396 0.169572 0.202447 0.215272 0.120199 0.132687 0.150175 0.194482 0.202025 0.170743 0.121193 0.181806 0.169136 0.168723 0.216824 0.143356 0.228412 0.13151 0.138961 0.212797 0.169593 0.117028
0.215084 0.131213 0.118307 0.200396 0.169572 0.202447 0.215272 0.120199 0.132687 0.150175 0.194482 0.202025 0.170743 0.121193 0.181806 0.169136 0.168723 0.216824 0.143356 0.228412 0.13151 0.138961 0.212797 0.169593 0.117028
0.215084 0.131213 0.118307 0.200396 0.169572 0.202447 0.215272 0.120199 0.132687 0.150175 0.194482 0.202025 0.170743 0.121193 0.181806 0.169136 0.168723 0.216824 0.143356 0.228412 0.13151 0.138961 0.212797 0.169593 0.117028
0.215084 0.131213 0.118307 0.200396 0.169572 0.202447 0.215272 0.120199 0.132687 0.150175 0.194482 0.202025 0.170743 0.121193 0.181806 0.169136 0.168723 0.216824 0.143356 0.228412 0.13151 0.138961 0.212797 0.169593 0.117028
0.215084 0.131213 0.118307 0.200396 0.169572 0.202447 0.215272 0.120199 0.132687 0.150175 0.194482 0.202025 0.170743 0.121193 0.181806 0.169136 0.168723 0.216824 0.143356 0.228412 0.13151 0.138961 0.212797 0.169593 0.117028
0.215084 0.131213 0.118307 0.200396 0.169572 0.202447 0.215272 0.120199 0.132687 0.150175 0.194482 0.202025 0.170743 0.121193 0.181806 0.169136 0.168723 0.216824 0.143356 0.228412 0.13151 0.138961 0.212797 0.169593 0.117028
0.215084 0.131213 0.118307 0.200396 0.169572 0.202447 0.215272 0.120199 0.132687 0.150175 0.194482 0.202025 0.170743 0.121193 0.181806 0.169136 0.168723 0.216824 0.143356 0.228412 0.13151 0.138961 0.212797 0.169593 0.117028
0.215084 0.131213 0.118307 0.200396 0.169572 0.202447 0.215272 0.120199 0.132687 0.150175 0.194482 0.202025 0.170743 0.121193 0.181806 0.169136 0.168723 0.216824 0.143356 0.228412 0.13151 0.138961 0.212797 0.169593 0.117028
0.215084 0.131213 0.118307 0.200396 0.169572 0.202447 0.215272 0.120199 0.132687 0.150175 0.194482 0.202025 0.170743 0.121193 0.181806 0.169136 0.168723 0.216824 0.143356 0.228412 0.13151 0.138961 0.212797 0.169593 0.117028
0.215084 0.131213 0.118307 0.200396 0.169572 0.202447 0.215272 0.120199 0.132687 0.150175 0.194482 0.202025 0.170743 0.121193 0.181806 0.169136 0.168723 0.216824 0.143356 0.228412 0.13151 0.138961 0.212797 0.169593 0.117028
0.215084 0.131213 0.118307 0.200396 0.169572 0.202447 0.215272 0.120199 0.132687 0.150175 0.194482 0.202025 0.170743 0.121193 0.181806 0.169136 0.168723 0.216824 0.143356 0.228412 0.13151 0.138961 0.212797 0.169593 0.117028
0.215084 0.131213 0.118307 0.200396 0.169572 0.202447 0.215272 0.120199 0.132687 0.150175 0.194482 0.202025 0.170743 0.121193 0.181806 0.169136 0.168723 0.216824 0.143356 0.228412 0.13151 0.138961 0.212797 0.169593 0.117028
0.215084 0.131213 0.118307 0.200396 0.169572 0.202447 0.215272 0.120199 0.132687 0.150175 0.194482 0.202025 0.170743 0.121193 0.181806 0.169136 0.168723 0.216824 0.143356 0.228412 0.13151 0.138961 0.212797 0.169593 0.117028
0.215084 0.131213 0.118307 0.200396 0.169572 0.202447 0.215272 0.120199 0.132687 0.150175 0.194482 0.202025 0.170743 0.121193 0.181806 0.169136 0.168723 0.216824 0.143356 0.228412 0.13151 0.138961 0.212797 0.169593 0.117028
0.215084 0.131213 0.118307 0.200396 0.169572 0.202447 0.215272 0.120199 0.132687 0.150175 0.194482 0.202025 0.170743 0.121193 0.181806 0.169136 0.168723 0.216824 0.143356 0.228412 0.13151 0.138961 0.212797 0.169593 0.117028
0.215084 0.131213 0.118307 0.200396 0.169572 0.202447 0.215272 0.120199 0.132687 0.150175 0.194482 0.202025 0.170743 0.121193 0.181806 0.169136 0.168723 0.216824 0.143356 0.228412 0.13151 0.138961 0.212797 0.169593 0.117028
0.215084 0.131213 0.118307 0.200396 0.169572 0.202447 0.215272 0.120199 0.132687 0.150175 0.194482 0.202025 0.170743 0.121193 0.181806 0.169136 0.168723 0.216824 0.143356 0.228412 0.13151 0.138961 0.212797 0.169593 0.117028
0.215084 0.131213 0.118307 0.200396 0.169572 0.202447 0.215272 0.120199 0.132687 0.150175 0.194482 0.202025 0.170743 0.121193 0.181806 0.169136 0.168723 0.216824 0.143356 0.228412 0.13151 0.138961 0.212797 0.169593 0.117028
0.215084 0.131213 0.118307 0.200396 0.169572 0.202447 0.215272 0.120199 0.132687 0.150175 0.194482 0.202025 0.170743 0.121193 0.181806 0.169136 0.168723 0.216824 0.143356 0.228412 0.13151 0.138961 0.212797 0.169593 0.117028
0.215084 0.131213 0.118307 0.200396 0.169572 0.202447 0.215272 0.120199 0.132687 0.150175 0.194482 0.202025 0.170743 0.121193 0.181806 0.169136 0.168723 0.216824 0.143356 0.228412 0.13151 0.138961 0.212797 0.169593 0.117028
0.215084 0.131213 0.118307 0.200396 0.169572 0.202447 0.215272 0.120199 0.132687 0.150175 0.194482 0.202025 0.170743 0.121193 0.181806 0.169136 0.168723 0.216824 0.143356 0.228412 0.13151 0.138961 0.212797 0.169593 0.117028
0.215084 0.131213 0.118307 0.200396 0.169572 0.202447 0.215272 0.120199 0.132687 0.150175 0.194482 0.202025 0.170743 0.121193 0.181806 0.169136 0.168723 0.216824 0.143356 0.228412 0.13151 0.138961 0.212797 0.169593 0.117028
0.215084 0.131213 0.118307 0.200396 0.169572 0.202447 0.215272 0.120199 0.132687 0.150175 0.194482 0.202025 0.170743 0.121193 0.181806 0.169136 0.168723 0.216824 0.143356 0.228412 0.13151 0.138961 0.212797 0.169593 0.117028
0.215084 0.131213 0.118307 0.200396 0.169572 0.202447 0.215272 0.120199 0.132687 0.150175 0.194482 0.202025 0.170743 0.121193 0.181806 0.169136 0.168723 0.216824 0.143356 0.228412 0.13151 0.138961 0.212797 0.169593 0.117028
0.215084 0.131213 0.118307 0.200396 0.169572 0.202447 0.215272 0.120199 0.132687 0.150175 0.194482 0.202025 0.170743 0.121193 0.181806 0.169136 0.168723 0.216824 0.143356 0.228412 0.13151 0.138961 0.212797 0.169593 0.117028
0.215084 0.131213 0.118307 0.200396 0.169572 0.202447 0.215272 0.120199 0.132687 0.150175 0.194482 0.202025 0.170743 0.121193 0.181806 0.169136 0.168723 0.216824 0.143356 0.228412 0.13151 0.138961 0.212797 0.169593 0.117028
0.215084 0.131213 0.118307 0.200396 0.169572 0.202447 0.215272 0.120199 0.132687 0.150175 0.194482 0.202025 0.170743 0.121193 0.181806 0.169136 0.168723 0.216824 0.143356 0.228412 0.13151 0.138961 0.212797 0.169593 0.117028
0.215084 0.131213 0.118307 0.200396 0.169572 0.202447 0.215272 0.120199 0.132687 0.150175 0.194482 0.202025 0.170743 0.121193 0.181806 0.169136 0.168723 0.216824 0.143356 0.228412 0.13151 0.138961 0.212797 0.169593 0.117028
0.215084 0.131213 0.118307 0.200396 0.169572 0.202447 0.215272 0.120199 0.132687 0.150175 0.194482 0.202025 0.170743 0.121193 0.181806 0.169136 0.168723 0.216824 0.143356 0.228412 0.13151 0.138961 0.212797 0.169593 0.117028
0.215084 0.131213 0.118307 0.200396 0.169572 0.202447 0.215272 0.120199 0.132687 0.150175 0.194482 0.202025 0.170743 0.121193 0.181806 0.169136 0.168723 0.216824 0.143356 0.228412 0.13151 0.138961 0.212797 0.169593 0.117028
0.215084 0.131213 0.118307 0.200396 0.169572 0.202447 0.215272 0.120199 0.132687 0.150175 0.194482 0.202025 0.170743 0.121193 0.181806 0.169136 0.168723 0.216824 0.143356 0.228412 0.13151 0.138961 0.212797 0.169593 0.117028
0.215084 0.131213 0.118307 0.200396 0.169572 0.202447 0.215272 0.120199 0.132687 0.150175 0.194482 0.202025 0.170743 0.121193 0.181806 0.169136 0.168723 0.216824 0.143356 0.228412 0.13151 0.138961 0.212797 0.169593 0.117028
0.215084 0.131213 0.118307 0.200396 0.169572 0.202447 0.215272 0.120199 0.132687 0.150175 0.194482 0.202025 0.170743 0.121193 0.181806 0.169136 0.168723 0.216824 0.143356 0.228412 0.13151 0.138961 0.212797 0.169593 0.117028
0.215084 0.131213 0.118307 0.200396 0.169572 0.202447 0.215272 0.120199 0.132687 0.150175 0.194482 0.202025 0.170743 0.121193 0.181806 0.169136 0.168723 0.216824 0.143356 0.228412 0.13151 0.138961 0.212797 0.169593 0.117028
0.215084 0.131213 0.118307 0.200396 0.169572 0.202447 0.215272 0.120199 0.132687 0.150175 0.194482 0.202025 0.170743 0.121193 0.181806 0.169136 0.168723 0.216824 0.143356 0.228412 0.13151 0.138961 0.212797 0.169593 0.117028
0.215084 0.131213 0.118307 0.200396 0.169572 0.202447 0.215272 0.120199 0.132687 0.150175 0.194482 0.202025 0.170743 0.121193 0.181806 0.169136 0.168723 0.216824 0.143356 0.228412 0.13151 0.138961 0.212797 0.169593 0.117028
0.215084 0.131213 0.118307 0.200396 0.169572 0.202447 0.215272 0.120199 0.132687 0.150175 0.194482 0.202025 0.170743 0.121193 0.181806 0.169136 0.168723 0.216824 0.143356 0.228412 0.13151 0.138961 0.212797 0.169593 0.117028
0.215084 0.131213 0.118307 0.200396 0.169572 0.202447 0.215272 0.120199 0.132687 0.150175 0.194482 0.202025 0.170743 0.121193 0.181806 0.169136 0.168723 0.216824 0.143356 0.228412 0.13151 0.138961 0.212797 0.169593 0.117028
0.215084 0.131213 0.118307 0.200396 0.169572 0.202447 0.215272 0.120199 0.132687 0.150175 0.194482 0.202025 0.170743 0.121193 0.181806 0.169136 0.168723 0.216824 0.143356 0.228412 0.13151 0.138961 0.212797 0.169593 0.117028
0.215084 0.131213 0.118307 0.200396 0.169572 0.202447 0.215272 0.120199 0.132687 0.150175 0.194482 0.202025 0.170743 0.121193 0.181806 0.169136 0.168723 0.216824 0.143356 0.228412 0.13151 0.138961 0.212797 0.169593 0.117028
0.215084 0.131213 0.118307 0.200396 0.169572 0.202447 0.215272 0.120199 0.132687 0.150175 0.194482 0.202025 0.170743 0.121193 0.181806 0.169136 0.168723 0.216824 0.143356 0.228412 0.13151 0.138961 0.212797 0.169593 0.117028
0.215084 0.131213 0.118307 0.200396 0.169572 0.202447 0.215272 0.120199 0.132687 0.150175 0.194482 0.202025 0.170743 0.121193 0.181806 0.169136 0.168723 0.216824 0.143356 0.228412 0.13151 0.138961 0.212797 0.169593 0.117028
0.215084 0.131213 0.118307 0.200396 0.169572 0.202447 0.215272 0.120199 0.132687 0.150175 0.194482 0.202025 0.170743 0.121193 0.181806 0.169136 0.168723 0.216824 0.143356 0.228412 0.13151 0.138961 0.212797 0.169593 0.117028
0.215084 0.131213 0.118307 0.200396 0.169572 0.202447 0.215272 0.120199 0.132687 0.150175 0.194482 0.202025 0.170743 0.121193 0.181806 0.169136 0.168723 0.216824 0.143356 0.228412 0.13151 0.138961 0.212797 0.169593 0.117028
0.215084 0.131213 0.118307 0.200396 0.169572 0.202447 0.215272 0.120199 0.132687 0.150175 0.194482 0.202025 0.170743 0.121193 0.181806 0.169136 0.168723 0.216824 0.143356 0.228412 0.13151 0.138961 0.212797 0.169593 0.117028
0.215084 0.131213 0.118307 0.200396 0.169572 0.202447 0.215272 0.120199 0.132687 0.150175 0.194482 0.202025 0.170743 0.121193 0.181806 0.169136 0.168723 0.216824 0.143356 0.228412 0.13151 0.138961 0.212797 0.169593 0.117028
0.215084 0.131213 0.118307 0.200396 0.169572 0.202447 0.215272 0.120199 0.132687 0.150175 0.194482 0.202025 0.170743 0.121193 0.181806 0.169136 0.168723 0.216824 0.143356 0.228412 0.13151 0.138961 0.212797 0.169593 0.117028
0.215084 0.131213 0.118307 0.200396 0.169572 0.202447 0.215272 0.120199 0.132687 0.150175 0.194482 0.202025 0.170743 0.121193 0.181806 0.169136 0.168723 0.216824 0.143356 0.228412 0.13151 0.138961 0.212797 0.169593 0.117028
0.215084 0.131213 0.118307 0.200396 0.169572 0.202447 0.215272 0.120199 0.132687 0.150175 0.194482 0.202025 0.170743 0.121193 0.181806 0.169136 0.168723 0.216824 0.143356 0.228412 0.13151 0.138961 0.212797 0.169593 0.117028
0.215084 0.131213 0.118307 0.200396 0.169572 0.202447 0.215272 0.120199 0.132687 0.150175 0.194482 0.202025 0.170743 0.121193 0.181806 0.169136 0.168723 0.216824 0.143356 0.228412 0.13151 0.138961 0.212797 0.169593 0.117028
0.215084 0.131213 0.118307 0.200396 0.169572 0.202447 0.215272 0.120199 0.132687 0.150175 0.194482 0.202025 0.170743 0.121193 0.181806 0.169136 0.168723 0.216824 0.143356 0.228412 0.13151 0.138961 0.212797 0.169593 0.117028
0.215084 0.131213 0.118307 0.200396 0.169572 0.202447 0.215272 0.120199 0.132687 0.150175 0.194482 0.202025 0.170743 0.121193 0.181806 0.169136 0.168723 0.216824 0.143356 0.228412 0.13151 0.138961 0.212797 0.169593 0.117028
0.215084 0.131213 0.118307 0.200396 0.169572 0.202447 0.215272 0.120199 0.132687 0.150175 0.194482 0.202025 0.170743 0.121193 0.181806 0.169136 0.168723 0.216824 0.143356 0.228412 0.13151 0.138961 0.212797 0.169593 0.117028
0.215084 0.131213 0.118307 0.200396 0.169572 0.202447 0.215272 0.120199 0.132687 0.150175 0.194482 0.202025 0.170743 0.121193 0.181806 0.169136 0.168723 0.216824 0.143356 0.228412 0.13151 0.138961 0.212797 0.169593 0.117028
0.215084 0.131213 0.118307 0.200396 0.169572 0.202447 0.215272 0.120199 0.132687 0.150175 0.194482 0.202025 0.170743 0.121193 0.181806 0.169136 0.168723 0.216824 0.143356 0.228412 0.13151 0.138961 0.212797 0.169593 0.117028
0.215084 0.131213 0.118307 0.200396 0.169572 0.202447 0.215272 0.120199 0.132687 0.150175 0.194482 0.202025 0.170743 0.121193 0.181806 0.169136 0.168723 0.216824 0.143356 0.228412 0.13151 0.138961 0.212797 0.169593 0.117028
0.215084 0.131213 0.118307 0.200396 0.169572 0.202447 0.215272 0.120199 0.132687 0.150175 0.194482 0.202025 0.170743 0.121193 0.181806 0.169136 0.168723 0.216824 0.143356 0.228412 0.13151 0.138961 0.212797 0.169593 0.117028
0.215084 0.131213 0.118307 0.200396 0.169572 0.202447 0.215272 0.120199 0.132687 0.150175 0.194482 0.202025 0.170743 0.121193 0.181806 0.169136 0.168723 0.216824 0.143356 0.228412 0.13151 0.138961 0.212797 0.169593 0.117028
0.215084 0.131213 0.118307 0.200396 0.169572 0.202447 0.215272 0.120199 0.132687 0.150175 0.194482 0.202025 0.170743 0.121193 0.181806 0.169136 0.168723 0.216824 0.143356 0.228412 0.13151 0.138961 0.212797 0.169593 0.117028
0.215084 0.131213 0.118307 0.200396 0.169572 0.202447 0.215272 0.120199 0.132687 0.150175 0.194482 0.202025 0.170743 0.121193 0.181806 0.169136 0.168723 0.216824 0.143356 0.228412 0.13151 0.138961 0.212797 0.169593 0.117028
0.215084 0.131213 0.118307 0.200396 0.169572 0.202447 0.215272 0.120199 0.132687 0.150175 0.194482 0.202025 0.170743 0.121193 0.181806 0.169136 0.168723 0.216824 0.143356 0.228412 0.13151 0.138961 0.212797 0.169593 0.117028
0.215084 0.131213 0.118307 0.200396 0.169572 0.202447 0.215272 0.120199 0.132687 0.150175 0.194482 0.202025 0.170743 0.121193 0.181806 0.169136 0.168723 0.216824 0.143356 0.228412 0.13151 0.138961 0.212797 0.169593 0.117028
0.215084 0.131213 0.118307 0.200396 0.169572 0.202447 0.215272 0.120199 0.132687 0.150175 0.194482 0.202025 0.170743 0.121193 0.181806 0.169136 0.168723 0.216824 0.143356 0.228412 0.13151 0.138961 0.212797 0.169593 0.117028
0.215084 0.131213 0.118307 0.200396 0.169572 0.202447 0.215272 0.120199 0.132687 0.150175 0.194482 0.202025 0.170743 0.121193 0.181806 0.169136 0.168723 0.216824 0.143356 0.228412 0.13151 0.138961 0.212797 0.169593 0.117028
0.215084 0.131213 0.118307 0.200396 0.169572 0.202447 0.215272 0.120199 0.132687 0.150175 0.194482 0.202025 0.170743 0.121193 0.181806 0.169136 0.168723 0.216824 0.143356 0.228412 0.13151 0.138961 0.212797 0.169593 0.117028
0.215084 0.131213 0.118307 0.200396 0.169572 0.202447 0.215272 0.120199 0.132687 0.150175 0.194482 0.202025 0.170743 0.121193 0.181806 0.169136 0.168723 0.216824 0.143356 0.228412 0.13151 0.138961 0.212797 0.169593 0.117028
0.215084 0.131213 0.118307 0.200396 0.169572 0.202447 0.215272 0.120199 0.132687 0.150175 0.194482 0.202025 0.170743 0.121193 0.181806 0.169136 0.168723 0.216824 0.143356 0.228412 0.13151 0.138961 0.212797 0.169593 0.117028
0.215084 0.131213 0.118307 0.200396 0.169572 0.202447 0.215272 0.120199 0.132687 0.150175 0.194482 0.202025 0.170743 0.121193 0.181806 0.169136 0.168723 0.216824 0.143356 0.228412 0.13151 0.138961 0.212797 0.169593 0.117028
0.215084 0.131213 0.118307 0.200396 0.169572 0.202447 0.215272 0.120199 0.132687 0.150175 0.194482 0.202025 0.170743 0.121193 0.181806 0.169136 0.168723 0.216824 0.143356 0.228412 0.13151 0.138961 0.212797 0.169593 0.117028
0.215084 0.131213 0.118307 0.200396 0.169572 0.202447 0.215272 0.120199 0.132687 0.150175 0.194482 0.202025 0.170743 0.121193 0.181806 0.169136 0.168723 0.216824 0.143356 0.228412 0.13151 0.138961 0.212797 0.169593 0.117028
0.215084 0.131213 0.118307 0.200396 0.169572 0.202447 0.215272 0.120199 0.132687 0.150175 0.194482 0.202025 0.170743 0.121193 0.181806 0.169136 0.168723 0.216824 0.143356 0.228412 0.13151 0.138961 0.212797 0.169593 0.117028
0.215084 0.131213 0.118307 0.200396 0.169572 0.202447 0.215272 0.120199 0.132687 0.150175 0.194482 0.202025 0.170743 0.121193 0.181806 0.169136 0.168723 0.216824 0.143356 0.228412 0.13151 0.138961 0.212797 0.169593 0.117028
0.215084 0.131213 0.118307 0.200396 0.169572 0.202447 0.215272 0.120199 0.132687 0.150175 0.194482 0.202025 0.170743 0.121193 0.181806 0.169136 0.168723 0.216824 0.143356 0.228412 0.13151 0.138961 0.212797 0.169593 0.117028
0.215084 0.131213 0.118307 0.200396 0.169572 0.202447 0.215272 0.120199 0.132687 0.150175 0.194482 0.202025 0.170743 0.121193 0.181806 0.169136 0.168723 0.216824 0.143356 0.228412 0.13151 0.138961 0.212797 0.169593 0.117028
0.215084 0.131213 0.118307 0.200396 0.169572 0.202447 0.215272 0.120199 0.132687 0.150175 0.194482 0.202025 0.170743 0.121193 0.181806 0.169136 0.168723 0.216824 0.143356 0.228412 0.13151 0.138961 0.212797 0.169593 0.117028
0.215084 0.131213 0.118307 0.200396 0.169572 0.202447 0.215272 0.120199 0.132687 0.150175 0.194482 0.202025 0.170743 0.121193 0.181806 0.169136 0.168723 0.216824 0.143356 0.228412 0.13151 0.138961 0.212797 0.169593 0.117028
0.215084 0.131213 0.118307 0.200396 0.169572 0.202447 0.215272 0.120199 0.132687 0.150175 0.194482 0.202025 0.170743 0.121193 0.181806 0.169136 0.168723 0.216824 0.143356 0.228412 0.13151 0.138961 0.212797 0.169593 0.117028
0.215084 0.131213 0.118307 0.200396 0.169572 0.202447 0.215272 0.120199 0.132687 0.150175 0.194482 0.202025 0.170743 0.121193 0.181806 0.169136 0.168723 0.216824 0.143356 0.228412 0.13151 0.138961 0.212797 0.169593 0.117028
0.215084 0.131213 0.118307 0.200396 0.169572 0.202447 0.215272 0.120199 0.132687 0.150175 0.194482 0.202025 0.170743 0.121193 0.181806 0.169136 0.168723 0.216824 0.143356 0.228412 0.13151 0.138961 0.212797 0.169593 0.117028
0.215084 0.131213 0.118307 0.200396 0.169572 0.202447 0.215272 0.120199 0.132687 0.150175 0.194482 0.202025 0.170743 0.121193 0.181806 0.169136 0.168723 0.216824 0.143356 0.228412 0.13151 0.138961 0.212797 0.169593 0.117028
0.215084 0.131213 0.118307 0.200396 0.169572 0.202447 0.215272 0.120199 0.132687 0.150175 0.194482 0.202025 0.170743 0.121193 0.181806 0.169136 0.168723 0.216824 0.143356 0.228412 0.13151 0.138961 0.212797 0.169593 0.117028
0.215084 0.131213 0.118307 0.200396 0.169572 0.202447 0.215272 0.120199 0.132687 0.150175 0.194482 0.202025 0.170743 0.121193 0.181806 0.169136 0.168723 0.216824 0.143356 0.228412 0.13151 0.138961 0.212797 0.169593 0.117028
0.215084 0.131213 0.118307 0.200396 0.169572 0.202447 0.215272 0.120199 0.132687 0.150175 0.194482 0.202025 0.170743 0.121193 0.181806 0.169136 0.168723 0.216824 0.143356 0.228412 0.13151 0.138961 0.212797 0.169593 0.117028
0.215084 0.131213 0.118307 0.200396 0.169572 0.202447 0.215272 0.120199 0.132687 0.150175 0.194482 0.202025 0.170743 0.121193 0.181806 0.169136 0.168723 0.216824 0.143356 0.228412 0.13151 0.138961 0.212797 0.169593 0.117028
0.215084 0.131213 0.118307 0.200396 0.169572 0.202447 0.215272 0.120199 0.132687 0.150175 0.194482 0.202025 0.170743 0.121193 0.181806 0.169136 0.168723 0.216824 0.143356 0.228412 0.13151 0.138961 0.212797 0.169593 0.117028
0.215084 0.131213 0.118307 0.200396 0.169572 0.202447 0.215272 0.120199 0.132687 0.150175 0.194482 0.202025 0.170743 0.121193 0.181806 0.169136 0.168723 0.216824 0.143356 0.228412 0.13151 0.138961 0.212797 0.169593 0.117028
0.215084 0.131213 0.118307 0.200396 0.169572 0.202447 0.215272 0.120199 0.132687 0.150175 0.194482 0.202025 0.170743 0.121193 0.181806 0.169136 0.168723 0.216824 0.143356 0.228412 0.13151 0.138961 0.212797 0.169593 0.117028
0.215084 0.131213 0.118307 0.200396 0.169572 0.202447 0.215272 0.120199 0.132687 0.150175 0.194482 0.202025 0.170743 0.121193 0.181806 0.169136 0.168723 0.216824 0.143356 0.228412 0.13151 0.138961 0.212797 0.169593 0.117028
0.215084 0.131213 0.118307 0.200396 0.169572 0.202447 0.215272 0.120199 0.132687 0.150175 0.194482 0.202025 0.170743 0.121193 0.181806 0.169136 0.168723 0.216824 0.143356 0.228412 0.13151 0.138961 0.212797 0.169593 0.117028
0.215084 0.131213 0.118307 0.200396 0.169572 0.202447 0.215272 0.120199 0.132687 0.150175 0.194482 0.202025 0.170743 0.121193 0.181806 0.169136 0.168723 0.216824 0.143356 0.228412 0.13151 0.138961 0.212797 0.169593 0.117028
0.215084 0.131213 0.118307 0.200396 0.169572 0.202447 0.215272 0.120199 0.132687 0.150175 0.194482 0.202025 0.170743 0.121193 0.181806 0.169136 0.168723 0.216824 0.143356 0.228412 0.13151 0.138961 0.212797 0.169593 0.117028
0.215084 0.131213 0.118307 0.200396 0.169572 0.202447 0.215272 0.120199 0.132687 0.150175 0.194482 0.202025 0.170743 0.121193 0.181806 0.169136 0.168723 0.216824 0.143356 0.228412 0.13151 0.138961 0.212797 0.169593 0.117028
0.215084 0.131213 0.118307 0.200396 0.169572 0.202447 0.215272 0.120199 0.132687 0.150175 0.194482 0.202025 0.170743 0.121193 0.181806 0.169136 0.168723 0.216824 0.143356 0.228412 0.13151 0.138961 0.212797 0.169593 0.117028
0.215084 0.131213 0.118307 0.200396 0.169572 0.202447 0.215272 0.120199 0.132687 0.150175 0.194482 0.202025 0.170743 0.121193 0.181806 0.169136 0.168723 0.216824 0.143356 0.228412 0.13151 0.138961 0.212797 0.169593 0.117028
0.215084 0.131213 0.118307 0.200396 0.169572 0.202447 0.215272 0.120199 0.132687 0.150175 0.194482 0.202025 0.170743 0.121193 0.181806 0.169136 0.168723 0.216824 0.143356 0.228412 0.13151 0.138961 0.212797 0.169593 0.117028
0.215084 0.131213 0.118307 0.200396 0.169572 0.202447 0.215272 0.120199 0.132687 0.150175 0.194482 0.202025 0.170743 0.121193 0.181806 0.169136 0.168723 0.216824 0.143356 0.228412 0.13151 0.138961 0.212797 0.169593 0.117028
0.215084 0.131213 0.118307 0.200396 0.169572 0.202447 0.215272 0.120199 0.132687 0.150175 0.194482 0.202025 0.170743 0.121193 0.181806 0.169136 0.168723 0.216824 0.143356 0.228412 0.13151 0.138961 0.212797 0.169593 0.117028
0.215084 0.131213 0.118307 0.200396 0.169572 0.202447 0.215272 0.120199 0.132687 0.150175 0.194482 0.202025 0.170743 0.121193 0.181806 0.169136 0.168723 0.216824 0.143356 0.228412 0.13151 0.138961 0.212797 0.169593 0.117028
0.215084 0.131213 0.118307 0.200396 0.169572 0.202447 0.215272 0.120199 0.132687 0.150175 0.194482 0.202025 0.170743 0.121193 0.181806 0.169136 0.168723 0.216824 0.143356 0.228412 0.13151 0.138961 0.212797 0.169593 0.117028
0.215084 0.131213 0.118307 0.200396 0.169572 0.202447 0.215272 0.120199 0.132687 0.150175 0.194482 0.202025 0.170743 0.121193 0.181806 0.169136 0.168723 0.216824 0.143356 0.228412 0.13151 0.138961 0.212797 0.169593 0.117028
0.215084 0.131213 0.118307 0.200396 0.169572 0.202447 0.215272 0.120199 0.132687 0.150175 0.194482 0.202025 0.170743 0.121193 0.181806 0.169136 0.168723 0.216824 0.143356 0.228412 0.13151 0.138961 0.212797 0.169593 0.117028
0.215084 0.131213 0.118307 0.200396 0.169572 0.202447 0.215272 0.120199 0.132687 0.150175 0.194482 0.202025 0.170743 0.121193 0.181806 0.169136 0.168723 0.216824 0.143356 0.228412 0.13151 0.138961 0.212797 0.169593 0.117028
0.215084 0.131213 0.118307 0.200396 0.169572 0.202447 0.215272 0.120199 0.132687 0.150175 0.194482 0.202025 0.170743 0.121193 0.181806 0.169136 0.168723 0.216824 0.143356 0.228412 0.13151 0.138961 0.212797 0.169593 0.117028
0.215084 0.131213 0.118307 0.200396 0.169572 0.202447 0.215272 0.120199 0.132687 0.150175 0.194482 0.202025 0.170743 0.121193 0.181806 0.169136 0.168723 0.216824 0.143356 0.228412 0.13151 0.138961 0.212797 0.169593 0.117028
0.215084 0.131213 0.118307 0.200396 0.169572 0.202447 0.215272 0.120199 0.132687 0.150175 0.194482 0.202025 0.170743 0.121193 0.181806 0.169136 0.168723 0.216824 0.143356 0.228412 0.13151 0.138961 0.212797 0.169593 0.117028
0.215084 0.131213 0.118307 0.200396 0.169572 0.202447 0.215272 0.120199 0.132687 0.150175 0.194482 0.202025 0.170743 0.121193 0.181806 0.169136 0.168723 0.216824 0.143356 0.228412 0.13151 0.138961 0.212797 0.169593 0.117028
0.215084 0.131213 0.118307 0.200396 0.169572 0.202447 0.215272 0.120199 0.132687 0.150175 0.194482 0.202025 0.170743 0.121193 0.181806 0.169136 0.168723 0.216824 0.143356 0.228412 0.13151 0.138961 0.212797 0.169593 0.117028
0.215084 0.131213 0.118307 0.200396 0.169572 0.202447 0.215272 0.120199 0.132687 0.150175 0.194482 0.202025 0.170743 0.121193 0.181806 0.169136 0.168723 0.216824 0.143356 0.228412 0.13151 0.138961 0.212797 0.169593 0.117028
0.215084 0.131213 0.118307 0.200396 0.169572 0.202447 0.215272 0.120199 0.132687 0.150175 0.194482 0.202025 0.170743 0.121193 0.181806 0.169136 0.168723 0.216824 0.143356 0.228412 0.13151 0.138961 0.212797 0.169593 0.117028
0.215084 0.131213 0.118307 0.200396 0.169572 0.202447 0.215272 0.120199 0.132687 0.150175 0.194482 0.202025 0.170743 0.121193 0.181806 0.169136 0.168723 0.216824 0.143356 0.228412 0.13151 0.138961 0.212797 0.169593 0.117028
0.215084 0.131213 0.118307 0.200396 0.169572 0.202447 0.215272 0.120199 0.132687 0.150175 0.194482 0.202025 0.170743 0.121193 0.181806 0.169136 0.168723 0.216824 0.143356 0.228412 0.13151 0.138961 0.212797 0.169593 0.117028
0.215084 0.131213 0.118307 0.200396 0.169572 0.202447 0.215272 0.120199 0.132687 0.150175 0.194482 0.202025 0.170743 0.121193 0.181806 0.169136 0.168723 0.216824 0.143356 0.228412 0.13151 0.138961 0.212797 0.169593 0.117028
0.215084 0.131213 0.118307 0.200396 0.169572 0.202447 0.215272 0.120199 0.132687 0.150175 0.194482 0.202025 0.170743 0.121193 0.181806 0.169136 0.168723 0.216824 0.143356 0.228412 0.13151 0.138961 0.212797 0.169593 0.117028
0.215084 0.131213 0.118307 0.200396 0.169572 0.202447 0.215272 0.120199 0.132687 0.150175 0.194482 0.202025 0.170743 0.121193 0.181806 0.169136 0.168723 0.216824 0.143356 0.228412 0.13151 0.138961 0.212797 0.169593 0.117028
0.215084 0.131213 0.118307 0.200396 0.169572 0.202447 0.215272 0.120199 0.132687 0.150175 0.194482 0.202025 0.170743 0.121193 0.181806 0.169136 0.168723 0.216824 0.143356 0.228412 0.13151 0.138961 0.212797 0.169593 0.117028
0.215084 0.131213 0.118307 0.200396 0.169572 0.202447 0.215272 0.120199 0.132687 0.150175 0.194482 0.202025 0.170743 0.121193 0.181806 0.169136 0.168723 0.216824 0.143356 0.228412 0.13151 0.138961 0.212797 0.169593 0.117028
0.215084 0.131213 0.118307 0.200396 0.169572 0.202447 0.215272 0.120199 0.132687 0.150175 0.194482 0.202025 0.170743 0.121193 0.181806 0.169136 0.168723 0.216824 0.143356 0.228412 0.13151 0.138961 0.212797 0.169593 0.117028
0.215084 0.131213 0.118307 0.200396 0.169572 0.202447 0.215272 0.120199 0.132687 0.150175 0.194482 0.202025 0.170743 0.121193 0.181806 0.169136 0.168723 0.216824 0.143356 0.228412 0.13151 0.138961 0.212797 0.169593 0.117028
0.215084 0.131213 0.118307 0.200396 0.169572 0.202447 0.215272 0.120199 0.132687 0.150175 0.194482 0.202025 0.170743 0.121193 0.181806 0.169136 0.168723 0.216824 0.143356 0.228412 0.13151 0.138961 0.212797 0.169593 0.117028
0.215084 0.131213 0.118307 0.200396 0.169572 0.202447 0.215272 0.120199 0.132687 0.150175 0.194482 0.202025 0.170743 0.121193 0.181806 0.169136 0.168723 0.216824 0.143356 0.228412 0.13151 0.138961 0.212797 0.169593 0.117028
0.215084 0.131213 0.118307 0.200396 0.169572 0.202447 0.215272 0.120199 0.132687 0.150175 0.194482 0.202025 0.170743 0.121193 0.181806 0.169136 0.168723 0.216824 0.143356 0.228412 0.13151 0.138961 0.212797 0.169593 0.117028
0.215084 0.131213 0.118307 0.200396 0.169572 0.202447 0.215272 0.120199 0.132687 0.150175 0.194482 0.202025 0.170743 0.121193 0.181806 0.169136 0.168723 0.216824 0.143356 0.228412 0.13151 0.138961 0.212797 0.169593 0.117028
0.215084 0.131213 0.118307 0.200396 0.169572 0.202447 0.215272 0.120199 0.132687 0.150175 0.194482 0.202025 0.170743 0.121193 0.181806 0.169136 0.168723 0.216824 0.143356 0.228412 0.13151 0.138961 0.212797 0.169593 0.117028
0.215084 0.131213 0.118307 0.200396 0.169572 0.202447 0.215272 0.120199 0.132687 0.150175 0.194482 0.202025 0.170743 0.121193 0.181806 0.169136 0.168723 0.216824 0.143356 0.228412 0.13151 0.138961 0.212797 0.169593 0.117028
0.215084 0.131213 0.118307 0.200396 0.169572 0.202447 0.215272 0.120199 0.132687 0.150175 0.194482 0.202025 0.170743 0.121193 0.181806 0.169136 0.168723 0.216824 0.143356 0.228412 0.13151 0.138961 0.212797 0.169593 0.117028
0.215084 0.131213 0.118307 0.200396 0.169572 0.202447 0.215272 0.120199 0.132687 0.150175 0.194482 0.202025 0.170743 0.121193 0.181806 0.169136 0.168723 0.216824 0.143356 0.228412 0.13151 0.138961 0.212797 0.169593 0.117028
0.215084 0.131213 0.118307 0.200396 0.169572 0.202447 0.215272 0.120199 0.132687 0.150175 0.194482 0.202025 0.170743 0.121193 0.181806 0.169136 0.168723 0.216824 0.143356 0.228412 0.13151 0.138961 0.212797 0.169593 0.117028
0.215084 0.131213 0.118307 0.200396 0.169572 0.202447 0.215272 0.120199 0.132687 0.150175 0.194482 0.202025 0.170743 0.121193 0.181806 0.169136 0.168723 0.216824 0.143356 0.228412 0.13151 0.138961 0.212797 0.169593 0.117028
0.215084 0.131213 0.118307 0.200396 0.169572 0.202447 0.215272 0.120199 0.132687 0.150175 0.194482 0.202025 0.170743 0.121193 0.181806 0.169136 0.168723 0.216824 0.143356 0.228412 0.13151 0.138961 0.212797 0.169593 0.117028
0.215084 0.131213 0.118307 0.200396 0.169572 0.202447 0.215272 0.120199 0.132687 0.150175 0.194482 0.202025 0.170743 0.121193 0.181806 0.169136 0.168723 0.216824 0.143356 0.228412 0.13151 0.138961 0.212797 0.169593 0.117028
0.215084 0.131213 0.118307 0.200396 0.169572 0.202447 0.215272 0.120199 0.132687 0.150175 0.194482 0.202025 0.170743 0.121193 0.181806 0.169136 0.168723 0.216824 0.143356 0.228412 0.13151 0.138961 0.212797 0.169593 0.117028
0.215084 0.131213 0.118307 0.200396 0.169572 0.202447 0.215272 0.120199 0.132687 0.150175 0.194482 0.202025 0.170743 0.121193 0.181806 0.169136 0.168723 0.216824 0.143356 0.228412 0.13151 0.138961 0.212797 0.169593 0.117028
0.215084 0.131213 0.118307 0.200396 0.169572 0.202447 0.215272 0.120199 0.132687 0.150175 0.194482 0.202025 0.170743 0.121193 0.181806 0.169136 0.168723 0.216824 0.143356 0.228412 0.13151 0.138961 0.212797 0.169593 0.117028
0.215084 0.131213 0.118307 0.200396 0.169572 0.202447 0.215272 0.120199 0.132687 0.150175 0.194482 0.202025 0.170743 0.121193 0.181806 0.169136 0.168723 0.216824 0.143356 0.228412 0.13151 0.138961 0.212797 0.169593 0.117028
0.215084 0.131213 0.118307 0.200396 0.169572 0.202447 0.215272 0.120199 0.132687 0.150175 0.194482 0.202025 0.170743 0.121193 0.181806 0.169136 0.168723 0.216824 0.143356 0.228412 0.13151 0.138961 0.212797 0.169593 0.117028
0.215084 0.131213 0.118307 0.200396 0.169572 0.202447 0.215272 0.120199 0.132687 0.150175 0.194482 0.202025 0.170743 0.121193 0.181806 0.169136 0.168723 0.216824 0.143356 0.228412 0.13151 0.138961 0.212797 0.169593 0.117028
0.215084 0.131213 0.118307 0.200396 0.169572 0.202447 0.215272 0.120199 0.132687 0.150175 0.194482 0.202025 0.170743 0.121193 0.181806 0.169136 0.168723 0.216824 0.143356 0.228412 0.13151 0.138961 0.212797 0.169593 0.117028
0.215084 0.131213 0.118307 0.200396 0.169572 0.202447 0.215272 0.120199 0.132687 0.150175 0.194482 0.202025 0.170743 0.121193 0.181806 0.169136 0.168723 0.216824 0.143356 0.228412 0.13151 0.138961 0.212797 0.169593 0.117028
0.215084 0.131213 0.118307 0.200396 0.169572 0.202447 0.215272 0.120199 0.132687 0.150175 0.194482 0.202025 0.170743 0.121193 0.181806 0.169136 0.168723 0.216824 0.143356 0.228412 0.13151 0.138961 0.212797 0.169593 0.117028
0.215084 0.131213 0.118307 0.200396 0.169572 0.202447 0.215272 0.120199 0.132687 0.150175 0.194482 0.202025 0.170743 0.121193 0.181806 0.169136 0.168723 0.216824 0.143356 0.228412 0.13151 0.138961 0.212797 0.169593 0.117028
0.215084 0.131213 0.118307 0.200396 0.169572 0.202447 0.215272 0.120199 0.132687 0.150175 0.194482 0.202025 0.170743 0.121193 0.181806 0.169136 0.168723 0.216824 0.143356 0.228412 0.13151 0.138961 0.212797 0.169593 0.117028
0.215084 0.131213 0.118307 0.200396 0.169572 0.202447 0.215272 0.120199 0.132687 0.150175 0.194482 0.202025 0.170743 0.121193 0.181806 0.169136 0.168723 0.216824 0.143356 0.228412 0.13151 0.138961 0.212797 0.169593 0.117028
0.215084 0.131213 0.118307 0.200396 0.169572 0.202447 0.215272 0.120199 0.132687 0.150175 0.194482 0.202025 0.170743 0.121193 0.181806 0.169136 0.168723 0.216824 0.143356 0.228412 0.13151 0.138961 0.212797 0.169593 0.117028
0.215084 0.131213 0.118307 0.200396 0.169572 0.202447 0.215272 0.120199 0.132687 0.150175 0.194482 0.202025 0.170743 0.121193 0.181806 0.169136 0.168723 0.216824 0.143356 0.228412 0.13151 0.138961 0.212797 0.169593 0.117028
0.215084 0.131213 0.118307 0.200396 0.169572 0.202447 0.215272 0.120199 0.132687 0.150175 0.194482 0.202025 0.170743 0.121193 0.181806 0.169136 0.168723 0.216824 0.143356 0.228412 0.13151 0.138961 0.212797 0.169593 0.117028
0.215084 0.131213 0.118307 0.200396 0.169572 0.202447 0.215272 0.120199 0.132687 0.150175 0.194482 0.202025 0.170743 0.121193 0.181806 0.169136 0.168723 0.216824 0.143356 0.228412 0.13151 0.138961 0.212797 0.169593 0.117028
0.215084 0.131213 0.118307 0.200396 0.169572 0.202447 0.215272 0.120199 0.132687 0.150175 0.194482 0.202025 0.170743 0.121193 0.181806 0.169136 0.168723 0.216824 0.143356 0.228412 0.13151 0.138961 0.212797 0.169593 0.117028
0.215084 0.131213 0.118307 0.200396 0.169572 0.202447 0.215272 0.120199 0.132687 0.150175 0.194482 0.202025 0.170743 0.121193 0.181806 0.169136 0.168723 0.216824 0.143356 0.228412 0.13151 0.138961 0.212797 0.169593 0.117028
0.215084 0.131213 0.118307 0.200396 0.169572 0.202447 0.215272 0.120199 0.132687 0.150175 0.194482 0.202025 0.170743 0.121193 0.181806 0.169136 0.168723 0.216824 0.143356 0.228412 0.13151 0.138961 0.212797 0.169593 0.117028
0.215084 0.131213 0.118307 0.200396 0.169572 0.202447 0.215272 0.120199 0.132687 0.150175 0.194482 0.202025 0.170743 0.121193 0.181806 0.169136 0.168723 0.216824 0.143356 0.228412 0.13151 0.138961 0.212797 0.169593 0.117028
0.215084 0.131213 0.118307 0.200396 0.169572 0.202447 0.215272 0.120199 0.132687 0.150175 0.194482 0.202025 0.170743 0.121193 0.181806 0.169136 0.168723 0.216824 0.143356 0.228412 0.13151 0.138961 0.212797 0.169593 0.117028
0.215084 0.131213 0.118307 0.200396 0.169572 0.202447 0.215272 0.120199 0.132687 0.150175 0.194482 0.202025 0.170743 0.121193 0.181806 0.169136 0.168723 0.216824 0.143356 0.228412 0.13151 0.138961 0.212797 0.169593 0.117028
0.215084 0.131213 0.118307 0.200396 0.169572 0.202447 0.215272 0.120199 0.132687 0.150175 0.194482 0.202025 0.170743 0.121193 0.181806 0.169136 0.168723 0.216824 0.143356 0.228412 0.13151 0.138961 0.212797 0.169593 0.117028
0.215084 0.131213 0.118307 0.200396 0.169572 0.202447 0.215272 0.120199 0.132687 0.150175 0.194482 0.202025 0.170743 0.121193 0.181806 0.169136 0.168723 0.216824 0.143356 0.228412 0.13151 0.138961 0.212797 0.169593 0.117028
0.215084 0.131213 0.118307 0.200396 0.169572 0.202447 0.215272 0.120199 0.132687 0.150175 0.194482 0.202025 0.170743 0.121193 0.181806 0.169136 0.168723 0.216824 0.143356 0.228412 0.13151 0.138961 0.212797 0.169593 0.117028
0.215084 0.131213 0.118307 0.200396 0.169572 0.202447 0.215272 0.120199 0.132687 0.150175 0.194482 0.202025 0.170743 0.121193 0.181806 0.169136 0.168723 0.216824 0.143356 0.228412 0.13151 0.138961 0.212797 0.169593 0.117028
0.215084 0.131213 0.118307 0.200396 0.169572 0.202447 0.215272 0.120199 0.132687 0.150175 0.194482 0.202025 0.170743 0.121193 0.181806 0.169136 0.168723 0.216824 0.143356 0.228412 0.13151 0.138961 0.212797 0.169593 0.117028
0.215084 0.131213 0.118307 0.200396 0.169572 0.202447 0.215272 0.120199 0.132687 0.150175 0.194482 0.202025 0.170743 0.121193 0.181806 0.169136 0.168723 0.216824 0.143356 0.228412 0.13151 0.138961 0.212797 0.169593 0.117028
0.215084 0.131213 0.118307 0.200396 0.169572 0.202447 0.215272 0.120199 0.132687 0.150175 0.194482 0.202025 0.170743 0.121193 0.181806 0.169136 0.168723 0.216824 0.143356 0.228412 0.13151 0.138961 0.212797 0.169593 0.117028
0.215084 0.131213 0.118307 0.200396 0.169572 0.202447 0.215272 0.120199 0.132687 0.150175 0.194482 0.202025 0.170743 0.121193 0.181806 0.169136 0.168723 0.216824 0.143356 0.228412 0.13151 0.138961 0.212797 0.169593 0.117028
0.215084 0.131213 0.118307 0.200396 0.169572 0.202447 0.215272 0.120199 0.132687 0.150175 0.194482 0.202025 0.170743 0.121193 0.181806 0.169136 0.168723 0.216824 0.143356 0.228412 0.13151 0.138961 0.212797 0.169593 0.117028
0.215084 0.131213 0.118307 0.200396 0.169572 0.202447 0.215272 0.120199 0.132687 0.150175 0.194482 0.202025 0.170743 0.121193 0.181806 0.169136 0.168723 0.216824 0.143356 0.228412 0.13151 0.138961 0.212797 0.169593 0.117028
0.215084 0.131213 0.118307 0.200396 0.169572 0.202447 0.215272 0.120199 0.132687 0.150175 0.194482 0.202025 0.170743 0.121193 0.181806 0.169136 0.168723 0.216824 0.143356 0.228412 0.13151 0.138961 0.212797 0.169593 0.117028
0.215084 0.131213 0.118307 0.200396 0.169572 0.202447 0.215272 0.120199 0.132687 0.150175 0.194482 0.202025 0.170743 0.121193 0.181806 0.169136 0.168723 0.216824 0.143356 0.228412 0.13151 0.138961 0.212797 0.169593 0.117028
0.215084 0.131213 0.118307 0.200396 0.169572 0.202447 0.215272 0.120199 0.132687 0.150175 0.194482 0.202025 0.170743 0.121193 0.181806 0.169136 0.168723 0.216824 0.143356 0.228412 0.13151 0.138961 0.212797 0.169593 0.117028
0.215084 0.131213 0.118307 0.200396 0.169572 0.202447 0.215272 0.120199 0.132687 0.150175 0.194482 0.202025 0.170743 0.121193 0.181806 0.169136 0.168723 0.216824 0.143356 0.228412 0.13151 0.138961 0.212797 0.169593 0.117028
0.215084 0.131213 0.118307 0.200396 0.169572 0.202447 0.215272 0.120199 0.132687 0.150175 0.194482 0.202025 0.170743 0.121193 0.181806 0.169136 0.168723 0.216824 0.143356 0.228412 0.13151 0.138961 0.212797 0.169593 0.117028
0.215084 0.131213 0.118307 0.200396 0.169572 0.202447 0.215272 0.120199 0.132687 0.150175 0.194482 0.202025 0.170743 0.121193 0.181806 0.169136 0.168723 0.216824 0.143356 0.228412 0.13151 0.138961 0.212797 0.169593 0.117028
0.215084 0.131213 0.118307 0.200396 0.169572 0.202447 0.215272 0.120199 0.132687 0.150175 0.194482 0.202025 0.170743 0.121193 0.181806 0.169136 0.168723 0.216824 0.143356 0.228412 0.13151 0.138961 0.212797 0.169593 0.117028
0.215084 0.131213 0.118307 0.200396 0.169572 0.202447 0.215272 0.120199 0.132687 0.150175 0.194482 0.202025 0.170743 0.121193 0.181806 0.169136 0.168723 0.216824 0.143356 0.228412 0.13151 0.138961 0.212797 0.169593 0.117028
0.215084 0.131213 0.118307 0.200396 0.169572 0.202447 0.215272 0.120199 0.132687 0.150175 0.194482 0.202025 0.170743 0.121193 0.181806 0.169136 0.168723 0.216824 0.143356 0.228412 0.13151 0.138961 0.212797 0.169593 0.117028
0.215084 0.131213 0.118307 0.200396 0.169572 0.202447 0.215272 0.120199 0.132687 0.150175 0.194482 0.202025 0.170743 0.121193 0.181806 0.169136 0.168723 0.216824 0.143356 0.228412 0.13151 0.138961 0.212797 0.169593 0.117028
0.215084 0.131213 0.118307 0.200396 0.169572 0.202447 0.215272 0.120199 0.132687 0.150175 0.194482 0.202025 0.170743 0.121193 0.181806 0.169136 0.168723 0.216824 0.143356 0.228412 0.13151 0.138961 0.212797 0.169593 0.117028
0.215084 0.131213 0.118307 0.200396 0.169572 0.202447 0.215272 0.120199 0.132687 0.150175 0.194482 0.202025 0.170743 0.121193 0.181806 0.169136 0.168723 0.216824 0.143356 0.228412 0.13151 0.138961 0.212797 0.169593 0.117028
0.215084 0.131213 0.118307 0.200396 0.169572 0.202447 0.215272 0.120199 0.132687 0.150175 0.194482 0.202025 0.170743 0.121193 0.181806 0.169136 0.168723 0.216824 0.143356 0.228412 0.13151 0.138961 0.212797 0.169593 0.117028
0.215084 0.131213 0.118307 0.200396 0.169572 0.202447 0.215272 0.120199 0.132687 0.150175 0.194482 0.202025 0.170743 0.121193 0.181806 0.169136 0.168723 0.216824 0.143356 0.228412 0.13151 0.138961 0.212797 0.169593 0.117028
0.215084 0.131213 0.118307 0.200396 0.169572 0.202447 0.215272 0.120199 0.132687 0.150175 0.194482 0.202025 0.170743 0.121193 0.181806 0.169136 0.168723 0.216824 0.143356 0.228412 0.13151 0.138961 0.212797 0.169593 0.117028
0.215084 0.131213 0.118307 0.200396 0.169572 0.202447 0.215272 0.120199 0.132687 0.150175 0.194482 0.202025 0.170743 0.121193 0.181806 0.169136 0.168723 0.216824 0.143356 0.228412 0.13151 0.138961 0.212797 0.169593 0.117028
0.215084 0.131213 0.118307 0.200396 0.169572 0.202447 0.215272 0.120199 0.132687 0.150175 0.194482 0.202025 0.170743 0.121193 0.181806 0.169136 0.168723 0.216824 0.143356 0.228412 0.13151 0.138961 0.212797 0.169593 0.117028
0.215084 0.131213 0.118307 0.200396 0.169572 0.202447 0.215272 0.120199 0.132687 0.150175 0.194482 0.202025 0.170743 0.121193 0.181806 0.169136 0.168723 0.216824 0.143356 0.228412 0.13151 0.138961 0.212797 0.169593 0.117028
0.215084 0.131213 0.118307 0.200396 0.169572 0.202447 0.215272 0.120199 0.132687 0.150175 0.194482 0.202025 0.170743 0.121193 0.181806 0.169136 0.168723 0.216824 0.143356 0.228412 0.13151 0.138961 0.212797 0.169593 0.117028
0.215084 0.131213 0.118307 0.200396 0.169572 0.202447 0.215272 0.120199 0.132687 0.150175 0.194482 0.202025 0.170743 0.121193 0.181806 0.169136 0.168723 0.216824 0.143356 0.228412 0.13151 0.138961 0.212797 0.169593 0.117028
0.215084 0.131213 0.118307 0.200396 0.169572 0.202447 0.215272 0.120199 0.132687 0.150175 0.194482 0.202025 0.170743 0.121193 0.181806 0.169136 0.168723 0.216824 0.143356 0.228412 0.13151 0.138961 0.212797 0.169593 0.117028
0.215084 0.131213 0.118307 0.200396 0.169572 0.202447 0.215272 0.120199 0.132687 0.150175 0.194482 0.202025 0.170743 0.121193 0.181806 0.169136 0.168723 0.216824 0.143356 0.228412 0.13151 0.138961 0.212797 0.169593 0.117028
0.215084 0.131213 0.118307 0.200396 0.169572 0.202447 0.215272 0.120199 0.132687 0.150175 0.194482 0.202025 0.170743 0.121193 0.181806 0.169136 0.168723 0.216824 0.143356 0.228412 0.13151 0.138961 0.212797 0.169593 0.117028
0.215084 0.131213 0.118307 0.200396 0.169572 0.202447 0.215272 0.120199 0.132687 0.150175 0.194482 0.202025 0.170743 0.121193 0.181806 0.169136 0.168723 0.216824 0.143356 0.228412 0.13151 0.138961 0.212797 0.169593 0.117028
0.215084 0.131213 0.118307 0.200396 0.169572 0.202447 0.215272 0.120199 0.132687 0.150175 0.194482 0.202025 0.170743 0.121193 0.181806 0.169136 0.168723 0.216824 0.143356 0.228412 0.13151 0.138961 0.212797 0.169593 0.117028
0.215084 0.131213 0.118307 0.200396 0.169572 0.202447 0.215272 0.120199 0.132687 0.150175 0.194482 0.202025 0.170743 0.121193 0.181806 0.169136 0.168723 0.216824 0.143356 0.228412 0.13151 0.138961 0.212797 0.169593 0.117028
0.215084 0.131213 0.118307 0.200396 0.169572 0.202447 0.215272 0.120199 0.132687 0.150175 0.194482 0.202025 0.170743 0.121193 0.181806 0.169136 0.168723 0.216824 0.143356 0.228412 0.13151 0.138961 0.212797 0.169593 0.117028
0.215084 0.131213 0.118307 0.200396 0.169572 0.202447 0.215272 0.120199 0.132687 0.150175 0.194482 0.202025 0.170743 0.121193 0.181806 0.169136 0.168723 0.216824 0.143356 0.228412 0.13151 0.138961 0.212797 0.169593 0.117028
0.215084 0.131213 0.118307 0.200396 0.169572 0.202447 0.215272 0.120199 0.132687 0.150175 0.194482 0.202025 0.170743 0.121193 0.181806 0.169136 0.168723 0.216824 0.143356 0.228412 0.13151 0.138961 0.212797 0.169593 0.117028
0.215084 0.131213 0.118307 0.200396 0.169572 0.202447 0.215272 0.120199 0.132687 0.150175 0.194482 0.202025 0.170743 0.121193 0.181806 0.169136 0.168723 0.216824 0.143356 0.228412 0.13151 0.138961 0.212797 0.169593 0.117028
0.215084 0.131213 0.118307 0.200396 0.169572 0.202447 0.215272 0.120199 0.132687 0.150175 0.194482 0.202025 0.170743 0.121193 0.181806 0.169136 0.168723 0.216824 0.143356 0.228412 0.13151 0.138961 0.212797 0.169593 0.117028
0.215084 0.131213 0.118307 0.200396 0.169572 0.202447 0.215272 0.120199 0.132687 0.150175 0.194482 0.202025 0.170743 0.121193 0.181806 0.169136 0.168723 0.216824 0.143356 0.228412 0.13151 0.138961 0.212797 0.169593 0.117028
0.215084 0.131213 0.118307 0.200396 0.169572 0.202447 0.215272 0.120199 0.132687 0.150175 0.194482 0.202025 0.170743 0.121193 0.181806 0.169136 0.168723 0.216824 0.143356 0.228412 0.13151 0.138961 0.212797 0.169593 0.117028
0.215084 0.131213 0.118307 0.200396 0.169572 0.202447 0.215272 0.120199 0.132687 0.150175 0.194482 0.202025 0.170743 0.121193 0.181806 0.169136 0.168723 0.216824 0.143356 0.228412 0.13151 0.138961 0.212797 0.169593 0.117028
0.215084 0.131213 0.118307 0.200396 0.169572 0.202447 0.215272 0.120199 0.132687 0.150175 0.194482 0.202025 0.170743 0.121193 0.181806 0.169136 0.168723 0.216824 0.143356 0.228412 0.13151 0.138961 0.212797 0.169593 0.117028
0.215084 0.131213 0.118307 0.200396 0.169572 0.202447 0.215272 0.120199 0.132687 0.150175 0.194482 0.202025 0.170743 0.121193 0.181806 0.169136 0.168723 0.216824 0.143356 0.228412 0.13151 0.138961 0.212797 0.169593 0.117028
0.215084 0.131213 0.118307 0.200396 0.169572 0.202447 0.215272 0.120199 0.132687 0.150175 0.194482 0.202025 0.170743 0.121193 0.181806 0.169136 0.168723 0.216824 0.143356 0.228412 0.13151 0.138961 0.212797 0.169593 0.117028
0.215084 0.131213 0.118307 0.200396 0.169572 0.202447 0.215272 0.120199 0.132687 0.150175 0.194482 0.202025 0.170743 0.121193 0.181806 0.169136 0.168723 0.216824 0.143356 0.228412 0.13151 0.138961 0.212797 0.169593 0.117028
0.215084 0.131213 0.118307 0.200396 0.169572 0.202447 0.215272 0.120199 0.132687 0.150175 0.194482 0.202025 0.170743 0.121193 0.181806 0.169136 0.168723 0.216824 0.143356 0.228412 0.13151 0.138961 0.212797 0.169593 0.117028
0.215084 0.131213 0.118307 0.200396 0.169572 0.202447 0.215272 0.120199 0.132687 0.150175 0.194482 0.202025 0.170743 0.121193 0.181806 0.169136 0.168723 0.216824 0.143356 0.228412 0.13151 0.138961 0.212797 0.169593 0.117028
0.215084 0.131213 0.118307 0.200396 0.169572 0.202447 0.215272 0.120199 0.132687 0.150175 0.194482 0.202025 0.170743 0.121193 0.181806 0.169136 0.168723 0.216824 0.143356 0.228412 0.13151 0.138961 0.212797 0.169593 0.117028
0.215084 0.131213 0.118307 0.200396 0.169572 0.202447 0.215272 0.120199 0.132687 0.150175 0.194482 0.202025 0.170743 0.121193 0.181806 0.169136 0.168723 0.216824 0.143356 0.228412 0.13151 0.138961 0.212797 0.169593 0.117028
0.215084 0.131213 0.118307 0.200396 0.169572 0.202447 0.215272 0.120199 0.132687 0.150175 0.194482 0.202025 0.170743 0.121193 0.181806 0.169136 0.168723 0.216824 0.143356 0.228412 0.13151 0.138961 0.212797 0.169593 0.117028
0.215084 0.131213 0.118307 0.200396 0.169572 0.202447 0.215272 0.120199 0.132687 0.150175 0.194482 0.202025 0.170743 0.121193 0.181806 0.169136 0.168723 0.216824 0.143356 0.228412 0.13151 0.138961 0.212797 0.169593 0.117028
0.215084 0.131213 0.118307 0.200396 0.169572 0.202447 0.215272 0.120199 0.132687 0.150175 0.194482 0.202025 0.170743 0.121193 0.181806 0.169136 0.168723 0.216824 0.143356 0.228412 0.13151 0.138961 0.212797 0.169593 0.117028
0.215084 0.131213 0.118307 0.200396 0.169572 0.202447 0.215272 0.120199 0.132687 0.150175 0.194482 0.202025 0.170743 0.121193 0.181806 0.169136 0.168723 0.216824 0.143356 0.228412 0.13151 0.138961 0.212797 0.169593 0.117028
0.215084 0.131213 0.118307 0.200396 0.169572 0.202447 0.215272 0.120199 0.132687 0.150175 0.194482 0.202025 0.170743 0.121193 0.181806 0.169136 0.168723 0.216824 0.143356 0.228412 0.13151 0.138961 0.212797 0.169593 0.117028
0.215084 0.131213 0.118307 0.200396 0.169572 0.202447 0.215272 0.120199 0.132687 0.150175 0.194482 0.202025 0.170743 0.121193 0.181806 0.169136 0.168723 0.216824 0.143356 0.228412 0.13151 0.138961 0.212797 0.169593 0.117028
0.215084 0.131213 0.118307 0.200396 0.169572 0.202447 0.215272 0.120199 0.132687 0.150175 0.194482 0.202025 0.170743 0.121193 0.181806 0.169136 0.168723 0.216824 0.143356 0.228412 0.13151 0.138961 0.212797 0.169593 0.117028
0.215084 0.131213 0.118307 0.200396 0.169572 0.202447 0.215272 0.120199 0.132687 0.150175 0.194482 0.202025 0.170743 0.121193 0.181806 0.169136 0.168723 0.216824 0.143356 0.228412 0.13151 0.138961 0.212797 0.169593 0.117028
0.215084 0.131213 0.118307 0.200396 0.169572 0.202447 0.215272 0.120199 0.132687 0.150175 0.194482 0.202025 0.170743 0.121193 0.181806 0.169136 0.168723 0.216824 0.143356 0.228412 0.13151 0.138961 0.212797 0.169593 0.117028
0.215084 0.131213 0.118307 0.200396 0.169572 0.202447 0.215272 0.120199 0.132687 0.150175 0.194482 0.202025 0.170743 0.121193 0.181806 0.169136 0.168723 0.216824 0.143356 0.228412 0.13151 0.138961 0.212797 0.169593 0.117028
0.215084 0.131213 0.118307 0.200396 0.169572 0.202447 0.215272 0.120199 0.132687 0.150175 0.194482 0.202025 0.170743 0.121193 0.181806 0.169136 0.168723 0.216824 0.143356 0.228412 0.13151 0.138961 0.212797 0.169593 0.117028
0.215084 0.131213 0.118307 0.200396 0.169572 0.202447 0.215272 0.120199 0.132687 0.150175 0.194482 0.202025 0.170743 0.121193 0.181806 0.169136 0.168723 0.216824 0.143356 0.228412 0.13151 0.138961 0.212797 0.169593 0.117028
0.215084 0.131213 0.118307 0.200396 0.169572 0.202447 0.215272 0.120199 0.132687 0.150175 0.194482 0.202025 0.170743 0.121193 0.181806 0.169136 0.168723 0.216824 0.143356 0.228412 0.13151 0.138961 0.212797 0.169593 0.117028
0.215084 0.131213 0.118307 0.200396 0.169572 0.202447 0.215272 0.120199 0.132687 0.150175 0.194482 0.202025 0.170743 0.121193 0.181806 0.169136 0.168723 0.216824 0.143356 0.228412 0.13151 0.138961 0.212797 0.169593 0.117028
0.215084 0.131213 0.118307 0.200396 0.169572 0.202447 0.215272 0.120199 0.132687 0.150175 0.194482 0.202025 0.170743 0.121193 0.181806 0.169136 0.168723 0.216824 0.143356 0.228412 0.13151 0.138961 0.212797 0.169593 0.117028
0.215084 0.131213 0.118307 0.200396 0.169572 0.202447 0.215272 0.120199 0.132687 0.150175 0.194482 0.202025 0.170743 0.121193 0.181806 0.169136 0.168723 0.216824 0.143356 0.228412 0.13151 0.138961 0.212797 0.169593 0.117028
0.215084 0.131213 0.118307 0.200396 0.169572 0.202447 0.215272 0.120199 0.132687 0.150175 0.194482 0.202025 0.170743 0.121193 0.181806 0.169136 0.168723 0.216824 0.143356 0.228412 0.13151 0.138961 0.212797 0.169593 0.117028
0.215084 0.131213 0.118307 0.200396 0.169572 0.202447 0.215272 0.120199 0.132687 0.150175 0.194482 0.202025 0.170743 0.121193 0.181806 0.169136 0.168723 0.216824 0.143356 0.228412 0.13151 0.138961 0.212797 0.169593 0.117028
0.215084 0.131213 0.118307 0.200396 0.169572 0.202447 0.215272 0.120199 0.132687 0.150175 0.194482 0.202025 0.170743 0.121193 0.181806 0.169136 0.168723 0.216824 0.143356 0.228412 0.13151 0.138961 0.212797 0.169593 0.117028
0.215084 0.131213 0.118307 0.200396 0.169572 0.202447 0.215272 0.120199 0.132687 0.150175 0.194482 0.202025 0.170743 0.121193 0.181806 0.169136 0.168723 0.216824 0.143356 0.228412 0.13151 0.138961 0.212797 0.169593 0.117028
0.215084 0.131213 0.118307 0.200396 0.169572 0.202447 0.215272 0.120199 0.132687 0.150175 0.194482 0.202025 0.170743 0.121193 0.181806 0.169136 0.168723 0.216824 0.143356 0.228412 0.13151 0.138961 0.212797 0.169593 0.117028
0.215084 0.131213 0.118307 0.200396 0.169572 0.202447 0.215272 0.120199 0.132687 0.150175 0.194482 0.202025 0.170743 0.121193 0.181806 0.169136 0.168723 0.216824 0.143356 0.228412 0.13151 0.138961 0.212797 0.169593 0.117028
0.215084 0.131213 0.118307 0.200396 0.169572 0.202447 0.215272 0.120199 0.132687 0.150175 0.194482 0.202025 0.170743 0.121193 0.181806 0.169136 0.168723 0.216824 0.143356 0.228412 0.13151 0.138961 0.212797 0.169593 0.117028
0.215084 0.131213 0.118307 0.200396 0.169572 0.202447 0.215272 0.120199 0.132687 0.150175 0.194482 0.202025 0.170743 0.121193 0.181806 0.169136 0.168723 0.216824 0.143356 0.228412 0.13151 0.138961 0.212797 0.169593 0.117028
0.215084 0.131213 0.118307 0.200396 0.169572 0.202447 0.215272 0.120199 0.132687 0.150175 0.194482 0.202025 0.170743 0.121193 0.181806 0.169136 0.168723 0.216824 0.143356 0.228412 0.13151 0.138961 0.212797 0.169593 0.117028
0.215084 0.131213 0.118307 0.200396 0.169572 0.202447 0.215272 0.120199 0.132687 0.150175 0.194482 0.202025 0.170743 0.121193 0.181806 0.169136 0.168723 0.216824 0.143356 0.228412 0.13151 0.138961 0.212797 0.169593 0.117028
0.215084 0.131213 0.118307 0.200396 0.169572 0.202447 0.215272 0.120199 0.132687 0.150175 0.194482 0.202025 0.170743 0.121193 0.181806 0.169136 0.168723 0.216824 0.143356 0.228412 0.13151 0.138961 0.212797 0.169593 0.117028
0.215084 0.131213 0.118307 0.200396 0.169572 0.202447 0.215272 0.120199 0.132687 0.150175 0.194482 0.202025 0.170743 0.121193 0.181806 0.169136 0.168723 0.216824 0.143356 0.228412 0.13151 0.138961 0.212797 0.169593 0.117028
0.215084 0.131213 0.118307 0.200396 0.169572 0.202447 0.215272 0.120199 0.132687 0.150175 0.194482 0.202025 0.170743 0.121193 0.181806 0.169136 0.168723 0.216824 0.143356 0.228412 0.13151 0.138961 0.212797 0.169593 0.117028
0.215084 0.131213 0.118307 0.200396 0.169572 0.202447 0.215272 0.120199 0.132687 0.150175 0.194482 0.202025 0.170743 0.121193 0.181806 0.169136 0.168723 0.216824 0.143356 0.228412 0.13151 0.138961 0.212797 0.169593 0.117028
0.215084 0.131213 0.118307 0.200396 0.169572 0.202447 0.215272 0.120199 0.132687 0.150175 0.194482 0.202025 0.170743 0.121193 0.181806 0.169136 0.168723 0.216824 0.143356 0.228412 0.13151 0.138961 0.212797 0.169593 0.117028
0.215084 0.131213 0.118307 0.200396 0.169572 0.202447 0.215272 0.120199 0.132687 0.150175 0.194482 0.202025 0.170743 0.121193 0.181806 0.169136 0.168723 0.216824 0.143356 0.228412 0.13151 0.138961 0.212797 0.169593 0.117028
0.215084 0.131213 0.118307 0.200396 0.169572 0.202447 0.215272 0.120199 0.132687 0.150175 0.194482 0.202025 0.170743 0.121193 0.181806 0.169136 0.168723 0.216824 0.143356 0.228412 0.13151 0.138961 0.212797 0.169593 0.117028
0.215084 0.131213 0.118307 0.200396 0.169572 0.202447 0.215272 0.120199 0.132687 0.150175 0.194482 0.202025 0.170743 0.121193 0.181806 0.169136 0.168723 0.216824 0.143356 0.228412 0.13151 0.138961 0.212797 0.169593 0.117028
0.215084 0.131213 0.118307 0.200396 0.169572 0.202447 0.215272 0.120199 0.132687 0.150175 0.194482 0.202025 0.170743 0.121193 0.181806 0.169136 0.168723 0.216824 0.143356 0.228412 0.13151 0.138961 0.212797 0.169593 0.117028
0.215084 0.131213 0.118307 0.200396 0.169572 0.202447 0.215272 0.120199 0.132687 0.150175 0.194482 0.202025 0.170743 0.121193 0.181806 0.169136 0.168723 0.216824 0.143356 0.228412 0.13151 0.138961 0.212797 0.169593 0.117028
0.215084 0.131213 0.118307 0.200396 0.169572 0.202447 0.215272 0.120199 0.132687 0.150175 0.194482 0.202025 0.170743 0.121193 0.181806 0.169136 0.168723 0.216824 0.143356 0.228412 0.13151 0.138961 0.212797 0.169593 0.117028
0.215084 0.131213 0.118307 0.200396 0.169572 0.202447 0.215272 0.120199 0.132687 0.150175 0.194482 0.202025 0.170743 0.121193 0.181806 0.169136 0.168723 0.216824 0.143356 0.228412 0.13151 0.138961 0.212797 0.169593 0.117028
0.215084 0.131213 0.118307 0.200396 0.169572 0.202447 0.215272 0.120199 0.132687 0.150175 0.194482 0.202025 0.170743 0.121193 0.181806 0.169136 0.168723 0.216824 0.143356 0.228412 0.13151 0.138961 0.212797 0.169593 0.117028
0.215084 0.131213 0.118307 0.200396 0.169572 0.202447 0.215272 0.120199 0.132687 0.150175 0.194482 0.202025 0.170743 0.121193 0.181806 0.169136 0.168723 0.216824 0.143356 0.228412 0.13151 0.138961 0.212797 0.169593 0.117028
0.215084 0.131213 0.118307 0.200396 0.169572 0.202447 0.215272 0.120199 0.132687 0.150175 0.194482 0.202025 0.170743 0.121193 0.181806 0.169136 0.168723 0.216824 0.143356 0.228412 0.13151 0.138961 0.212797 0.169593 0.117028
0.215084 0.131213 0.118307 0.200396 0.169572 0.202447 0.215272 0.120199 0.132687 0.150175 0.194482 0.202025 0.170743 0.121193 0.181806 0.169136 0.168723 0.216824 0.143356 0.228412 0.13151 0.138961 0.212797 0.169593 0.117028
0.215084 0.131213 0.118307 0.200396 0.169572 0.202447 0.215272 0.120199 0.132687 0.150175 0.194482 0.202025 0.170743 0.121193 0.181806 0.169136 0.168723 0.216824 0.143356 0.228412 0.13151 0.138961 0.212797 0.169593 0.117028
0.215084 0.131213 0.118307 0.200396 0.169572 0.202447 0.215272 0.120199 0.132687 0.150175 0.194482 0.202025 0.170743 0.121193 0.181806 0.169136 0.168723 0.216824 0.143356 0.228412 0.13151 0.138961 0.212797 0.169593 0.117028
0.215084 0.131213 0.118307 0.200396 0.169572 0.202447 0.215272 0.120199 0.132687 0.150175 0.194482 0.202025 0.170743 0.121193 0.181806 0.169136 0.168723 0.216824 0.143356 0.228412 0.13151 0.138961 0.212797 0.169593 0.117028
0.215084 0.131213 0.118307 0.200396 0.169572 0.202447 0.215272 0.120199 0.132687 0.150175 0.194482 0.202025 0.170743 0.121193 0.181806 0.169136 0.168723 0.216824 0.143356 0.228412 0.13151 0.138961 0.212797 0.169593 0.117028
0.215084 0.131213 0.118307 0.200396 0.169572 0.202447 0.215272 0.120199 0.132687 0.150175 0.194482 0.202025 0.170743 0.121193 0.181806 0.169136 0.168723 0.216824 0.143356 0.228412 0.13151 0.138961 0.212797 0.169593 0.117028
0.215084 0.131213 0.118307 0.200396 0.169572 0.202447 0.215272 0.120199 0.132687 0.150175 0.194482 0.202025 0.170743 0.121193 0.181806 0.169136 0.168723 0.216824 0.143356 0.228412 0.13151 0.138961 0.212797 0.169593 0.117028
0.215084 0.131213 0.118307 0.200396 0.169572 0.202447 0.215272 0.120199 0.132687 0.150175 0.194482 0.202025 0.170743 0.121193 0.181806 0.169136 0.168723 0.216824 0.143356 0.228412 0.13151 0.138961 0.212797 0.169593 0.117028
0.215084 0.131213 0.118307 0.200396 0.169572 0.202447 0.215272 0.120199 0.132687 0.150175 0.194482 0.202025 0.170743 0.121193 0.181806 0.169136 0.168723 0.216824 0.143356 0.228412 0.13151 0.138961 0.212797 0.169593 0.117028
0.215084 0.131213 0.118307 0.200396 0.169572 0.202447 0.215272 0.120199 0.132687 0.150175 0.194482 0.202025 0.170743 0.121193 0.181806 0.169136 0.168723 0.216824 0.143356 0.228412 0.13151 0.138961 0.212797 0.169593 0.117028
0.215084 0.131213 0.118307 0.200396 0.169572 0.202447 0.215272 0.120199 0.132687 0.150175 0.194482 0.202025 0.170743 0.121193 0.181806 0.169136 0.168723 0.216824 0.143356 0.228412 0.13151 0.138961 0.212797 0.169593 0.117028
0.215084 0.131213 0.118307 0.200396 0.169572 0.202447 0.215272 0.120199 0.132687 0.150175 0.194482 0.202025 0.170743 0.121193 0.181806 0.169136 0.168723 0.216824 0.143356 0.228412 0.13151 0.138961 0.212797 0.169593 0.117028
0.215084 0.131213 0.118307 0.200396 0.169572 0.202447 0.215272 0.120199 0.132687 0.150175 0.194482 0.202025 0.170743 0.121193 0.181806 0.169136 0.168723 0.216824 0.143356 0.228412 0.13151 0.138961 0.212797 0.169593 0.117028
0.215084 0.131213 0.118307 0.200396 0.169572 0.202447 0.215272 0.120199 0.132687 0.150175 0.194482 0.202025 0.170743 0.121193 0.181806 0.169136 0.168723 0.216824 0.143356 0.228412 0.13151 0.138961 0.212797 0.169593 0.117028
0.215084 0.131213 0.118307 0.200396 0.169572 0.202447 0.215272 0.120199 0.132687 0.150175 0.194482 0.202025 0.170743 0.121193 0.181806 0.169136 0.168723 0.216824 0.143356 0.228412 0.13151 0.138961 0.212797 0.169593 0.117028
0.215084 0.131213 0.118307 0.200396 0.169572 0.202447 0.215272 0.120199 0.132687 0.150175 0.194482 0.202025 0.170743 0.121193 0.181806 0.169136 0.168723 0.216824 0.143356 0.228412 0.13151 0.138961 0.212797 0.169593 0.117028
0.215084 0.131213 0.118307 0.200396 0.169572 0.202447 0.215272 0.120199 0.132687 0.150175 0.194482 0.202025 0.170743 0.121193 0.181806 0.169136 0.168723 0.216824 0.143356 0.228412 0.13151 0.138961 0.212797 0.169593 0.117028
0.215084 0.131213 0.118307 0.200396 0.169572 0.202447 0.215272 0.120199 0.132687 0.150175 0.194482 0.202025 0.170743 0.121193 0.181806 0.169136 0.168723 0.216824 0.143356 0.228412 0.13151 0.138961 0.212797 0.169593 0.117028
0.215084 0.131213 0.118307 0.200396 0.169572 0.202447 0.215272 0.120199 0.132687 0.150175 0.194482 0.202025 0.170743 0.121193 0.181806 0.169136 0.168723 0.216824 0.143356 0.228412 0.13151 0.138961 0.212797 0.169593 0.117028
0.215084 0.131213 0.118307 0.200396 0.169572 0.202447 0.215272 0.120199 0.132687 0.150175 0.194482 0.202025 0.170743 0.121193 0.181806 0.169136 0.168723 0.216824 0.143356 0.228412 0.13151 0.138961 0.212797 0.169593 0.117028
0.215084 0.131213 0.118307 0.200396 0.169572 0.202447 0.215272 0.120199 0.132687 0.150175 0.194482 0.202025 0.170743 0.121193 0.181806 0.169136 0.168723 0.216824 0.143356 0.228412 0.13151 0.138961 0.212797 0.169593 0.117028
0.215084 0.131213 0.118307 0.200396 0.169572 0.202447 0.215272 0.120199 0.132687 0.150175 0.194482 0.202025 0.170743 0.121193 0.181806 0.169136 0.168723 0.216824 0.143356 0.228412 0.13151 0.138961 0.212797 0.169593 0.117028
0.215084 0.131213 0.118307 0.200396 0.169572 0.202447 0.215272 0.120199 0.132687 0.150175 0.194482 0.202025 0.170743 0.121193 0.181806 0.169136 0.168723 0.216824 0.143356 0.228412 0.13151 0.138961 0.212797 0.169593 0.117028
0.215084 0.131213 0.118307 0.200396 0.169572 0.202447 0.215272 0.120199 0.132687 0.150175 0.194482 0.202025 0.170743 0.121193 0.181806 0.169136 0.168723 0.216824 0.143356 0.228412 0.13151 0.138961 0.212797 0.169593 0.117028
0.215084 0.131213 0.118307 0.200396 0.169572 0.202447 0.215272 0.120199 0.132687 0.150175 0.194482 0.202025 0.170743 0.121193 0.181806 0.169136 0.168723 0.216824 0.143356 0.228412 0.13151 0.138961 0.212797 0.169593 0.117028
0.215084 0.131213 0.118307 0.200396 0.169572 0.202447 0.215272 0.120199 0.132687 0.150175 0.194482 0.202025 0.170743 0.121193 0.181806 0.169136 0.168723 0.216824 0.143356 0.228412 0.13151 0.138961 0.212797 0.169593 0.117028
0.215084 0.131213 0.118307 0.200396 0.169572 0.202447 0.215272 0.120199 0.132687 0.150175 0.194482 0.202025 0.170743 0.121193 0.181806 0.169136 0.168723 0.216824 0.143356 0.228412 0.13151 0.138961 0.212797 0.169593 0.117028
0.215084 0.131213 0.118307 0.200396 0.169572 0.202447 0.215272 0.120199 0.132687 0.150175 0.194482 0.202025 0.170743 0.121193 0.181806 0.169136 0.168723 0.216824 0.143356 0.228412 0.13151 0.138961 0.212797 0.169593 0.117028
0.215084 0.131213 0.118307 0.200396 0.169572 0.202447 0.215272 0.120199 0.132687 0.150175 0.194482 0.202025 0.170743 0.121193 0.181806 0.169136 0.168723 0.216824 0.143356 0.228412 0.13151 0.138961 0.212797 0.169593 0.117028
0.215084 0.131213 0.118307 0.200396 0.169572 0.202447 0.215272 0.120199 0.132687 0.150175 0.194482 0.202025 0.170743 0.121193 0.181806 0.169136 0.168723 0.216824 0.143356 0.228412 0.13151 0.138961 0.212797 0.169593 0.117028
0.215084 0.131213 0.118307 0.200396 0.169572 0.202447 0.215272 0.120199 0.132687 0.150175 0.194482 0.202025 0.170743 0.121193 0.181806 0.169136 0.168723 0.216824 0.143356 0.228412 0.13151 0.138961 0.212797 0.169593 0.117028
0.215084 0.131213 0.118307 0.200396 0.169572 0.202447 0.215272 0.120199 0.132687 0.150175 0.194482 0.202025 0.170743 0.121193 0.181806 0.169136 0.168723 0.216824 0.143356 0.228412 0.13151 0.138961 0.212797 0.169593 0.117028
0.215084 0.131213 0.118307 0.200396 0.169572 0.202447 0.215272 0.120199 0.132687 0.150175 0.194482 0.202025 0.170743 0.121193 0.181806 0.169136 0.168723 0.216824 0.143356 0.228412 0.13151 0.138961 0.212797 0.169593 0.117028
0.215084 0.131213 0.118307 0.200396 0.169572 0.202447 0.215272 0.120199 0.132687 0.150175 0.194482 0.202025 0.170743 0.121193 0.181806 0.169136 0.168723 0.216824 0.143356 0.228412 0.13151 0.138961 0.212797 0.169593 0.117028
0.215084 0.131213 0.118307 0.200396 0.169572 0.202447 0.215272 0.120199 0.132687 0.150175 0.194482 0.202025 0.170743 0.121193 0.181806 0.169136 0.168723 0.216824 0.143356 0.228412 0.13151 0.138961 0.212797 0.169593 0.117028
0.215084 0.131213 0.118307 0.200396 0.169572 0.202447 0.215272 0.120199 0.132687 0.150175 0.194482 0.202025 0.170743 0.121193 0.181806 0.169136 0.168723 0.216824 0.143356 0.228412 0.13151 0.138961 0.212797 0.169593 0.117028
0.215084 0.131213 0.118307 0.200396 0.169572 0.202447 0.215272 0.120199 0.132687 0.150175 0.194482 0.202025 0.170743 0.121193 0.181806 0.169136 0.168723 0.216824 0.143356 0.228412 0.13151 0.138961 0.212797 0.169593 0.117028
0.215084 0.131213 0.118307 0.200396 0.169572 0.202447 0.215272 0.120199 0.132687 0.150175 0.194482 0.202025 0.170743 0.121193 0.181806 0.169136 0.168723 0.216824 0.143356 0.228412 0.13151 0.138961 0.212797 0.169593 0.117028
0.215084 0.131213 0.118307 0.200396 0.169572 0.202447 0.215272 0.120199 0.132687 0.150175 0.194482 0.202025 0.170743 0.121193 0.181806 0.169136 0.168723 0.216824 0.143356 0.228412 0.13151 0.138961 0.212797 0.169593 0.117028
