0.242755 0.299077 0.272707 0.132978 0.153604 0.235024 0.208757 0.249224 0.283042 0.400493 0.160405 0.144895 0.159664 0.200258 0.252604 0.201585 0.158521 0.209811 0.197384 0.330872 0.21203 0.479873 0.209744 0.159014 0.197691
0.315261 0.328889 0.273294 0.328885 0.270097 0.343423 0.357485 0.352052 0.349806 0.281341 0.247348 0.309437 0.24604 0.31427 0.358712 0.282039 0.244026 0.359025 0.299058 0.310039 0.30287 0.329942 0.283418 0.244894 0.328464
0.290189 0.354695 0.298721 0.202751 0.245864 0.268354 0.278649 0.302393 0.326651 0.427779 0.216538 0.206692 0.215264 0.256013 0.276424 0.281522 0.213304 0.279896 0.24727 0.357437 0.26157 0.476439 0.274114 0.214148 0.233477
0.302597 0.331401 0.257176 0.301999 0.251655 0.316366 0.34462 0.34301 0.344573 0.286801 0.231808 0.261345 0.23045 0.303862 0.346801 0.262789 0.22836 0.346072 0.267456 0.315074 0.292996 0.36646 0.269837 0.229261 0.294176
0.294505 0.361655 0.278925 0.221343 0.259391 0.272323 0.305736 0.322966 0.336883 0.401909 0.221894 0.214375 0.22057 0.266523 0.28065 0.286818 0.218532 0.30706 0.248668 0.354861 0.265191 0.45364 0.279642 0.21941 0.234785
0.29949 0.344124 0.250752 0.287902 0.255049 0.301032 0.345906 0.345406 0.348343 0.297536 0.229144 0.238865 0.227788 0.302089 0.333759 0.2635 0.225702 0.347341 0.254176 0.325081 0.289127 0.390155 0.272852 0.226601 0.272317
0.295237 0.366545 0.262678 0.23235 0.26463 0.271606 0.323558 0.337085 0.34363 0.376416 0.223324 0.212328 0.221992 0.275202 0.284443 0.284479 0.219942 0.324924 0.24514 0.354337 0.268045 0.444213 0.281621 0.220825 0.232064
0.297363 0.355897 0.244399 0.277237 0.260625 0.289253 0.350652 0.35131 0.35245 0.302889 0.227808 0.22528 0.226457 0.301297 0.321276 0.266315 0.224378 0.352085 0.24629 0.334233 0.285304 0.405817 0.277028 0.225274 0.255508
0.294639 0.372148 0.250543 0.23934 0.268451 0.268914 0.337412 0.348326 0.349185 0.354358 0.22396 0.208514 0.222625 0.282982 0.2863 0.281661 0.220571 0.338804 0.241235 0.355341 0.270205 0.441678 0.283471 0.221456 0.228102
0.295238 0.366173 0.238391 0.268924 0.265995 0.279342 0.356451 0.358446 0.355966 0.303421 0.226827 0.21602 0.22548 0.301513 0.310491 0.268887 0.223408 0.357888 0.241067 0.34222 0.281814 0.418195 0.280736 0.224301 0.242256
0.293135 0.378153 0.241324 0.243454 0.271956 0.265056 0.348907 0.358151 0.353752 0.335475 0.224235 0.204898 0.222899 0.289692 0.286246 0.2794 0.220843 0.350319 0.237898 0.357204 0.271278 0.44294 0.285316 0.221729 0.223671
0.29284 0.375207 0.233059 0.262412 0.27089 0.270685 0.362566 0.365989 0.358811 0.30042 0.226041 0.209402 0.224698 0.302643 0.301379 0.270838 0.222631 0.364007 0.237433 0.349004 0.278587 0.429083 0.28384 0.223521 0.231745
0.290955 0.384193 0.2342 0.24552 0.275422 0.260474 0.358744 0.367211 0.357376 0.319194 0.224292 0.201914 0.222956 0.295451 0.284748 0.277742 0.2209 0.360172 0.235285 0.359486 0.271238 0.446638 0.287089 0.221786 0.219159
0.290096 0.383205 0.228474 0.257272 0.275392 0.262958 0.368717 0.373664 0.361021 0.295027 0.225392 0.204616 0.224052 0.304476 0.293671 0.272175 0.221989 0.370163 0.23483 0.354632 0.275431 0.439203 0.286426 0.222878 0.22336
0.288258 0.39005 0.228619 0.246185 0.278939 0.255481 0.367336 0.375828 0.36012 0.305003 0.22421 0.199583 0.222875 0.300462 0.282279 0.27654 0.220819 0.368775 0.233303 0.361865 0.27018 0.452033 0.288755 0.221705 0.214798
0.28702 0.390303 0.224579 0.253179 0.279635 0.255957 0.374779 0.381395 0.362641 0.288155 0.224845 0.201173 0.223507 0.306812 0.287091 0.272988 0.221447 0.376231 0.232912 0.359183 0.272176 0.448904 0.288602 0.222335 0.216616
0.285165 0.3956 0.224188 0.245948 0.282546 0.250304 0.374968 0.38418 0.362067 0.292502 0.224041 0.197823 0.222707 0.304918 0.279223 0.275631 0.220652 0.376417 0.231786 0.364103 0.26823 0.458645 0.290303 0.221538 0.210723
0.283666 0.396603 0.221278 0.249897 0.28373 0.249546 0.380688 0.389172 0.363713 0.280505 0.224374 0.198731 0.223038 0.309495 0.281408 0.273378 0.220982 0.382146 0.231439 0.362745 0.268703 0.458373 0.290458 0.221868 0.211139
0.281775 0.400773 0.220617 0.245189 0.286251 0.245107 0.381856 0.392377 0.363302 0.281399 0.223819 0.196535 0.222486 0.308982 0.275867 0.274882 0.220433 0.383313 0.230571 0.366024 0.265517 0.466124 0.291735 0.221318 0.207006
0.280096 0.402186 0.218467 0.247258 0.287759 0.243629 0.386413 0.396998 0.364276 0.272591 0.223962 0.197038 0.222628 0.312419 0.276435 0.273429 0.220575 0.387875 0.230228 0.365401 0.264944 0.467715 0.292067 0.221459 0.206648
0.278171 0.405528 0.217689 0.244184 0.290053 0.240001 0.388162 0.400491 0.36391 0.271486 0.223568 0.195631 0.222236 0.312784 0.272409 0.274192 0.220185 0.389625 0.229515 0.367509 0.262162 0.474208 0.293058 0.221069 0.203674
0.276374 0.407121 0.21605 0.245143 0.291768 0.238139 0.391937 0.404879 0.364371 0.264779 0.223595 0.195909 0.222262 0.315511 0.272026 0.273208 0.220211 0.393405 0.22914 0.367227 0.260877 0.476983 0.293481 0.221095 0.202932
0.274427 0.409846 0.215241 0.243121 0.293936 0.235059 0.394008 0.40857 0.363969 0.26261 0.223304 0.195036 0.221972 0.316427 0.268979 0.273495 0.219923 0.395477 0.228503 0.368489 0.258279 0.482689 0.294279 0.220806 0.200729
0.272561 0.41147 0.213947 0.243463 0.295782 0.233022 0.397256 0.412815 0.364036 0.257309 0.223262 0.195201 0.221931 0.318729 0.268067 0.272767 0.219882 0.398729 0.228072 0.368295 0.25651 0.486194 0.294741 0.220765 0.199835
0.270608 0.413727 0.213153 0.242122 0.297881 0.230323 0.399483 0.41664 0.363551 0.254659 0.223036 0.19469 0.221706 0.31999 0.26565 0.272747 0.219659 0.400957 0.227452 0.36893 0.253972 0.491411 0.295408 0.220541 0.198155
0.26871 0.415292 0.212094 0.242151 0.299805 0.228239 0.402371 0.420804 0.363315 0.250326 0.222956 0.19481 0.221626 0.322052 0.264468 0.272146 0.21958 0.403848 0.226944 0.368677 0.251878 0.495342 0.295877 0.220462 0.197241
0.26677 0.417186 0.211334 0.241257 0.301864 0.225813 0.40465 0.424719 0.362726 0.247542 0.222772 0.194544 0.221443 0.323533 0.26246 0.271926 0.219398 0.406128 0.2263 0.368835 0.249339 0.500246 0.296453 0.220279 0.195926
0.264872 0.418642 0.210438 0.241149 0.303828 0.223754 0.407284 0.428837 0.362255 0.243902 0.222672 0.194657 0.221344 0.325472 0.261159 0.271376 0.219299 0.408764 0.225705 0.368444 0.24703 0.504405 0.296913 0.22018 0.195063
0.262961 0.42025 0.209721 0.240553 0.30586 0.221534 0.409552 0.432812 0.361556 0.241178 0.222515 0.194558 0.221187 0.3271 0.259418 0.271024 0.219144 0.411034 0.225008 0.36823 0.24447 0.509095 0.297425 0.220024 0.194011
0.261088 0.421575 0.208938 0.240408 0.307835 0.219539 0.411998 0.436906 0.360902 0.238059 0.222406 0.194684 0.221078 0.328991 0.258081 0.270486 0.219036 0.413482 0.224322 0.36767 0.242027 0.513348 0.297867 0.219916 0.193232
0.259222 0.422955 0.208264 0.240015 0.309839 0.217481 0.414218 0.440919 0.360101 0.235497 0.222266 0.194698 0.22094 0.330725 0.256521 0.270045 0.218898 0.415704 0.223555 0.367162 0.239447 0.517873 0.298331 0.219778 0.192377
0.257393 0.424149 0.207563 0.23988 0.311805 0.215567 0.416514 0.444999 0.359308 0.232787 0.222154 0.194847 0.220828 0.332615 0.255191 0.269498 0.218787 0.418002 0.222777 0.366428 0.236931 0.522131 0.298752 0.219666 0.191693
0.255585 0.425347 0.206929 0.239625 0.313774 0.213643 0.418664 0.449032 0.358418 0.230431 0.222027 0.194939 0.220701 0.334435 0.253755 0.268996 0.218661 0.420153 0.221935 0.365686 0.234349 0.526509 0.29918 0.21954 0.190991
0.253815 0.426419 0.206289 0.23952 0.315711 0.211817 0.420831 0.453102 0.35752 0.228054 0.221915 0.195111 0.220589 0.336353 0.252453 0.268433 0.21855 0.422322 0.221068 0.364793 0.231808 0.530709 0.29958 0.219429 0.190399
0.252075 0.427474 0.205692 0.23936 0.317636 0.210007 0.422896 0.457143 0.35656 0.225916 0.221795 0.195257 0.220471 0.33825 0.251106 0.267889 0.218432 0.424388 0.22015 0.363868 0.229244 0.534938 0.299978 0.219311 0.189819
0.250375 0.428444 0.205099 0.239286 0.319529 0.208269 0.424944 0.4612 0.355587 0.223818 0.221686 0.195451 0.220361 0.340215 0.24984 0.26731 0.218324 0.426437 0.219203 0.362841 0.226716 0.539035 0.300356 0.219202 0.189312
0.24871 0.42939 0.204535 0.239189 0.321399 0.206559 0.426912 0.465239 0.354574 0.221893 0.221573 0.195635 0.220249 0.342186 0.24856 0.266738 0.218212 0.428407 0.218213 0.361776 0.224195 0.543104 0.300729 0.21909 0.188828
0.247087 0.43028 0.203979 0.239139 0.323233 0.204906 0.428844 0.469281 0.35355 0.220035 0.221465 0.195847 0.220142 0.344211 0.247331 0.266146 0.218106 0.43034 0.217195 0.360642 0.221712 0.547058 0.301086 0.218983 0.188397
0.245502 0.43115 0.203445 0.239079 0.325035 0.203286 0.430707 0.473308 0.352503 0.21831 0.221358 0.196057 0.220035 0.346259 0.246105 0.265556 0.217999 0.432203 0.216142 0.359476 0.219256 0.550951 0.301434 0.218876 0.18799
0.243959 0.431986 0.202921 0.239043 0.326797 0.201714 0.432521 0.477331 0.351449 0.216661 0.221253 0.196284 0.219931 0.348354 0.244913 0.264955 0.217896 0.434019 0.215065 0.358265 0.216844 0.554733 0.301769 0.218773 0.187622
0.242455 0.43281 0.202414 0.239 0.328519 0.200177 0.434268 0.481338 0.350384 0.215118 0.22115 0.196512 0.219828 0.350481 0.243732 0.264355 0.217794 0.435767 0.21396 0.357032 0.214473 0.55843 0.302094 0.21867 0.187276
0.240992 0.433618 0.201919 0.238966 0.330197 0.198681 0.435959 0.485337 0.349318 0.213652 0.221049 0.19675 0.219727 0.352654 0.242578 0.263749 0.217694 0.437459 0.212834 0.355772 0.212154 0.562014 0.302407 0.21857 0.186959
0.23957 0.434424 0.201438 0.238923 0.331828 0.19722 0.437583 0.489321 0.348249 0.212276 0.220949 0.19699 0.219628 0.354867 0.241437 0.263144 0.217595 0.439083 0.211688 0.354501 0.209886 0.565495 0.302707 0.218471 0.186661
0.238187 0.435229 0.200969 0.238878 0.33341 0.195796 0.439143 0.493293 0.347184 0.210973 0.220851 0.197237 0.219531 0.357127 0.24032 0.262538 0.217499 0.440645 0.210527 0.353219 0.207675 0.568858 0.302995 0.218374 0.186383
0.236842 0.436044 0.200513 0.23882 0.334941 0.194406 0.440634 0.497249 0.346122 0.209748 0.220755 0.197487 0.219435 0.359432 0.239219 0.261934 0.217404 0.442136 0.209352 0.351936 0.205522 0.572105 0.30327 0.218279 0.186121
0.235535 0.436873 0.20007 0.238753 0.336417 0.193051 0.442056 0.501192 0.345068 0.208591 0.220661 0.197741 0.219341 0.361788 0.23814 0.26133 0.217311 0.443559 0.208167 0.350654 0.203432 0.575227 0.303531 0.218186 0.185872
0.234265 0.437723 0.199639 0.23867 0.337837 0.191728 0.443405 0.505121 0.344022 0.207504 0.220568 0.197999 0.219249 0.364194 0.237078 0.26073 0.217219 0.444908 0.206973 0.34938 0.201405 0.578223 0.303779 0.218094 0.185634
0.23303 0.438598 0.199221 0.23857 0.339199 0.190438 0.444679 0.509036 0.342986 0.206479 0.220478 0.19826 0.219159 0.366655 0.236038 0.260132 0.217129 0.446183 0.205774 0.348117 0.199443 0.581088 0.304011 0.218004 0.185405
0.231828 0.439507 0.198816 0.23845 0.3405 0.189179 0.445876 0.512937 0.341961 0.205516 0.220389 0.198526 0.21907 0.369173 0.235016 0.259537 0.217042 0.447381 0.204572 0.346871 0.197548 0.58382 0.304228 0.217916 0.185182
0.230659 0.440453 0.198424 0.238309 0.341739 0.18795 0.446995 0.516828 0.340948 0.204612 0.220302 0.198796 0.218984 0.371751 0.234016 0.258946 0.216956 0.4485 0.203368 0.345643 0.195721 0.586414 0.304429 0.217829 0.184964
0.22952 0.441443 0.198045 0.238144 0.342914 0.186751 0.448032 0.520708 0.339947 0.203765 0.220217 0.199071 0.218899 0.374393 0.233036 0.258359 0.216871 0.449538 0.202165 0.344437 0.193961 0.58887 0.304614 0.217745 0.184748
0.22841 0.442482 0.197679 0.237953 0.344023 0.18558 0.448986 0.524579 0.338958 0.202971 0.220134 0.199352 0.218816 0.377102 0.232077 0.257776 0.216789 0.450492 0.200964 0.343255 0.19227 0.591183 0.304781 0.217663 0.184532
0.227326 0.443576 0.197327 0.237735 0.345065 0.184437 0.449854 0.528445 0.337981 0.20223 0.220053 0.199639 0.218736 0.379882 0.23114 0.257197 0.216709 0.45136 0.199766 0.3421 0.190647 0.593354 0.304931 0.217582 0.184316
0.226269 0.444729 0.196988 0.237487 0.346039 0.183322 0.450634 0.532307 0.337015 0.20154 0.219974 0.199934 0.218657 0.382738 0.230224 0.256622 0.216631 0.452141 0.198572 0.340973 0.189091 0.595379 0.305062 0.217504 0.184096
0.225234 0.445947 0.196664 0.237208 0.346943 0.182232 0.451325 0.536169 0.33606 0.200898 0.219897 0.200238 0.21858 0.385674 0.229329 0.25605 0.216555 0.452832 0.197384 0.339876 0.187602 0.597258 0.305174 0.217428 0.183872
0.224221 0.447234 0.196353 0.236897 0.347776 0.181167 0.451925 0.540034 0.335114 0.200303 0.219822 0.200553 0.218506 0.388696 0.228456 0.255482 0.216481 0.453432 0.196202 0.33881 0.18618 0.598989 0.305267 0.217354 0.183642
0.223227 0.448597 0.196057 0.236551 0.348536 0.180127 0.452431 0.543905 0.334177 0.199755 0.219749 0.200879 0.218433 0.391808 0.227604 0.254916 0.216409 0.453938 0.195026 0.337774 0.184823 0.600571 0.30534 0.217282 0.183404
0.222251 0.45004 0.195774 0.23617 0.349223 0.179109 0.452842 0.547788 0.333247 0.199252 0.219678 0.201218 0.218363 0.395017 0.226774 0.254353 0.216339 0.454349 0.193857 0.336771 0.18353 0.602004 0.305392 0.217212 0.183158
0.221291 0.451569 0.195507 0.235752 0.349835 0.178114 0.453155 0.551686 0.332323 0.198792 0.21961 0.201572 0.218295 0.398329 0.225964 0.253792 0.216272 0.454663 0.192694 0.335799 0.1823 0.603286 0.305422 0.217144 0.182901
0.220345 0.453188 0.195254 0.235296 0.35037 0.177139 0.453369 0.555605 0.331402 0.198376 0.219544 0.201942 0.218229 0.40175 0.225175 0.253232 0.216206 0.454877 0.191538 0.334859 0.181132 0.604418 0.305432 0.217078 0.182633
0.219411 0.454904 0.195016 0.2348 0.350828 0.176184 0.453483 0.559548 0.330483 0.198001 0.21948 0.202331 0.218165 0.405288 0.224406 0.252672 0.216143 0.454991 0.190387 0.333951 0.180024 0.605398 0.305418 0.217015 0.182352
0.218487 0.45672 0.194793 0.234262 0.351207 0.175247 0.453493 0.563522 0.329564 0.197669 0.219418 0.202741 0.218104 0.40895 0.223657 0.252112 0.216082 0.455001 0.189242 0.333074 0.178976 0.606226 0.305383 0.216953 0.182057
0.217571 0.458644 0.194586 0.233682 0.351506 0.174328 0.4534 0.567533 0.328642 0.197377 0.219358 0.203172 0.218044 0.412744 0.222927 0.251551 0.216023 0.454907 0.188102 0.332227 0.177985 0.606901 0.305324 0.216894 0.181746
0.216662 0.46068 0.194393 0.233058 0.351723 0.173424 0.453199 0.571585 0.327715 0.197127 0.2193 0.203628 0.217987 0.416678 0.222215 0.250988 0.215966 0.454707 0.186966 0.33141 0.177051 0.607423 0.305241 0.216837 0.181419
0.215757 0.462835 0.194216 0.232389 0.351856 0.172534 0.45289 0.575686 0.326781 0.196917 0.219245 0.204111 0.217931 0.420762 0.221521 0.250421 0.215911 0.454397 0.185833 0.330621 0.176172 0.60779 0.305134 0.216781 0.181074
0.214856 0.465115 0.194055 0.231672 0.351903 0.171658 0.45247 0.579841 0.325835 0.196748 0.219191 0.204623 0.217878 0.425004 0.220843 0.24985 0.215858 0.453978 0.184702 0.32986 0.175346 0.608001 0.305002 0.216728 0.180709
0.213955 0.467525 0.19391 0.230908 0.351862 0.170793 0.451938 0.584056 0.324877 0.196619 0.219139 0.205166 0.217827 0.429415 0.220181 0.249274 0.215807 0.453445 0.183573 0.329126 0.174573 0.608054 0.304844 0.216677 0.180323
0.213054 0.470072 0.193782 0.230094 0.351731 0.169939 0.451292 0.588338 0.323902 0.196532 0.21909 0.205743 0.217777 0.434003 0.219534 0.248691 0.215758 0.452798 0.182443 0.328418 0.173852 0.60795 0.304661 0.216628 0.179915
0.212152 0.472764 0.19367 0.229228 0.351507 0.169093 0.450528 0.592693 0.322908 0.196487 0.219042 0.206356 0.21773 0.43878 0.218901 0.2481 0.215711 0.452034 0.181312 0.327734 0.173181 0.607684 0.304451 0.216581 0.179484
0.211245 0.475605 0.193574 0.228311 0.351187 0.168254 0.449645 0.597127 0.321892 0.196484 0.218996 0.207009 0.217684 0.443756 0.218282 0.2475 0.215665 0.451151 0.18018 0.327073 0.17256 0.607256 0.304214 0.216535 0.179027
0.210334 0.478605 0.193496 0.227339 0.350769 0.167422 0.448641 0.601646 0.320849 0.196524 0.218953 0.207703 0.217641 0.448942 0.217674 0.246889 0.215622 0.450147 0.179044 0.326435 0.171987 0.606662 0.30395 0.216492 0.178543
0.209416 0.481768 0.193436 0.226312 0.350248 0.166594 0.447513 0.606255 0.319777 0.196609 0.21891 0.208443 0.217599 0.454348 0.217078 0.246267 0.21558 0.449018 0.177904 0.325818 0.171463 0.6059 0.303657 0.21645 0.178031
0.208491 0.485103 0.193394 0.225228 0.34962 0.165768 0.446259 0.61096 0.318672 0.196739 0.21887 0.20923 0.217559 0.459986 0.216493 0.245632 0.21554 0.447763 0.176758 0.32522 0.170986 0.604967 0.303335 0.21641 0.177489
0.207557 0.488616 0.193371 0.224087 0.348883 0.164945 0.444876 0.615766 0.31753 0.196917 0.218832 0.210067 0.21752 0.465865 0.215917 0.244983 0.215502 0.446379 0.175608 0.324642 0.170557 0.603859 0.302983 0.216372 0.176915
0.206614 0.492314 0.193367 0.222887 0.348031 0.164123 0.443361 0.620676 0.316348 0.197144 0.218795 0.210959 0.217484 0.471997 0.21535 0.244318 0.215466 0.444864 0.17445 0.324082 0.170176 0.602572 0.302602 0.216336 0.176308
0.20566 0.496203 0.193383 0.221628 0.347061 0.1633 0.441713 0.625693 0.315123 0.197422 0.21876 0.211907 0.217449 0.47839 0.214792 0.243637 0.215432 0.443215 0.173286 0.323539 0.169843 0.601103 0.302189 0.216301 0.175666
0.204696 0.50029 0.193419 0.220308 0.345967 0.162476 0.439929 0.63082 0.31385 0.197752 0.218727 0.212915 0.217416 0.485054 0.214241 0.242937 0.215399 0.44143 0.172116 0.323012 0.169559 0.599447 0.301744 0.216268 0.174987
0.203721 0.504579 0.193478 0.218928 0.344745 0.161651 0.438007 0.636057 0.312527 0.198139 0.218696 0.213986 0.217385 0.491995 0.213698 0.242218 0.215368 0.439507 0.170938 0.3225 0.169323 0.5976 0.301267 0.216237 0.17427
0.202735 0.509076 0.193558 0.217487 0.34339 0.160823 0.435944 0.641404 0.31115 0.198583 0.218666 0.215124 0.217356 0.499219 0.213163 0.241479 0.215339 0.437443 0.169754 0.322003 0.169138 0.595556 0.300757 0.216208 0.173513
0.201737 0.513784 0.193661 0.215986 0.341898 0.159993 0.433739 0.646858 0.309717 0.199088 0.218639 0.21633 0.217329 0.50673 0.212635 0.240719 0.215312 0.435236 0.168566 0.321521 0.169004 0.593313 0.300213 0.216181 0.172716
0.20073 0.518706 0.193788 0.214426 0.340264 0.159161 0.43139 0.652415 0.308225 0.199657 0.218614 0.217609 0.217304 0.51453 0.212116 0.239938 0.215287 0.432886 0.167373 0.321052 0.168923 0.590864 0.299635 0.216156 0.171878
0.199714 0.523841 0.19394 0.212808 0.338483 0.158328 0.428896 0.65807 0.306672 0.200293 0.218591 0.218962 0.217281 0.522615 0.211604 0.239135 0.215265 0.430391 0.166178 0.320598 0.168897 0.588207 0.299022 0.216133 0.170997
0.19869 0.529188 0.194117 0.211134 0.336553 0.157494 0.426257 0.663813 0.305057 0.200999 0.218571 0.220392 0.217261 0.530982 0.211102 0.238309 0.215245 0.42775 0.164983 0.320156 0.168928 0.585338 0.298373 0.216113 0.170074
0.197659 0.534745 0.19432 0.209407 0.33447 0.156661 0.423473 0.669633 0.30338 0.201778 0.218553 0.2219 0.217243 0.539621 0.210611 0.237462 0.215227 0.424964 0.163791 0.319728 0.169017 0.582255 0.297688 0.216096 0.169109
0.196625 0.540503 0.19455 0.207631 0.332234 0.155832 0.420544 0.675516 0.301641 0.202633 0.218539 0.223487 0.217229 0.548518 0.210132 0.236593 0.215213 0.422033 0.162606 0.319314 0.169168 0.578954 0.296967 0.216081 0.168104
0.19559 0.546455 0.194806 0.20581 0.329842 0.155009 0.417474 0.681447 0.299841 0.203568 0.218527 0.225154 0.217217 0.557654 0.209668 0.235703 0.215202 0.418961 0.161431 0.318914 0.169382 0.575437 0.296209 0.21607 0.167059
0.194557 0.552586 0.195091 0.20395 0.327297 0.154195 0.414264 0.687406 0.297985 0.204584 0.21852 0.226902 0.21721 0.567006 0.20922 0.234794 0.215194 0.415748 0.160271 0.318529 0.169663 0.571703 0.295415 0.216063 0.165977
0.193529 0.558883 0.195402 0.202056 0.324602 0.153394 0.410918 0.693371 0.296075 0.205685 0.218517 0.228727 0.217207 0.576545 0.208792 0.233868 0.215191 0.4124 0.159131 0.318159 0.170013 0.567756 0.294584 0.21606 0.164861
0.19251 0.565324 0.195741 0.200137 0.32176 0.15261 0.407443 0.699317 0.294118 0.206872 0.218518 0.230628 0.217208 0.586236 0.208386 0.232926 0.215192 0.408922 0.158016 0.317804 0.170435 0.563601 0.293716 0.216061 0.163715
0.191505 0.571886 0.196106 0.1982 0.318779 0.151849 0.403845 0.70522 0.292121 0.208146 0.218524 0.232601 0.217214 0.596038 0.208006 0.231972 0.215198 0.405321 0.156932 0.317466 0.17093 0.559245 0.292814 0.216067 0.162546
0.190518 0.578543 0.196496 0.196255 0.315668 0.151115 0.400133 0.711051 0.290092 0.209509 0.218535 0.234641 0.217225 0.605908 0.207655 0.231009 0.21521 0.401605 0.155884 0.317146 0.171501 0.554696 0.291876 0.216078 0.161357
0.189553 0.585264 0.196911 0.19431 0.31244 0.150414 0.396316 0.716782 0.288042 0.210961 0.218553 0.236742 0.217243 0.615797 0.207337 0.23004 0.215227 0.397785 0.154878 0.316844 0.17215 0.549969 0.290905 0.216095 0.160156
0.188616 0.592017 0.197349 0.192376 0.309108 0.149752 0.392407 0.722383 0.285983 0.2125 0.218576 0.238895 0.217266 0.625652 0.207055 0.229069 0.21525 0.393872 0.15392 0.316561 0.172876 0.545076 0.289901 0.216119 0.158951
0.18771 0.598767 0.197808 0.190464 0.305689 0.149135 0.388417 0.727826 0.283927 0.214124 0.218606 0.241091 0.217296 0.63542 0.206814 0.228101 0.21528 0.389879 0.153016 0.316299 0.173681 0.540037 0.288868 0.216149 0.157749
0.186841 0.605478 0.198284 0.188583 0.302201 0.148567 0.384363 0.733085 0.281887 0.21583 0.218643 0.243319 0.217333 0.645046 0.206616 0.22714 0.215316 0.38582 0.15217 0.316057 0.174563 0.53487 0.287807 0.216185 0.15656
0.186011 0.612113 0.198776 0.186745 0.298664 0.148054 0.380259 0.738133 0.279877 0.217615 0.218687 0.245567 0.217376 0.654479 0.206463 0.226191 0.215359 0.381712 0.151385 0.315837 0.175522 0.529597 0.28672 0.216228 0.155391
0.185225 0.618635 0.199281 0.184958 0.2951 0.1476 0.376122 0.742948 0.277911 0.219473 0.218737 0.247823 0.217426 0.663666 0.206359 0.225259 0.215409 0.377571 0.150665 0.315639 0.176553 0.524241 0.285612 0.216278 0.154251
0.184486 0.625011 0.199794 0.183233 0.29153 0.147209 0.371971 0.747513 0.276003 0.221398 0.218794 0.250072 0.217483 0.672562 0.206305 0.224347 0.215465 0.373414 0.150012 0.315464 0.177655 0.518828 0.284486 0.216335 0.153149
0.183795 0.631208 0.200314 0.181578 0.287976 0.146883 0.367822 0.751812 0.274165 0.223383 0.218857 0.2523 0.217546 0.681126 0.206301 0.22346 0.215528 0.369261 0.149427 0.315312 0.178822 0.513383 0.283344 0.216397 0.152092
0.183155 0.637196 0.200835 0.179999 0.28446 0.146623 0.363695 0.755834 0.27241 0.225421 0.218927 0.254493 0.217615 0.689321 0.206348 0.222603 0.215597 0.365129 0.148909 0.315182 0.180048 0.507931 0.282192 0.216466 0.151086
0.182566 0.642952 0.201355 0.178502 0.281002 0.14643 0.359607 0.759573 0.270746 0.227503 0.219002 0.256637 0.217689 0.697121 0.206445 0.221777 0.21567 0.361036 0.148457 0.315076 0.181328 0.502497 0.281034 0.21654 0.150137
0.182028 0.648454 0.201871 0.177092 0.27762 0.146303 0.355576 0.763028 0.269184 0.229621 0.219081 0.258718 0.217769 0.704504 0.206591 0.220986 0.215749 0.356999 0.148069 0.314993 0.182653 0.497104 0.279874 0.216619 0.14925
0.181541 0.653686 0.202379 0.175772 0.274332 0.14624 0.351619 0.766201 0.267728 0.231765 0.219165 0.260725 0.217852 0.711457 0.206782 0.220232 0.215832 0.353037 0.147742 0.314931 0.184018 0.491774 0.278717 0.216702 0.148428
0.181103 0.658637 0.202876 0.174544 0.271151 0.146237 0.34775 0.769097 0.266384 0.233927 0.219252 0.262644 0.217938 0.717973 0.207017 0.219517 0.215918 0.349163 0.147471 0.314892 0.185413 0.486529 0.277567 0.216788 0.147672
0.180713 0.663301 0.20336 0.173408 0.26809 0.146291 0.343985 0.771726 0.265154 0.236098 0.219341 0.264467 0.218027 0.724054 0.207292 0.218842 0.216006 0.345393 0.147251 0.314874 0.186831 0.481384 0.276428 0.216877 0.146984
0.180368 0.667675 0.203829 0.172362 0.265156 0.146397 0.340335 0.774099 0.264038 0.238269 0.219432 0.266185 0.218118 0.729704 0.207603 0.218206 0.216096 0.341738 0.147079 0.314877 0.188264 0.476357 0.275306 0.216967 0.146362
0.180066 0.671761 0.204281 0.171406 0.262358 0.146549 0.336812 0.77623 0.263035 0.240433 0.219524 0.26779 0.218209 0.734936 0.207947 0.21761 0.216187 0.338209 0.146947 0.314899 0.189704 0.471459 0.274204 0.217058 0.145806
0.179805 0.675563 0.204714 0.170536 0.2597 0.146741 0.333424 0.778134 0.262143 0.242582 0.219616 0.269278 0.218301 0.739763 0.208319 0.217054 0.216277 0.334816 0.146852 0.31494 0.191143 0.466702 0.273125 0.217149 0.145311
0.17958 0.679091 0.205128 0.169749 0.257183 0.146968 0.330179 0.779827 0.261356 0.24471 0.219707 0.270644 0.218391 0.744205 0.208715 0.216536 0.216367 0.331566 0.146788 0.314999 0.192575 0.462092 0.272073 0.21724 0.144876
0.17939 0.682352 0.205522 0.169041 0.254807 0.147223 0.327081 0.781325 0.260671 0.246809 0.219797 0.271887 0.218481 0.748281 0.209132 0.216055 0.216456 0.328463 0.146749 0.315076 0.193993 0.457635 0.271052 0.217329 0.144496
0.179231 0.685361 0.205896 0.168407 0.252571 0.147502 0.324134 0.782645 0.26008 0.248876 0.219885 0.273007 0.218568 0.752013 0.209565 0.215609 0.216543 0.325511 0.146732 0.315168 0.195392 0.453335 0.270063 0.217416 0.144167
0.179101 0.688128 0.206249 0.167842 0.250472 0.147798 0.32134 0.783803 0.259579 0.250905 0.21997 0.274003 0.218654 0.755425 0.210011 0.215198 0.216628 0.322712 0.146733 0.315276 0.196767 0.449193 0.269108 0.217501 0.143885
0.178996 0.69067 0.206582 0.167342 0.248506 0.148106 0.318699 0.784815 0.259159 0.252892 0.220054 0.274877 0.218737 0.758538 0.210466 0.214819 0.21671 0.320067 0.146746 0.315398 0.198112 0.445209 0.26819 0.217584 0.143645
0.178914 0.692998 0.206896 0.166902 0.246667 0.148422 0.31621 0.785696 0.258813 0.254834 0.220134 0.275633 0.218817 0.761376 0.210929 0.214469 0.21679 0.317574 0.14677 0.315533 0.199425 0.441382 0.267309 0.217663 0.143444
0.178852 0.69513 0.207191 0.166516 0.24495 0.148742 0.313871 0.786459 0.258536 0.256729 0.220211 0.276274 0.218893 0.76396 0.211396 0.214149 0.216866 0.315231 0.146801 0.31568 0.200703 0.437709 0.266466 0.21774 0.143276
0.178808 0.697077 0.207468 0.16618 0.24335 0.149061 0.311679 0.787116 0.25832 0.258575 0.220285 0.276805 0.218967 0.766312 0.211865 0.213854 0.216939 0.313035 0.146836 0.315839 0.201944 0.434186 0.265661 0.217813 0.143137
0.17878 0.698854 0.207727 0.165889 0.241858 0.149376 0.309629 0.787681 0.258159 0.260369 0.220355 0.277231 0.219037 0.768451 0.212334 0.213584 0.217009 0.310982 0.146874 0.316008 0.203145 0.43081 0.264895 0.217883 0.143025
0.178766 0.700475 0.207971 0.16564 0.24047 0.149685 0.307717 0.788164 0.258046 0.262112 0.220423 0.277558 0.219104 0.770397 0.212801 0.213337 0.217075 0.309067 0.146913 0.316186 0.204305 0.427576 0.264168 0.217949 0.142935
0.178763 0.701952 0.2082 0.165428 0.239179 0.149986 0.305937 0.788574 0.257976 0.263803 0.220486 0.277791 0.219168 0.772167 0.213265 0.213111 0.217138 0.307284 0.146952 0.316373 0.205424 0.424478 0.263478 0.218013 0.142864
0.178771 0.703297 0.208415 0.165249 0.237978 0.150277 0.304284 0.788921 0.257944 0.265442 0.220547 0.277936 0.219228 0.773776 0.213725 0.212905 0.217198 0.305627 0.146989 0.316567 0.206502 0.421512 0.262825 0.218073 0.142809
0.178788 0.704521 0.208617 0.165099 0.236861 0.150556 0.30275 0.789211 0.257944 0.267028 0.220604 0.278 0.219285 0.775241 0.214179 0.212716 0.217254 0.304091 0.147024 0.316768 0.207538 0.418671 0.262208 0.218129 0.142768
0.178813 0.705635 0.208807 0.164976 0.235823 0.150823 0.301331 0.789453 0.257973 0.268563 0.220658 0.277989 0.219338 0.776574 0.214627 0.212544 0.217308 0.302669 0.147057 0.316975 0.208532 0.415951 0.261626 0.218183 0.142739
0.178844 0.706649 0.208986 0.164877 0.234857 0.151076 0.30002 0.789653 0.258025 0.270046 0.220709 0.27791 0.219389 0.777789 0.215068 0.212387 0.217358 0.301355 0.147085 0.317187 0.209486 0.413346 0.261078 0.218233 0.142719
0.17888 0.707571 0.209155 0.164798 0.233958 0.151316 0.29881 0.789815 0.258098 0.27148 0.220757 0.277767 0.219437 0.778896 0.215502 0.212244 0.217406 0.300143 0.147111 0.317403 0.210401 0.410851 0.260562 0.218281 0.142707
0.17892 0.708409 0.209314 0.164738 0.233122 0.151542 0.297694 0.789945 0.258189 0.272865 0.220802 0.277568 0.219482 0.779906 0.215928 0.212113 0.21745 0.299026 0.147133 0.317622 0.211276 0.408461 0.260077 0.218326 0.142701
0.178965 0.709172 0.209465 0.164694 0.232343 0.151755 0.296668 0.790047 0.258293 0.274202 0.220845 0.277317 0.219524 0.780828 0.216346 0.211994 0.217493 0.297997 0.147151 0.317844 0.212114 0.40617 0.259621 0.218368 0.1427
0.179012 0.709866 0.209609 0.164664 0.231617 0.151953 0.295725 0.790125 0.258409 0.275492 0.220885 0.277021 0.219564 0.781671 0.216755 0.211886 0.217532 0.297052 0.147166 0.318068 0.212915 0.403975 0.259193 0.218408 0.142704
0.179062 0.710498 0.209745 0.164647 0.230941 0.152139 0.294858 0.790182 0.258534 0.276737 0.220923 0.276684 0.219602 0.782443 0.217156 0.211788 0.217569 0.296184 0.147178 0.318293 0.213681 0.40187 0.258792 0.218445 0.14271
0.179113 0.711073 0.209875 0.16464 0.230309 0.152312 0.294064 0.790221 0.258667 0.277938 0.220958 0.276312 0.219637 0.783149 0.217548 0.211698 0.217604 0.295388 0.147186 0.318519 0.214413 0.399851 0.258415 0.21848 0.142718
0.179166 0.711596 0.209999 0.164643 0.229719 0.152472 0.293335 0.790244 0.258805 0.279096 0.220991 0.275909 0.21967 0.783797 0.217931 0.211617 0.217637 0.294658 0.147191 0.318745 0.215112 0.397915 0.258062 0.218513 0.142729
0.17922 0.712073 0.210117 0.164654 0.229168 0.152621 0.292668 0.790254 0.258948 0.280213 0.221023 0.275479 0.219702 0.784392 0.218305 0.211543 0.217668 0.29399 0.147194 0.31897 0.21578 0.396057 0.257731 0.218545 0.14274
0.179274 0.712508 0.21023 0.164672 0.228651 0.152758 0.292058 0.790253 0.259093 0.28129 0.221052 0.275028 0.219731 0.784939 0.21867 0.211476 0.217698 0.293378 0.147193 0.319194 0.216419 0.394273 0.25742 0.218574 0.142752
0.179328 0.712904 0.210339 0.164695 0.228168 0.152886 0.2915 0.790242 0.259239 0.282329 0.22108 0.274557 0.219759 0.785443 0.219026 0.211415 0.217725 0.292819 0.147191 0.319416 0.217028 0.392562 0.257129 0.218601 0.142765
0.179383 0.713265 0.210444 0.164724 0.227714 0.153003 0.290989 0.790222 0.259387 0.28333 0.221106 0.274072 0.219785 0.785907 0.219373 0.21136 0.217751 0.292308 0.147186 0.319636 0.21761 0.390918 0.256857 0.218627 0.142777
0.179437 0.713595 0.210544 0.164758 0.227288 0.153111 0.290523 0.790195 0.259534 0.284295 0.221131 0.273575 0.219809 0.786335 0.219712 0.211309 0.217775 0.291841 0.14718 0.319854 0.218166 0.389339 0.256601 0.218652 0.14279
0.179491 0.713896 0.210641 0.164795 0.226888 0.15321 0.290098 0.790163 0.25968 0.285226 0.221154 0.273069 0.219832 0.786731 0.220041 0.211264 0.217798 0.291415 0.147172 0.320068 0.218698 0.387823 0.256361 0.218675 0.142802
0.179544 0.714172 0.210734 0.164835 0.226512 0.153301 0.289709 0.790125 0.259824 0.286124 0.221176 0.272557 0.219854 0.787097 0.220361 0.211222 0.21782 0.291025 0.147162 0.320279 0.219205 0.386366 0.256135 0.218696 0.142814
0.179597 0.714423 0.210824 0.164877 0.226157 0.153385 0.289355 0.790084 0.259966 0.286989 0.221196 0.272041 0.219874 0.787436 0.220673 0.211184 0.21784 0.29067 0.147151 0.320487 0.21969 0.384967 0.255924 0.218717 0.142825
0.179649 0.714654 0.21091 0.164922 0.225822 0.153462 0.289031 0.790039 0.260106 0.287823 0.221216 0.271524 0.219894 0.787751 0.220976 0.21115 0.217859 0.290346 0.147139 0.320691 0.220154 0.383622 0.255725 0.218736 0.142836
0.179699 0.714865 0.210994 0.164968 0.225507 0.153533 0.288736 0.789991 0.260243 0.288626 0.221234 0.271007 0.219912 0.788044 0.22127 0.211119 0.217877 0.29005 0.147126 0.32089 0.220596 0.382329 0.255538 0.218754 0.142847
0.179749 0.715058 0.211075 0.165015 0.225208 0.153598 0.288466 0.789941 0.260377 0.289401 0.221251 0.270493 0.219929 0.788316 0.221555 0.21109 0.217895 0.28978 0.147112 0.321085 0.22102 0.381087 0.255362 0.218771 0.142857
0.179798 0.715235 0.211153 0.165064 0.224926 0.153657 0.288221 0.789889 0.260507 0.290149 0.221268 0.269982 0.219945 0.78857 0.221833 0.211064 0.217911 0.289534 0.147098 0.321275 0.221425 0.379894 0.255197 0.218788 0.142866
0.179846 0.715398 0.211229 0.165113 0.224659 0.153712 0.287996 0.789836 0.260634 0.290869 0.221283 0.269476 0.219961 0.788807 0.222101 0.21104 0.217926 0.289309 0.147083 0.321461 0.221812 0.378747 0.255041 0.218803 0.142875
0.179893 0.715547 0.211302 0.165162 0.224405 0.153762 0.287792 0.789782 0.260757 0.291563 0.221298 0.268978 0.219975 0.789028 0.222362 0.211019 0.21794 0.289104 0.147068 0.321642 0.222182 0.377644 0.254894 0.218817 0.142883
0.179939 0.715685 0.211373 0.165212 0.224165 0.153807 0.287605 0.789727 0.260877 0.292232 0.221312 0.268486 0.219989 0.789235 0.222615 0.210999 0.217954 0.288917 0.147052 0.321818 0.222537 0.376584 0.254756 0.218831 0.142891
0.179984 0.715811 0.211441 0.165262 0.223936 0.15385 0.287434 0.789673 0.260992 0.292877 0.221325 0.268003 0.220002 0.789429 0.222859 0.210981 0.217967 0.288746 0.147036 0.321989 0.222876 0.375566 0.254625 0.218844 0.142898
0.180027 0.715927 0.211507 0.165311 0.223719 0.153888 0.287278 0.789618 0.261104 0.293499 0.221337 0.267529 0.220015 0.789611 0.223096 0.210964 0.21798 0.28859 0.147021 0.322154 0.2232 0.374587 0.254501 0.218857 0.142905
0.180069 0.716035 0.211571 0.16536 0.223512 0.153924 0.287136 0.789563 0.261212 0.294098 0.221349 0.267066 0.220027 0.789781 0.223325 0.210948 0.217991 0.288447 0.147005 0.322315 0.22351 0.373646 0.254385 0.218868 0.142911
0.180111 0.716134 0.211633 0.165409 0.223316 0.153956 0.287006 0.789508 0.261315 0.294676 0.22136 0.266612 0.220038 0.789942 0.223547 0.210934 0.218002 0.288316 0.146989 0.32247 0.223808 0.372742 0.254274 0.218879 0.142917
0.180151 0.716225 0.211692 0.165458 0.223128 0.153986 0.286886 0.789454 0.261416 0.295232 0.221371 0.26617 0.220048 0.790093 0.223761 0.210921 0.218013 0.288197 0.146973 0.322621 0.224092 0.371873 0.25417 0.21889 0.142923
0.18019 0.71631 0.21175 0.165506 0.222949 0.154014 0.286777 0.7894 0.261512 0.295769 0.221381 0.265738 0.220058 0.790235 0.223968 0.210908 0.218023 0.288087 0.146958 0.322766 0.224364 0.371039 0.25407 0.2189 0.142928
0.180227 0.716388 0.211806 0.165553 0.222779 0.15404 0.286677 0.789347 0.261605 0.296286 0.221391 0.265318 0.220068 0.79037 0.224168 0.210897 0.218032 0.287987 0.146942 0.322906 0.224625 0.370237 0.253976 0.21891 0.142933
0.180264 0.716461 0.211859 0.165599 0.222616 0.154063 0.286585 0.789295 0.261694 0.296784 0.2214 0.26491 0.220077 0.790496 0.224361 0.210886 0.218041 0.287895 0.146927 0.323041 0.224875 0.369466 0.253887 0.218919 0.142938
0.180299 0.716528 0.211911 0.165645 0.22246 0.154085 0.286501 0.789244 0.261779 0.297264 0.221409 0.264514 0.220086 0.790616 0.224548 0.210876 0.21805 0.287811 0.146912 0.323171 0.225115 0.368726 0.253803 0.218927 0.142942
0.180334 0.716591 0.211961 0.16569 0.222312 0.154105 0.286423 0.789194 0.261861 0.297726 0.221417 0.264129 0.220094 0.79073 0.224728 0.210866 0.218058 0.287733 0.146898 0.323297 0.225344 0.368015 0.253722 0.218936 0.142946
0.180367 0.716649 0.21201 0.165733 0.222169 0.154124 0.286352 0.789145 0.26194 0.298171 0.221425 0.263756 0.220102 0.790837 0.224901 0.210857 0.218066 0.287661 0.146883 0.323417 0.225563 0.367332 0.253646 0.218943 0.14295
0.1804 0.716703 0.212056 0.165776 0.222033 0.154141 0.286286 0.789097 0.262015 0.2986 0.221433 0.263396 0.220109 0.790939 0.225069 0.210849 0.218074 0.287596 0.14687 0.323533 0.225774 0.366677 0.253573 0.218951 0.142954
0.180431 0.716753 0.212101 0.165818 0.221903 0.154157 0.286226 0.78905 0.262087 0.299013 0.22144 0.263046 0.220117 0.791036 0.22523 0.21084 0.218081 0.287535 0.146856 0.323645 0.225975 0.366047 0.253503 0.218958 0.142958
0.180461 0.7168 0.212144 0.16586 0.221778 0.154172 0.28617 0.789004 0.262156 0.299411 0.221447 0.262709 0.220123 0.791127 0.225385 0.210833 0.218087 0.287479 0.146843 0.323752 0.226169 0.365442 0.253437 0.218965 0.142961
0.180491 0.716844 0.212186 0.1659 0.221659 0.154186 0.286118 0.788959 0.262222 0.299794 0.221453 0.262383 0.22013 0.791215 0.225535 0.210825 0.218094 0.287427 0.14683 0.323854 0.226354 0.364862 0.253375 0.218971 0.142964
0.180519 0.716885 0.212226 0.165939 0.221544 0.154199 0.28607 0.788915 0.262285 0.300163 0.221459 0.262068 0.220136 0.791297 0.225679 0.210818 0.2181 0.287379 0.146817 0.323953 0.226531 0.364305 0.253315 0.218978 0.142968
0.180546 0.716923 0.212265 0.165977 0.221434 0.154211 0.286025 0.788873 0.262346 0.300518 0.221465 0.261764 0.220142 0.791376 0.225818 0.210811 0.218106 0.287334 0.146805 0.324047 0.226701 0.36377 0.253257 0.218983 0.142971
0.180573 0.716959 0.212302 0.166014 0.221329 0.154223 0.285984 0.788832 0.262403 0.30086 0.221471 0.261472 0.220148 0.791451 0.225952 0.210804 0.218112 0.287293 0.146793 0.324137 0.226864 0.363256 0.253203 0.218989 0.142974
0.180599 0.716993 0.212338 0.166051 0.221228 0.154233 0.285946 0.788792 0.262458 0.301189 0.221477 0.26119 0.220153 0.791523 0.22608 0.210797 0.218117 0.287254 0.146782 0.324224 0.22702 0.362764 0.25315 0.218995 0.142977
0.180623 0.717024 0.212372 0.166086 0.221131 0.154243 0.28591 0.788753 0.262511 0.301506 0.221482 0.260918 0.220159 0.791591 0.226204 0.210791 0.218122 0.287218 0.146771 0.324306 0.22717 0.362291 0.253101 0.219 0.14298
0.180647 0.717054 0.212405 0.16612 0.221039 0.154253 0.285876 0.788715 0.262561 0.30181 0.221487 0.260656 0.220164 0.791656 0.226323 0.210785 0.218127 0.287185 0.14676 0.324386 0.227313 0.361837 0.253053 0.219005 0.142982
0.18067 0.717081 0.212437 0.166153 0.220949 0.154262 0.285845 0.788679 0.262609 0.302103 0.221492 0.260405 0.220168 0.791718 0.226437 0.210779 0.218132 0.287154 0.14675 0.324461 0.227451 0.361402 0.253007 0.219009 0.142985
0.180692 0.717108 0.212467 0.166186 0.220864 0.15427 0.285816 0.788643 0.262655 0.302386 0.221496 0.260162 0.220173 0.791778 0.226547 0.210773 0.218136 0.287124 0.14674 0.324534 0.227583 0.360984 0.252964 0.219014 0.142988
0.180714 0.717132 0.212497 0.166217 0.220782 0.154278 0.285789 0.788609 0.262699 0.302657 0.221501 0.25993 0.220177 0.791834 0.226653 0.210767 0.218141 0.287097 0.14673 0.324603 0.227709 0.360583 0.252922 0.219018 0.14299
0.180735 0.717155 0.212525 0.166247 0.220703 0.154286 0.285763 0.788576 0.262741 0.302918 0.221505 0.259706 0.220181 0.791888 0.226755 0.210762 0.218145 0.287071 0.14672 0.324669 0.22783 0.360199 0.252882 0.219023 0.142993
0.180755 0.717177 0.212552 0.166277 0.220627 0.154293 0.285739 0.788544 0.262781 0.303169 0.221509 0.259491 0.220185 0.79194 0.226852 0.210756 0.218149 0.287047 0.146711 0.324732 0.227946 0.35983 0.252844 0.219027 0.142995
0.180774 0.717198 0.212578 0.166306 0.220555 0.154299 0.285716 0.788513 0.262818 0.303411 0.221513 0.259284 0.220189 0.79199 0.226946 0.210751 0.218153 0.287024 0.146703 0.324792 0.228057 0.359477 0.252808 0.21903 0.142998
0.180792 0.717217 0.212603 0.166333 0.220485 0.154306 0.285695 0.788483 0.262855 0.303643 0.221516 0.259086 0.220193 0.792037 0.227036 0.210746 0.218156 0.287003 0.146694 0.324849 0.228163 0.359138 0.252773 0.219034 0.143
0.18081 0.717236 0.212627 0.16636 0.220418 0.154312 0.285675 0.788454 0.262889 0.303866 0.22152 0.258896 0.220196 0.792082 0.227123 0.21074 0.21816 0.286983 0.146686 0.324904 0.228266 0.358813 0.252739 0.219038 0.143002
0.180828 0.717253 0.21265 0.166386 0.220354 0.154318 0.285656 0.788426 0.262922 0.304081 0.221523 0.258713 0.2202 0.792125 0.227206 0.210735 0.218163 0.286964 0.146679 0.324957 0.228363 0.358501 0.252707 0.219041 0.143005
0.180844 0.71727 0.212672 0.166411 0.220292 0.154323 0.285638 0.788399 0.262954 0.304287 0.221527 0.258538 0.220203 0.792167 0.227286 0.21073 0.218167 0.286946 0.146671 0.325006 0.228457 0.358202 0.252676 0.219044 0.143007
0.18086 0.717285 0.212693 0.166436 0.220233 0.154329 0.285621 0.788373 0.262983 0.304486 0.22153 0.25837 0.220206 0.792206 0.227362 0.210726 0.21817 0.286929 0.146664 0.325054 0.228547 0.357915 0.252647 0.219047 0.143009
0.180876 0.7173 0.212713 0.166459 0.220176 0.154334 0.285604 0.788348 0.263012 0.304676 0.221533 0.258208 0.220209 0.792245 0.227436 0.210721 0.218173 0.286912 0.146657 0.325099 0.228633 0.357641 0.252619 0.21905 0.143011
0.18089 0.717314 0.212732 0.166482 0.220122 0.154338 0.285589 0.788324 0.263039 0.304859 0.221536 0.258054 0.220212 0.792281 0.227506 0.210716 0.218175 0.286897 0.14665 0.325143 0.228716 0.357377 0.252592 0.219053 0.143013
0.180905 0.717327 0.212751 0.166504 0.220069 0.154343 0.285575 0.788301 0.263065 0.305035 0.221538 0.257905 0.220215 0.792316 0.227574 0.210712 0.218178 0.286883 0.146644 0.325184 0.228795 0.357125 0.252566 0.219056 0.143016
0.180918 0.71734 0.212769 0.166525 0.220019 0.154347 0.285561 0.788279 0.26309 0.305205 0.221541 0.257763 0.220217 0.792349 0.227639 0.210707 0.218181 0.286869 0.146638 0.325223 0.228871 0.356882 0.252541 0.219058 0.143018
0.180932 0.717352 0.212786 0.166545 0.219971 0.154352 0.285548 0.788257 0.263113 0.305367 0.221544 0.257627 0.22022 0.792381 0.227702 0.210703 0.218183 0.286855 0.146632 0.325261 0.228943 0.35665 0.252517 0.219061 0.14302
0.180944 0.717363 0.212802 0.166565 0.219924 0.154356 0.285535 0.788237 0.263136 0.305523 0.221546 0.257496 0.220222 0.792412 0.227761 0.210699 0.218186 0.286843 0.146626 0.325296 0.229013 0.356428 0.252494 0.219063 0.143022
0.180957 0.717374 0.212818 0.166584 0.21988 0.15436 0.285523 0.788217 0.263157 0.305673 0.221548 0.257371 0.220225 0.792441 0.227819 0.210695 0.218188 0.286831 0.146621 0.32533 0.22908 0.356215 0.252472 0.219066 0.143024
0.180968 0.717384 0.212833 0.166603 0.219837 0.154363 0.285512 0.788198 0.263178 0.305817 0.221551 0.257251 0.220227 0.79247 0.227874 0.210691 0.21819 0.286819 0.146615 0.325363 0.229143 0.356011 0.252451 0.219068 0.143025
0.18098 0.717394 0.212847 0.16662 0.219796 0.154367 0.285501 0.788179 0.263197 0.305955 0.221553 0.257136 0.220229 0.792497 0.227926 0.210687 0.218192 0.286809 0.14661 0.325393 0.229205 0.355815 0.252431 0.21907 0.143027
0.180991 0.717404 0.212861 0.166637 0.219756 0.15437 0.28549 0.788161 0.263216 0.306088 0.221555 0.257026 0.220231 0.792522 0.227977 0.210683 0.218194 0.286798 0.146605 0.325423 0.229263 0.355627 0.252412 0.219072 0.143029
0.181001 0.717412 0.212874 0.166654 0.219719 0.154373 0.28548 0.788144 0.263233 0.306216 0.221557 0.256921 0.220233 0.792547 0.228026 0.210679 0.218196 0.286788 0.146601 0.325451 0.22932 0.355448 0.252393 0.219074 0.143031
0.181011 0.717421 0.212887 0.16667 0.219682 0.154377 0.285471 0.788128 0.26325 0.306338 0.221559 0.25682 0.220235 0.792571 0.228072 0.210675 0.218198 0.286779 0.146596 0.325477 0.229373 0.355275 0.252375 0.219076 0.143033
0.181021 0.717429 0.212899 0.166685 0.219647 0.15438 0.285462 0.788112 0.263266 0.306456 0.22156 0.256724 0.220237 0.792594 0.228117 0.210672 0.2182 0.286769 0.146592 0.325503 0.229425 0.35511 0.252358 0.219078 0.143034
0.18103 0.717437 0.21291 0.1667 0.219614 0.154382 0.285453 0.788097 0.263282 0.306569 0.221562 0.256631 0.220239 0.792616 0.22816 0.210668 0.218202 0.286761 0.146588 0.325527 0.229475 0.354952 0.252342 0.219079 0.143036
0.181039 0.717444 0.212921 0.166714 0.219582 0.154385 0.285445 0.788083 0.263296 0.306677 0.221564 0.256542 0.22024 0.792637 0.228201 0.210665 0.218203 0.286752 0.146584 0.32555 0.229522 0.354801 0.252326 0.219081 0.143038
0.181048 0.717451 0.212932 0.166728 0.219551 0.154388 0.285437 0.788069 0.26331 0.306781 0.221566 0.256457 0.220242 0.792657 0.22824 0.210662 0.218205 0.286744 0.14658 0.325572 0.229567 0.354656 0.252311 0.219083 0.143039
0.181056 0.717458 0.212942 0.166741 0.219522 0.15439 0.285429 0.788055 0.263323 0.306881 0.221567 0.256376 0.220243 0.792676 0.228278 0.210658 0.218206 0.286737 0.146577 0.325593 0.229611 0.354517 0.252297 0.219084 0.143041
0.181064 0.717464 0.212952 0.166754 0.219493 0.154393 0.285422 0.788042 0.263336 0.306977 0.221569 0.256298 0.220245 0.792695 0.228314 0.210655 0.218208 0.286729 0.146573 0.325613 0.229652 0.354383 0.252283 0.219086 0.143042
0.181071 0.71747 0.212961 0.166766 0.219466 0.154395 0.285415 0.78803 0.263348 0.307068 0.22157 0.256224 0.220246 0.792713 0.228348 0.210652 0.218209 0.286722 0.14657 0.325632 0.229692 0.354256 0.25227 0.219087 0.143044
0.181079 0.717476 0.21297 0.166778 0.21944 0.154398 0.285408 0.788018 0.26336 0.307157 0.221571 0.256153 0.220248 0.79273 0.228381 0.210649 0.218211 0.286716 0.146566 0.32565 0.22973 0.354133 0.252257 0.219088 0.143045
0.181086 0.717482 0.212979 0.166789 0.219415 0.1544 0.285402 0.788007 0.26337 0.307241 0.221573 0.256084 0.220249 0.792746 0.228413 0.210646 0.218212 0.286709 0.146563 0.325667 0.229767 0.354016 0.252245 0.21909 0.143046
0.181092 0.717487 0.212987 0.1668 0.219391 0.154402 0.285395 0.787996 0.263381 0.307322 0.221574 0.256019 0.22025 0.792762 0.228444 0.210644 0.218213 0.286703 0.14656 0.325684 0.229802 0.353904 0.252233 0.219091 0.143048
0.181099 0.717492 0.212995 0.16681 0.219368 0.154404 0.285389 0.787985 0.263391 0.3074 0.221575 0.255957 0.220251 0.792777 0.228473 0.210641 0.218214 0.286697 0.146558 0.325699 0.229836 0.353797 0.252222 0.219092 0.143049
0.181105 0.717497 0.213002 0.16682 0.219346 0.154406 0.285384 0.787975 0.2634 0.307475 0.221576 0.255897 0.220253 0.792791 0.228501 0.210638 0.218216 0.286691 0.146555 0.325714 0.229868 0.353694 0.252211 0.219093 0.14305
0.181111 0.717502 0.213009 0.16683 0.219324 0.154408 0.285378 0.787966 0.26341 0.307547 0.221577 0.255839 0.220254 0.792805 0.228528 0.210636 0.218217 0.286686 0.146552 0.325729 0.229899 0.353595 0.252201 0.219094 0.143052
0.181117 0.717506 0.213016 0.166839 0.219304 0.154409 0.285373 0.787956 0.263418 0.307615 0.221578 0.255785 0.220255 0.792818 0.228553 0.210633 0.218218 0.28668 0.14655 0.325742 0.229928 0.3535 0.252191 0.219095 0.143053
0.181122 0.71751 0.213023 0.166848 0.219285 0.154411 0.285368 0.787947 0.263426 0.307681 0.221579 0.255732 0.220256 0.792831 0.228578 0.210631 0.218219 0.286675 0.146547 0.325755 0.229957 0.35341 0.252181 0.219096 0.143054
0.181127 0.717514 0.213029 0.166857 0.219266 0.154413 0.285363 0.787939 0.263434 0.307744 0.22158 0.255682 0.220257 0.792843 0.228602 0.210629 0.21822 0.28667 0.146545 0.325767 0.229984 0.353323 0.252172 0.219097 0.143055
0.181133 0.717518 0.213035 0.166865 0.219248 0.154414 0.285358 0.787931 0.263442 0.307805 0.221581 0.255634 0.220258 0.792855 0.228624 0.210626 0.218221 0.286666 0.146543 0.325779 0.23001 0.35324 0.252163 0.219098 0.143056
0.181137 0.717522 0.213041 0.166873 0.219231 0.154416 0.285354 0.787923 0.263449 0.307863 0.221582 0.255588 0.220258 0.792866 0.228646 0.210624 0.218222 0.286661 0.146541 0.32579 0.230035 0.353161 0.252155 0.219099 0.143057
0.181142 0.717525 0.213046 0.166881 0.219214 0.154417 0.28535 0.787915 0.263456 0.307919 0.221583 0.255544 0.220259 0.792877 0.228667 0.210622 0.218222 0.286657 0.146539 0.325801 0.230058 0.353085 0.252147 0.2191 0.143058
0.181146 0.717529 0.213051 0.166888 0.219198 0.154419 0.285345 0.787908 0.263463 0.307972 0.221584 0.255501 0.22026 0.792887 0.228686 0.21062 0.218223 0.286653 0.146537 0.325811 0.230081 0.353012 0.252139 0.219101 0.143059
0.181151 0.717532 0.213056 0.166895 0.219183 0.15442 0.285341 0.787901 0.263469 0.308024 0.221585 0.255461 0.220261 0.792897 0.228705 0.210618 0.218224 0.286649 0.146535 0.325821 0.230103 0.352942 0.252132 0.219102 0.14306
0.181155 0.717535 0.213061 0.166902 0.219169 0.154421 0.285338 0.787895 0.263475 0.308073 0.221585 0.255422 0.220262 0.792907 0.228724 0.210616 0.218225 0.286645 0.146533 0.32583 0.230124 0.352875 0.252125 0.219102 0.143061
0.181159 0.717538 0.213066 0.166908 0.219155 0.154423 0.285334 0.787888 0.26348 0.30812 0.221586 0.255385 0.220262 0.792916 0.228741 0.210614 0.218225 0.286641 0.146531 0.325839 0.230144 0.352811 0.252118 0.219103 0.143062
0.181163 0.717541 0.21307 0.166914 0.219141 0.154424 0.28533 0.787882 0.263486 0.308165 0.221587 0.25535 0.220263 0.792924 0.228758 0.210613 0.218226 0.286638 0.14653 0.325847 0.230163 0.352749 0.252112 0.219104 0.143063
0.181166 0.717544 0.213075 0.16692 0.219128 0.154425 0.285327 0.787876 0.263491 0.308209 0.221588 0.255316 0.220264 0.792933 0.228774 0.210611 0.218227 0.286635 0.146528 0.325855 0.230181 0.352691 0.252105 0.219105 0.143064
0.18117 0.717546 0.213079 0.166926 0.219116 0.154426 0.285324 0.787871 0.263496 0.30825 0.221588 0.255284 0.220264 0.792941 0.228789 0.210609 0.218227 0.286631 0.146527 0.325863 0.230199 0.352634 0.252099 0.219105 0.143064
0.181173 0.717549 0.213082 0.166932 0.219104 0.154427 0.285321 0.787865 0.263501 0.30829 0.221589 0.255253 0.220265 0.792948 0.228804 0.210608 0.218228 0.286628 0.146525 0.32587 0.230216 0.35258 0.252094 0.219106 0.143065
0.181176 0.717551 0.213086 0.166937 0.219093 0.154428 0.285318 0.78786 0.263505 0.308328 0.221589 0.255223 0.220266 0.792956 0.228818 0.210606 0.218229 0.286625 0.146524 0.325877 0.230232 0.352529 0.252088 0.219106 0.143066
0.181179 0.717553 0.21309 0.166942 0.219082 0.154429 0.285315 0.787855 0.26351 0.308365 0.22159 0.255195 0.220266 0.792963 0.228832 0.210605 0.218229 0.286622 0.146523 0.325884 0.230248 0.352479 0.252083 0.219107 0.143067
0.181182 0.717556 0.213093 0.166947 0.219072 0.15443 0.285312 0.787851 0.263514 0.3084 0.221591 0.255167 0.220267 0.79297 0.228844 0.210603 0.21823 0.28662 0.146521 0.32589 0.230262 0.352432 0.252078 0.219108 0.143067
0.181185 0.717558 0.213096 0.166951 0.219062 0.154431 0.28531 0.787846 0.263518 0.308433 0.221591 0.255141 0.220267 0.792976 0.228857 0.210602 0.21823 0.286617 0.14652 0.325896 0.230277 0.352387 0.252073 0.219108 0.143068
0.181188 0.71756 0.213099 0.166956 0.219052 0.154432 0.285307 0.787842 0.263521 0.308465 0.221592 0.255116 0.220268 0.792982 0.228869 0.210601 0.218231 0.286614 0.146519 0.325902 0.23029 0.352343 0.252068 0.219109 0.143069
0.18119 0.717562 0.213102 0.16696 0.219043 0.154433 0.285305 0.787838 0.263525 0.308496 0.221592 0.255093 0.220268 0.792988 0.22888 0.210599 0.218231 0.286612 0.146518 0.325908 0.230303 0.352301 0.252064 0.219109 0.143069
0.181193 0.717563 0.213105 0.166964 0.219034 0.154434 0.285302 0.787834 0.263528 0.308526 0.221593 0.25507 0.220269 0.792994 0.228891 0.210598 0.218232 0.28661 0.146517 0.325913 0.230316 0.352262 0.25206 0.219109 0.14307
0.181195 0.717565 0.213108 0.166968 0.219026 0.154434 0.2853 0.78783 0.263532 0.308554 0.221593 0.255048 0.220269 0.792999 0.228901 0.210597 0.218232 0.286607 0.146516 0.325918 0.230328 0.352223 0.252056 0.21911 0.14307
0.181197 0.717567 0.213111 0.166972 0.219018 0.154435 0.285298 0.787826 0.263535 0.308581 0.221593 0.255027 0.22027 0.793005 0.228911 0.210596 0.218233 0.286605 0.146515 0.325923 0.230339 0.352187 0.252052 0.21911 0.143071
0.1812 0.717568 0.213113 0.166976 0.21901 0.154436 0.285296 0.787823 0.263538 0.308607 0.221594 0.255007 0.22027 0.79301 0.228921 0.210595 0.218233 0.286603 0.146514 0.325927 0.23035 0.352152 0.252048 0.219111 0.143072
0.181202 0.71757 0.213116 0.166979 0.219003 0.154437 0.285294 0.787819 0.263541 0.308632 0.221594 0.254988 0.22027 0.793015 0.22893 0.210594 0.218233 0.286601 0.146513 0.325932 0.23036 0.352118 0.252044 0.219111 0.143072
0.181204 0.717571 0.213118 0.166983 0.218996 0.154437 0.285292 0.787816 0.263543 0.308656 0.221595 0.254969 0.220271 0.793019 0.228939 0.210593 0.218234 0.286599 0.146512 0.325936 0.23037 0.352086 0.252041 0.219111 0.143073
0.181206 0.717573 0.21312 0.166986 0.218989 0.154438 0.28529 0.787813 0.263546 0.308679 0.221595 0.254952 0.220271 0.793024 0.228947 0.210592 0.218234 0.286597 0.146511 0.32594 0.23038 0.352056 0.252038 0.219112 0.143073
0.181207 0.717574 0.213122 0.166989 0.218982 0.154438 0.285288 0.78781 0.263549 0.308701 0.221595 0.254935 0.220271 0.793028 0.228955 0.210591 0.218234 0.286596 0.14651 0.325944 0.230389 0.352026 0.252035 0.219112 0.143074
0.181209 0.717576 0.213124 0.166992 0.218976 0.154439 0.285287 0.787807 0.263551 0.308722 0.221596 0.254919 0.220272 0.793032 0.228963 0.21059 0.218235 0.286594 0.14651 0.325947 0.230398 0.351998 0.252032 0.219112 0.143074
0.181211 0.717577 0.213126 0.166995 0.21897 0.15444 0.285285 0.787804 0.263553 0.308742 0.221596 0.254904 0.220272 0.793036 0.22897 0.210589 0.218235 0.286592 0.146509 0.325951 0.230407 0.351971 0.252029 0.219113 0.143074
0.181213 0.717578 0.213128 0.166997 0.218965 0.15444 0.285283 0.787802 0.263555 0.308761 0.221596 0.254889 0.220272 0.793039 0.228977 0.210588 0.218235 0.286591 0.146508 0.325954 0.230415 0.351945 0.252026 0.219113 0.143075
0.181214 0.717579 0.21313 0.167 0.218959 0.154441 0.285282 0.787799 0.263557 0.30878 0.221596 0.254875 0.220273 0.793043 0.228984 0.210587 0.218236 0.286589 0.146508 0.325957 0.230422 0.35192 0.252023 0.219113 0.143075
0.181216 0.71758 0.213131 0.167002 0.218954 0.154441 0.285281 0.787797 0.263559 0.308798 0.221597 0.254861 0.220273 0.793047 0.228991 0.210587 0.218236 0.286588 0.146507 0.32596 0.23043 0.351897 0.252021 0.219114 0.143076
0.181217 0.717581 0.213133 0.167005 0.218949 0.154442 0.285279 0.787795 0.263561 0.308815 0.221597 0.254848 0.220273 0.79305 0.228997 0.210586 0.218236 0.286586 0.146506 0.325963 0.230437 0.351874 0.252018 0.219114 0.143076
0.181218 0.717582 0.213134 0.167007 0.218944 0.154442 0.285278 0.787793 0.263563 0.308831 0.221597 0.254836 0.220273 0.793053 0.229003 0.210585 0.218236 0.286585 0.146506 0.325966 0.230444 0.351852 0.252016 0.219114 0.143076
0.18122 0.717583 0.213136 0.167009 0.218939 0.154442 0.285277 0.78779 0.263565 0.308847 0.221598 0.254824 0.220274 0.793056 0.229008 0.210585 0.218237 0.286584 0.146505 0.325969 0.23045 0.351831 0.252014 0.219114 0.143077
0.181221 0.717584 0.213137 0.167011 0.218935 0.154443 0.285275 0.787788 0.263567 0.308861 0.221598 0.254813 0.220274 0.793059 0.229014 0.210584 0.218237 0.286583 0.146505 0.325971 0.230456 0.351812 0.252011 0.219115 0.143077
0.181222 0.717585 0.213139 0.167013 0.218931 0.154443 0.285274 0.787787 0.263568 0.308876 0.221598 0.254802 0.220274 0.793062 0.229019 0.210583 0.218237 0.286582 0.146504 0.325974 0.230462 0.351792 0.252009 0.219115 0.143077
0.181223 0.717586 0.21314 0.167015 0.218927 0.154444 0.285273 0.787785 0.26357 0.308889 0.221598 0.254791 0.220274 0.793064 0.229024 0.210583 0.218237 0.28658 0.146504 0.325976 0.230468 0.351774 0.252007 0.219115 0.143078
0.181224 0.717587 0.213141 0.167017 0.218923 0.154444 0.285272 0.787783 0.263571 0.308903 0.221598 0.254782 0.220275 0.793067 0.229029 0.210582 0.218237 0.286579 0.146503 0.325978 0.230474 0.351757 0.252006 0.219115 0.143078
0.181225 0.717587 0.213142 0.167019 0.218919 0.154444 0.285271 0.787781 0.263573 0.308915 0.221599 0.254772 0.220275 0.793069 0.229033 0.210581 0.218238 0.286578 0.146503 0.32598 0.230479 0.35174 0.252004 0.219115 0.143078
0.181226 0.717588 0.213144 0.167021 0.218915 0.154445 0.28527 0.78778 0.263574 0.308927 0.221599 0.254763 0.220275 0.793072 0.229038 0.210581 0.218238 0.286577 0.146502 0.325982 0.230484 0.351724 0.252002 0.219116 0.143078
0.181227 0.717589 0.213145 0.167022 0.218912 0.154445 0.285269 0.787778 0.263575 0.308939 0.221599 0.254754 0.220275 0.793074 0.229042 0.21058 0.218238 0.286576 0.146502 0.325984 0.230489 0.351709 0.252 0.219116 0.143079
0.181228 0.71759 0.213146 0.167024 0.218909 0.154445 0.285268 0.787777 0.263576 0.30895 0.221599 0.254746 0.220275 0.793076 0.229046 0.21058 0.218238 0.286576 0.146501 0.325986 0.230493 0.351694 0.251999 0.219116 0.143079
0.181229 0.71759 0.213147 0.167025 0.218906 0.154446 0.285267 0.787775 0.263578 0.30896 0.221599 0.254738 0.220275 0.793078 0.22905 0.210579 0.218238 0.286575 0.146501 0.325988 0.230498 0.35168 0.251997 0.219116 0.143079
0.18123 0.717591 0.213148 0.167027 0.218903 0.154446 0.285267 0.787774 0.263579 0.30897 0.221599 0.25473 0.220276 0.79308 0.229054 0.210579 0.218239 0.286574 0.146501 0.325989 0.230502 0.351666 0.251996 0.219116 0.143079
0.181231 0.717591 0.213149 0.167028 0.2189 0.154446 0.285266 0.787772 0.26358 0.30898 0.2216 0.254723 0.220276 0.793082 0.229057 0.210579 0.218239 0.286573 0.1465 0.325991 0.230506 0.351653 0.251994 0.219116 0.14308
0.181232 0.717592 0.213149 0.167029 0.218897 0.154446 0.285265 0.787771 0.263581 0.308989 0.2216 0.254716 0.220276 0.793084 0.229061 0.210578 0.218239 0.286572 0.1465 0.325993 0.23051 0.351641 0.251993 0.219117 0.14308
0.181232 0.717592 0.21315 0.167031 0.218894 0.154447 0.285264 0.78777 0.263582 0.308998 0.2216 0.254709 0.220276 0.793085 0.229064 0.210578 0.218239 0.286572 0.1465 0.325994 0.230513 0.351629 0.251992 0.219117 0.14308
0.181233 0.717593 0.213151 0.167032 0.218892 0.154447 0.285264 0.787769 0.263583 0.309007 0.2216 0.254703 0.220276 0.793087 0.229067 0.210577 0.218239 0.286571 0.146499 0.325996 0.230517 0.351618 0.25199 0.219117 0.14308
0.181234 0.717594 0.213152 0.167033 0.218889 0.154447 0.285263 0.787768 0.263584 0.309015 0.2216 0.254696 0.220276 0.793089 0.22907 0.210577 0.218239 0.28657 0.146499 0.325997 0.23052 0.351607 0.251989 0.219117 0.14308
0.181235 0.717594 0.213153 0.167034 0.218887 0.154447 0.285262 0.787767 0.263584 0.309023 0.2216 0.254691 0.220276 0.79309 0.229073 0.210577 0.218239 0.28657 0.146499 0.325998 0.230524 0.351596 0.251988 0.219117 0.143081
0.181235 0.717594 0.213153 0.167035 0.218885 0.154448 0.285262 0.787766 0.263585 0.30903 0.2216 0.254685 0.220277 0.793092 0.229075 0.210576 0.218239 0.286569 0.146499 0.325999 0.230527 0.351587 0.251987 0.219117 0.143081
0.181236 0.717595 0.213154 0.167036 0.218883 0.154448 0.285261 0.787765 0.263586 0.309038 0.2216 0.254679 0.220277 0.793093 0.229078 0.210576 0.21824 0.286568 0.146498 0.326001 0.23053 0.351577 0.251986 0.219117 0.143081
0.181236 0.717595 0.213155 0.167037 0.218881 0.154448 0.28526 0.787764 0.263587 0.309044 0.221601 0.254674 0.220277 0.793094 0.229081 0.210576 0.21824 0.286568 0.146498 0.326002 0.230533 0.351568 0.251985 0.219117 0.143081
0.181237 0.717596 0.213155 0.167038 0.218879 0.154448 0.28526 0.787763 0.263588 0.309051 0.221601 0.254669 0.220277 0.793096 0.229083 0.210575 0.21824 0.286567 0.146498 0.326003 0.230535 0.351559 0.251984 0.219118 0.143081
0.181237 0.717596 0.213156 0.167039 0.218877 0.154448 0.285259 0.787762 0.263588 0.309057 0.221601 0.254665 0.220277 0.793097 0.229085 0.210575 0.21824 0.286567 0.146498 0.326004 0.230538 0.351551 0.251983 0.219118 0.143081
0.181238 0.717596 0.213156 0.16704 0.218875 0.154448 0.285259 0.787761 0.263589 0.309063 0.221601 0.25466 0.220277 0.793098 0.229087 0.210575 0.21824 0.286566 0.146497 0.326005 0.230541 0.351543 0.251982 0.219118 0.143081
0.181238 0.717597 0.213157 0.167041 0.218873 0.154449 0.285258 0.787761 0.26359 0.309069 0.221601 0.254656 0.220277 0.793099 0.22909 0.210575 0.21824 0.286566 0.146497 0.326006 0.230543 0.351535 0.251982 0.219118 0.143082
0.181239 0.717597 0.213157 0.167042 0.218872 0.154449 0.285258 0.78776 0.26359 0.309075 0.221601 0.254652 0.220277 0.7931 0.229092 0.210574 0.21824 0.286565 0.146497 0.326007 0.230545 0.351528 0.251981 0.219118 0.143082
0.181239 0.717597 0.213158 0.167042 0.21887 0.154449 0.285258 0.787759 0.263591 0.30908 0.221601 0.254648 0.220277 0.793101 0.229093 0.210574 0.21824 0.286565 0.146497 0.326008 0.230547 0.351521 0.25198 0.219118 0.143082
0.18124 0.717598 0.213158 0.167043 0.218868 0.154449 0.285257 0.787758 0.263591 0.309085 0.221601 0.254644 0.220277 0.793102 0.229095 0.210574 0.21824 0.286564 0.146497 0.326008 0.23055 0.351514 0.251979 0.219118 0.143082
0.18124 0.717598 0.213159 0.167044 0.218867 0.154449 0.285257 0.787758 0.263592 0.30909 0.221601 0.25464 0.220277 0.793103 0.229097 0.210574 0.21824 0.286564 0.146496 0.326009 0.230552 0.351507 0.251979 0.219118 0.143082
0.181241 0.717598 0.213159 0.167044 0.218866 0.154449 0.285256 0.787757 0.263592 0.309095 0.221601 0.254637 0.220278 0.793104 0.229099 0.210573 0.21824 0.286564 0.146496 0.32601 0.230553 0.351501 0.251978 0.219118 0.143082
0.181241 0.717599 0.21316 0.167045 0.218864 0.154449 0.285256 0.787757 0.263593 0.309099 0.221601 0.254633 0.220278 0.793105 0.2291 0.210573 0.21824 0.286563 0.146496 0.326011 0.230555 0.351495 0.251977 0.219118 0.143082
0.181241 0.717599 0.21316 0.167046 0.218863 0.15445 0.285256 0.787756 0.263593 0.309103 0.221602 0.25463 0.220278 0.793106 0.229102 0.210573 0.218241 0.286563 0.146496 0.326011 0.230557 0.35149 0.251977 0.219118 0.143082
0.181242 0.717599 0.213161 0.167046 0.218862 0.15445 0.285255 0.787755 0.263594 0.309107 0.221602 0.254627 0.220278 0.793107 0.229103 0.210573 0.218241 0.286563 0.146496 0.326012 0.230559 0.351484 0.251976 0.219118 0.143082
0.181242 0.717599 0.213161 0.167047 0.218861 0.15445 0.285255 0.787755 0.263594 0.309111 0.221602 0.254624 0.220278 0.793107 0.229105 0.210573 0.218241 0.286562 0.146496 0.326013 0.23056 0.351479 0.251975 0.219119 0.143083
0.181242 0.7176 0.213161 0.167047 0.21886 0.15445 0.285255 0.787754 0.263595 0.309115 0.221602 0.254621 0.220278 0.793108 0.229106 0.210572 0.218241 0.286562 0.146495 0.326013 0.230562 0.351474 0.251975 0.219119 0.143083
0.181243 0.7176 0.213162 0.167048 0.218858 0.15445 0.285254 0.787754 0.263595 0.309119 0.221602 0.254619 0.220278 0.793109 0.229108 0.210572 0.218241 0.286562 0.146495 0.326014 0.230563 0.351469 0.251974 0.219119 0.143083
0.181243 0.7176 0.213162 0.167048 0.218857 0.15445 0.285254 0.787753 0.263595 0.309122 0.221602 0.254616 0.220278 0.793109 0.229109 0.210572 0.218241 0.286561 0.146495 0.326014 0.230565 0.351465 0.251974 0.219119 0.143083
0.181243 0.7176 0.213162 0.167049 0.218856 0.15445 0.285254 0.787753 0.263596 0.309125 0.221602 0.254613 0.220278 0.79311 0.22911 0.210572 0.218241 0.286561 0.146495 0.326015 0.230566 0.35146 0.251973 0.219119 0.143083
0.181243 0.7176 0.213162 0.167049 0.218856 0.15445 0.285254 0.787753 0.263596 0.309129 0.221602 0.254611 0.220278 0.793111 0.229111 0.210572 0.218241 0.286561 0.146495 0.326015 0.230568 0.351456 0.251973 0.219119 0.143083
0.181244 0.717601 0.213163 0.16705 0.218855 0.15445 0.285253 0.787752 0.263596 0.309132 0.221602 0.254609 0.220278 0.793111 0.229112 0.210572 0.218241 0.286561 0.146495 0.326016 0.230569 0.351452 0.251972 0.219119 0.143083
0.181244 0.717601 0.213163 0.16705 0.218854 0.15445 0.285253 0.787752 0.263597 0.309135 0.221602 0.254607 0.220278 0.793112 0.229113 0.210572 0.218241 0.28656 0.146495 0.326016 0.23057 0.351448 0.251972 0.219119 0.143083
0.181244 0.717601 0.213163 0.16705 0.218853 0.154451 0.285253 0.787751 0.263597 0.309137 0.221602 0.254605 0.220278 0.793112 0.229114 0.210571 0.218241 0.28656 0.146495 0.326017 0.230571 0.351445 0.251972 0.219119 0.143083
0.181244 0.717601 0.213164 0.167051 0.218852 0.154451 0.285253 0.787751 0.263597 0.30914 0.221602 0.254603 0.220278 0.793113 0.229115 0.210571 0.218241 0.28656 0.146495 0.326017 0.230572 0.351441 0.251971 0.219119 0.143083
0.181245 0.717601 0.213164 0.167051 0.218851 0.154451 0.285252 0.787751 0.263597 0.309143 0.221602 0.254601 0.220278 0.793113 0.229116 0.210571 0.218241 0.28656 0.146495 0.326018 0.230573 0.351438 0.251971 0.219119 0.143083
0.181245 0.717601 0.213164 0.167052 0.218851 0.154451 0.285252 0.78775 0.263598 0.309145 0.221602 0.254599 0.220278 0.793114 0.229117 0.210571 0.218241 0.286559 0.146494 0.326018 0.230574 0.351435 0.251971 0.219119 0.143083
0.181245 0.717602 0.213164 0.167052 0.21885 0.154451 0.285252 0.78775 0.263598 0.309147 0.221602 0.254597 0.220278 0.793114 0.229118 0.210571 0.218241 0.286559 0.146494 0.326018 0.230575 0.351431 0.25197 0.219119 0.143083
0.181245 0.717602 0.213164 0.167052 0.218849 0.154451 0.285252 0.78775 0.263598 0.30915 0.221602 0.254595 0.220278 0.793115 0.229119 0.210571 0.218241 0.286559 0.146494 0.326019 0.230576 0.351428 0.25197 0.219119 0.143083
0.181245 0.717602 0.213165 0.167052 0.218849 0.154451 0.285252 0.78775 0.263598 0.309152 0.221602 0.254594 0.220278 0.793115 0.229119 0.210571 0.218241 0.286559 0.146494 0.326019 0.230577 0.351426 0.25197 0.219119 0.143084
0.181246 0.717602 0.213165 0.167053 0.218848 0.154451 0.285251 0.787749 0.263599 0.309154 0.221602 0.254592 0.220278 0.793116 0.22912 0.210571 0.218241 0.286559 0.146494 0.326019 0.230578 0.351423 0.251969 0.219119 0.143084
0.181246 0.717602 0.213165 0.167053 0.218848 0.154451 0.285251 0.787749 0.263599 0.309156 0.221602 0.254591 0.220278 0.793116 0.229121 0.210571 0.218241 0.286559 0.146494 0.32602 0.230579 0.35142 0.251969 0.219119 0.143084
0.181246 0.717602 0.213165 0.167053 0.218847 0.154451 0.285251 0.787749 0.263599 0.309158 0.221602 0.254589 0.220279 0.793116 0.229122 0.21057 0.218241 0.286558 0.146494 0.32602 0.23058 0.351418 0.251969 0.219119 0.143084
0.181246 0.717602 0.213165 0.167054 0.218846 0.154451 0.285251 0.787748 0.263599 0.309159 0.221602 0.254588 0.220279 0.793117 0.229122 0.21057 0.218241 0.286558 0.146494 0.32602 0.23058 0.351415 0.251969 0.219119 0.143084
0.181246 0.717602 0.213166 0.167054 0.218846 0.154451 0.285251 0.787748 0.263599 0.309161 0.221602 0.254587 0.220279 0.793117 0.229123 0.21057 0.218241 0.286558 0.146494 0.326021 0.230581 0.351413 0.251968 0.219119 0.143084
0.181246 0.717603 0.213166 0.167054 0.218845 0.154451 0.285251 0.787748 0.2636 0.309163 0.221602 0.254586 0.220279 0.793117 0.229123 0.21057 0.218241 0.286558 0.146494 0.326021 0.230582 0.351411 0.251968 0.219119 0.143084
0.181246 0.717603 0.213166 0.167054 0.218845 0.154451 0.285251 0.787748 0.2636 0.309164 0.221602 0.254584 0.220279 0.793118 0.229124 0.21057 0.218242 0.286558 0.146494 0.326021 0.230582 0.351409 0.251968 0.219119 0.143084
0.181247 0.717603 0.213166 0.167055 0.218845 0.154451 0.28525 0.787748 0.2636 0.309166 0.221602 0.254583 0.220279 0.793118 0.229125 0.21057 0.218242 0.286558 0.146494 0.326021 0.230583 0.351407 0.251968 0.219119 0.143084
0.181247 0.717603 0.213166 0.167055 0.218844 0.154451 0.28525 0.787747 0.2636 0.309167 0.221603 0.254582 0.220279 0.793118 0.229125 0.21057 0.218242 0.286558 0.146494 0.326022 0.230584 0.351405 0.251967 0.219119 0.143084
0.181247 0.717603 0.213166 0.167055 0.218844 0.154451 0.28525 0.787747 0.2636 0.309169 0.221603 0.254581 0.220279 0.793118 0.229126 0.21057 0.218242 0.286557 0.146494 0.326022 0.230584 0.351403 0.251967 0.219119 0.143084
0.181247 0.717603 0.213166 0.167055 0.218843 0.154451 0.28525 0.787747 0.2636 0.30917 0.221603 0.25458 0.220279 0.793119 0.229126 0.21057 0.218242 0.286557 0.146494 0.326022 0.230585 0.351401 0.251967 0.219119 0.143084
0.181247 0.717603 0.213166 0.167055 0.218843 0.154452 0.28525 0.787747 0.263601 0.309171 0.221603 0.254579 0.220279 0.793119 0.229127 0.21057 0.218242 0.286557 0.146493 0.326022 0.230585 0.3514 0.251967 0.219119 0.143084
0.181247 0.717603 0.213167 0.167055 0.218843 0.154452 0.28525 0.787747 0.263601 0.309172 0.221603 0.254578 0.220279 0.793119 0.229127 0.21057 0.218242 0.286557 0.146493 0.326023 0.230586 0.351398 0.251967 0.219119 0.143084
0.181247 0.717603 0.213167 0.167056 0.218842 0.154452 0.28525 0.787747 0.263601 0.309174 0.221603 0.254577 0.220279 0.793119 0.229127 0.21057 0.218242 0.286557 0.146493 0.326023 0.230586 0.351397 0.251966 0.219119 0.143084
0.181247 0.717603 0.213167 0.167056 0.218842 0.154452 0.28525 0.787746 0.263601 0.309175 0.221603 0.254577 0.220279 0.79312 0.229128 0.21057 0.218242 0.286557 0.146493 0.326023 0.230587 0.351395 0.251966 0.219119 0.143084
0.181247 0.717603 0.213167 0.167056 0.218842 0.154452 0.28525 0.787746 0.263601 0.309176 0.221603 0.254576 0.220279 0.79312 0.229128 0.21057 0.218242 0.286557 0.146493 0.326023 0.230587 0.351394 0.251966 0.21912 0.143084
0.181248 0.717603 0.213167 0.167056 0.218841 0.154452 0.28525 0.787746 0.263601 0.309177 0.221603 0.254575 0.220279 0.79312 0.229129 0.21057 0.218242 0.286557 0.146493 0.326023 0.230588 0.351392 0.251966 0.21912 0.143084
0.181248 0.717603 0.213167 0.167056 0.218841 0.154452 0.285249 0.787746 0.263601 0.309178 0.221603 0.254574 0.220279 0.79312 0.229129 0.21057 0.218242 0.286557 0.146493 0.326023 0.230588 0.351391 0.251966 0.21912 0.143084
0.181248 0.717604 0.213167 0.167056 0.218841 0.154452 0.285249 0.787746 0.263601 0.309179 0.221603 0.254574 0.220279 0.79312 0.229129 0.210569 0.218242 0.286557 0.146493 0.326024 0.230588 0.35139 0.251966 0.21912 0.143084
0.181248 0.717604 0.213167 0.167056 0.21884 0.154452 0.285249 0.787746 0.263601 0.30918 0.221603 0.254573 0.220279 0.793121 0.22913 0.210569 0.218242 0.286557 0.146493 0.326024 0.230589 0.351389 0.251966 0.21912 0.143084
0.181248 0.717604 0.213167 0.167057 0.21884 0.154452 0.285249 0.787746 0.263602 0.309181 0.221603 0.254572 0.220279 0.793121 0.22913 0.210569 0.218242 0.286556 0.146493 0.326024 0.230589 0.351387 0.251965 0.21912 0.143084
0.181248 0.717604 0.213167 0.167057 0.21884 0.154452 0.285249 0.787746 0.263602 0.309181 0.221603 0.254572 0.220279 0.793121 0.22913 0.210569 0.218242 0.286556 0.146493 0.326024 0.230589 0.351386 0.251965 0.21912 0.143084
0.181248 0.717604 0.213167 0.167057 0.21884 0.154452 0.285249 0.787745 0.263602 0.309182 0.221603 0.254571 0.220279 0.793121 0.229131 0.210569 0.218242 0.286556 0.146493 0.326024 0.23059 0.351385 0.251965 0.21912 0.143084
0.181248 0.717604 0.213168 0.167057 0.218839 0.154452 0.285249 0.787745 0.263602 0.309183 0.221603 0.254571 0.220279 0.793121 0.229131 0.210569 0.218242 0.286556 0.146493 0.326024 0.23059 0.351384 0.251965 0.21912 0.143084
0.181248 0.717604 0.213168 0.167057 0.218839 0.154452 0.285249 0.787745 0.263602 0.309184 0.221603 0.25457 0.220279 0.793121 0.229131 0.210569 0.218242 0.286556 0.146493 0.326024 0.23059 0.351383 0.251965 0.21912 0.143084
0.181248 0.717604 0.213168 0.167057 0.218839 0.154452 0.285249 0.787745 0.263602 0.309184 0.221603 0.254569 0.220279 0.793122 0.229131 0.210569 0.218242 0.286556 0.146493 0.326024 0.230591 0.351382 0.251965 0.21912 0.143084
0.181248 0.717604 0.213168 0.167057 0.218839 0.154452 0.285249 0.787745 0.263602 0.309185 0.221603 0.254569 0.220279 0.793122 0.229132 0.210569 0.218242 0.286556 0.146493 0.326025 0.230591 0.351382 0.251965 0.21912 0.143084
0.181248 0.717604 0.213168 0.167057 0.218839 0.154452 0.285249 0.787745 0.263602 0.309186 0.221603 0.254568 0.220279 0.793122 0.229132 0.210569 0.218242 0.286556 0.146493 0.326025 0.230591 0.351381 0.251965 0.21912 0.143084
0.181248 0.717604 0.213168 0.167057 0.218838 0.154452 0.285249 0.787745 0.263602 0.309186 0.221603 0.254568 0.220279 0.793122 0.229132 0.210569 0.218242 0.286556 0.146493 0.326025 0.230591 0.35138 0.251965 0.21912 0.143084
0.181248 0.717604 0.213168 0.167057 0.218838 0.154452 0.285249 0.787745 0.263602 0.309187 0.221603 0.254568 0.220279 0.793122 0.229132 0.210569 0.218242 0.286556 0.146493 0.326025 0.230592 0.351379 0.251965 0.21912 0.143084
0.181248 0.717604 0.213168 0.167058 0.218838 0.154452 0.285249 0.787745 0.263602 0.309187 0.221603 0.254567 0.220279 0.793122 0.229132 0.210569 0.218242 0.286556 0.146493 0.326025 0.230592 0.351378 0.251964 0.21912 0.143084
0.181248 0.717604 0.213168 0.167058 0.218838 0.154452 0.285249 0.787745 0.263602 0.309188 0.221603 0.254567 0.220279 0.793122 0.229133 0.210569 0.218242 0.286556 0.146493 0.326025 0.230592 0.351378 0.251964 0.21912 0.143084
0.181248 0.717604 0.213168 0.167058 0.218838 0.154452 0.285249 0.787745 0.263602 0.309188 0.221603 0.254566 0.220279 0.793122 0.229133 0.210569 0.218242 0.286556 0.146493 0.326025 0.230592 0.351377 0.251964 0.21912 0.143084
0.181249 0.717604 0.213168 0.167058 0.218838 0.154452 0.285249 0.787745 0.263602 0.309189 0.221603 0.254566 0.220279 0.793122 0.229133 0.210569 0.218242 0.286556 0.146493 0.326025 0.230593 0.351376 0.251964 0.21912 0.143084
0.181249 0.717604 0.213168 0.167058 0.218838 0.154452 0.285248 0.787744 0.263602 0.309189 0.221603 0.254566 0.220279 0.793122 0.229133 0.210569 0.218242 0.286556 0.146493 0.326025 0.230593 0.351376 0.251964 0.21912 0.143084
0.181249 0.717604 0.213168 0.167058 0.218837 0.154452 0.285248 0.787744 0.263603 0.30919 0.221603 0.254565 0.220279 0.793123 0.229133 0.210569 0.218242 0.286556 0.146493 0.326025 0.230593 0.351375 0.251964 0.21912 0.143084
0.181249 0.717604 0.213168 0.167058 0.218837 0.154452 0.285248 0.787744 0.263603 0.30919 0.221603 0.254565 0.220279 0.793123 0.229133 0.210569 0.218242 0.286556 0.146493 0.326025 0.230593 0.351375 0.251964 0.21912 0.143084
0.181249 0.717604 0.213168 0.167058 0.218837 0.154452 0.285248 0.787744 0.263603 0.309191 0.221603 0.254565 0.220279 0.793123 0.229134 0.210569 0.218242 0.286556 0.146493 0.326025 0.230593 0.351374 0.251964 0.21912 0.143084
0.181249 0.717604 0.213168 0.167058 0.218837 0.154452 0.285248 0.787744 0.263603 0.309191 0.221603 0.254564 0.220279 0.793123 0.229134 0.210569 0.218242 0.286556 0.146493 0.326025 0.230593 0.351373 0.251964 0.21912 0.143084
0.181249 0.717604 0.213168 0.167058 0.218837 0.154452 0.285248 0.787744 0.263603 0.309191 0.221603 0.254564 0.220279 0.793123 0.229134 0.210569 0.218242 0.286556 0.146493 0.326026 0.230594 0.351373 0.251964 0.21912 0.143084
0.181249 0.717604 0.213168 0.167058 0.218837 0.154452 0.285248 0.787744 0.263603 0.309192 0.221603 0.254564 0.220279 0.793123 0.229134 0.210569 0.218242 0.286556 0.146493 0.326026 0.230594 0.351373 0.251964 0.21912 0.143084
0.181249 0.717604 0.213168 0.167058 0.218837 0.154452 0.285248 0.787744 0.263603 0.309192 0.221603 0.254564 0.220279 0.793123 0.229134 0.210569 0.218242 0.286556 0.146493 0.326026 0.230594 0.351372 0.251964 0.21912 0.143084
0.181249 0.717604 0.213168 0.167058 0.218837 0.154452 0.285248 0.787744 0.263603 0.309192 0.221603 0.254563 0.220279 0.793123 0.229134 0.210569 0.218242 0.286555 0.146493 0.326026 0.230594 0.351372 0.251964 0.21912 0.143084
0.181249 0.717604 0.213168 0.167058 0.218836 0.154452 0.285248 0.787744 0.263603 0.309193 0.221603 0.254563 0.220279 0.793123 0.229134 0.210569 0.218242 0.286555 0.146493 0.326026 0.230594 0.351371 0.251964 0.21912 0.143084
0.181249 0.717604 0.213168 0.167058 0.218836 0.154452 0.285248 0.787744 0.263603 0.309193 0.221603 0.254563 0.220279 0.793123 0.229134 0.210569 0.218242 0.286555 0.146493 0.326026 0.230594 0.351371 0.251964 0.21912 0.143084
0.181249 0.717604 0.213169 0.167058 0.218836 0.154452 0.285248 0.787744 0.263603 0.309193 0.221603 0.254563 0.220279 0.793123 0.229135 0.210569 0.218242 0.286555 0.146493 0.326026 0.230594 0.35137 0.251964 0.21912 0.143084
0.181249 0.717604 0.213169 0.167058 0.218836 0.154452 0.285248 0.787744 0.263603 0.309194 0.221603 0.254562 0.220279 0.793123 0.229135 0.210569 0.218242 0.286555 0.146493 0.326026 0.230595 0.35137 0.251964 0.21912 0.143084
0.181249 0.717604 0.213169 0.167059 0.218836 0.154452 0.285248 0.787744 0.263603 0.309194 0.221603 0.254562 0.220279 0.793123 0.229135 0.210569 0.218242 0.286555 0.146493 0.326026 0.230595 0.35137 0.251964 0.21912 0.143084
0.181249 0.717604 0.213169 0.167059 0.218836 0.154452 0.285248 0.787744 0.263603 0.309194 0.221603 0.254562 0.220279 0.793123 0.229135 0.210569 0.218242 0.286555 0.146493 0.326026 0.230595 0.351369 0.251963 0.21912 0.143084
0.181249 0.717604 0.213169 0.167059 0.218836 0.154452 0.285248 0.787744 0.263603 0.309194 0.221603 0.254562 0.220279 0.793123 0.229135 0.210569 0.218242 0.286555 0.146493 0.326026 0.230595 0.351369 0.251963 0.21912 0.143085
0.181249 0.717604 0.213169 0.167059 0.218836 0.154452 0.285248 0.787744 0.263603 0.309195 0.221603 0.254562 0.220279 0.793124 0.229135 0.210569 0.218242 0.286555 0.146493 0.326026 0.230595 0.351369 0.251963 0.21912 0.143085
0.181249 0.717604 0.213169 0.167059 0.218836 0.154452 0.285248 0.787744 0.263603 0.309195 0.221603 0.254562 0.220279 0.793124 0.229135 0.210569 0.218242 0.286555 0.146493 0.326026 0.230595 0.351368 0.251963 0.21912 0.143085
0.181249 0.717605 0.213169 0.167059 0.218836 0.154452 0.285248 0.787744 0.263603 0.309195 0.221603 0.254561 0.220279 0.793124 0.229135 0.210569 0.218242 0.286555 0.146493 0.326026 0.230595 0.351368 0.251963 0.21912 0.143085
0.181249 0.717605 0.213169 0.167059 0.218836 0.154452 0.285248 0.787744 0.263603 0.309195 0.221603 0.254561 0.220279 0.793124 0.229135 0.210569 0.218242 0.286555 0.146493 0.326026 0.230595 0.351368 0.251963 0.21912 0.143085
0.181249 0.717605 0.213169 0.167059 0.218836 0.154452 0.285248 0.787744 0.263603 0.309196 0.221603 0.254561 0.220279 0.793124 0.229135 0.210569 0.218242 0.286555 0.146493 0.326026 0.230595 0.351368 0.251963 0.21912 0.143085
0.181249 0.717605 0.213169 0.167059 0.218836 0.154452 0.285248 0.787744 0.263603 0.309196 0.221603 0.254561 0.220279 0.793124 0.229135 0.210569 0.218242 0.286555 0.146493 0.326026 0.230595 0.351367 0.251963 0.21912 0.143085
0.181249 0.717605 0.213169 0.167059 0.218836 0.154452 0.285248 0.787744 0.263603 0.309196 0.221603 0.254561 0.220279 0.793124 0.229136 0.210569 0.218242 0.286555 0.146493 0.326026 0.230595 0.351367 0.251963 0.21912 0.143085
0.181249 0.717605 0.213169 0.167059 0.218836 0.154452 0.285248 0.787744 0.263603 0.309196 0.221603 0.254561 0.220279 0.793124 0.229136 0.210569 0.218242 0.286555 0.146493 0.326026 0.230596 0.351367 0.251963 0.21912 0.143085
0.181249 0.717605 0.213169 0.167059 0.218835 0.154452 0.285248 0.787744 0.263603 0.309196 0.221603 0.254561 0.220279 0.793124 0.229136 0.210569 0.218242 0.286555 0.146493 0.326026 0.230596 0.351367 0.251963 0.21912 0.143085
0.181249 0.717605 0.213169 0.167059 0.218835 0.154452 0.285248 0.787744 0.263603 0.309196 0.221603 0.25456 0.220279 0.793124 0.229136 0.210569 0.218242 0.286555 0.146493 0.326026 0.230596 0.351366 0.251963 0.21912 0.143085
0.181249 0.717605 0.213169 0.167059 0.218835 0.154452 0.285248 0.787744 0.263603 0.309197 0.221603 0.25456 0.220279 0.793124 0.229136 0.210569 0.218242 0.286555 0.146493 0.326026 0.230596 0.351366 0.251963 0.21912 0.143085
0.181249 0.717605 0.213169 0.167059 0.218835 0.154452 0.285248 0.787743 0.263603 0.309197 0.221603 0.25456 0.220279 0.793124 0.229136 0.210569 0.218242 0.286555 0.146493 0.326026 0.230596 0.351366 0.251963 0.21912 0.143085
0.181249 0.717605 0.213169 0.167059 0.218835 0.154452 0.285248 0.787743 0.263603 0.309197 0.221603 0.25456 0.220279 0.793124 0.229136 0.210569 0.218242 0.286555 0.146493 0.326026 0.230596 0.351366 0.251963 0.21912 0.143085
0.181249 0.717605 0.213169 0.167059 0.218835 0.154452 0.285248 0.787743 0.263603 0.309197 0.221603 0.25456 0.220279 0.793124 0.229136 0.210569 0.218242 0.286555 0.146493 0.326026 0.230596 0.351366 0.251963 0.21912 0.143085
0.181249 0.717605 0.213169 0.167059 0.218835 0.154452 0.285248 0.787743 0.263603 0.309197 0.221603 0.25456 0.220279 0.793124 0.229136 0.210569 0.218242 0.286555 0.146493 0.326026 0.230596 0.351366 0.251963 0.21912 0.143085
0.181249 0.717605 0.213169 0.167059 0.218835 0.154452 0.285248 0.787743 0.263603 0.309197 0.221603 0.25456 0.220279 0.793124 0.229136 0.210569 0.218242 0.286555 0.146493 0.326026 0.230596 0.351365 0.251963 0.21912 0.143085
0.181249 0.717605 0.213169 0.167059 0.218835 0.154452 0.285248 0.787743 0.263603 0.309197 0.221603 0.25456 0.220279 0.793124 0.229136 0.210569 0.218242 0.286555 0.146493 0.326026 0.230596 0.351365 0.251963 0.21912 0.143085
0.181249 0.717605 0.213169 0.167059 0.218835 0.154452 0.285248 0.787743 0.263603 0.309197 0.221603 0.25456 0.220279 0.793124 0.229136 0.210569 0.218242 0.286555 0.146493 0.326027 0.230596 0.351365 0.251963 0.21912 0.143085
0.181249 0.717605 0.213169 0.167059 0.218835 0.154452 0.285248 0.787743 0.263603 0.309198 0.221603 0.25456 0.220279 0.793124 0.229136 0.210569 0.218242 0.286555 0.146493 0.326027 0.230596 0.351365 0.251963 0.21912 0.143085
0.181249 0.717605 0.213169 0.167059 0.218835 0.154452 0.285248 0.787743 0.263603 0.309198 0.221603 0.25456 0.220279 0.793124 0.229136 0.210569 0.218242 0.286555 0.146493 0.326027 0.230596 0.351365 0.251963 0.21912 0.143085
0.181249 0.717605 0.213169 0.167059 0.218835 0.154452 0.285248 0.787743 0.263603 0.309198 0.221603 0.254559 0.220279 0.793124 0.229136 0.210569 0.218242 0.286555 0.146493 0.326027 0.230596 0.351365 0.251963 0.21912 0.143085
0.181249 0.717605 0.213169 0.167059 0.218835 0.154452 0.285248 0.787743 0.263603 0.309198 0.221603 0.254559 0.220279 0.793124 0.229136 0.210569 0.218242 0.286555 0.146493 0.326027 0.230596 0.351365 0.251963 0.21912 0.143085
0.181249 0.717605 0.213169 0.167059 0.218835 0.154452 0.285248 0.787743 0.263603 0.309198 0.221603 0.254559 0.220279 0.793124 0.229136 0.210569 0.218242 0.286555 0.146493 0.326027 0.230596 0.351364 0.251963 0.21912 0.143085
0.181249 0.717605 0.213169 0.167059 0.218835 0.154452 0.285248 0.787743 0.263603 0.309198 0.221603 0.254559 0.220279 0.793124 0.229136 0.210569 0.218242 0.286555 0.146493 0.326027 0.230596 0.351364 0.251963 0.21912 0.143085
0.181249 0.717605 0.213169 0.167059 0.218835 0.154452 0.285248 0.787743 0.263603 0.309198 0.221603 0.254559 0.220279 0.793124 0.229136 0.210569 0.218242 0.286555 0.146493 0.326027 0.230596 0.351364 0.251963 0.21912 0.143085
0.181249 0.717605 0.213169 0.167059 0.218835 0.154452 0.285248 0.787743 0.263603 0.309198 0.221603 0.254559 0.220279 0.793124 0.229136 0.210569 0.218242 0.286555 0.146493 0.326027 0.230596 0.351364 0.251963 0.21912 0.143085
0.181249 0.717605 0.213169 0.167059 0.218835 0.154452 0.285248 0.787743 0.263603 0.309198 0.221603 0.254559 0.220279 0.793124 0.229136 0.210569 0.218242 0.286555 0.146493 0.326027 0.230596 0.351364 0.251963 0.21912 0.143085
0.181249 0.717605 0.213169 0.167059 0.218835 0.154452 0.285248 0.787743 0.263603 0.309198 0.221603 0.254559 0.220279 0.793124 0.229136 0.210569 0.218242 0.286555 0.146493 0.326027 0.230596 0.351364 0.251963 0.21912 0.143085
0.181249 0.717605 0.213169 0.167059 0.218835 0.154452 0.285248 0.787743 0.263603 0.309198 0.221603 0.254559 0.220279 0.793124 0.229136 0.210569 0.218242 0.286555 0.146493 0.326027 0.230597 0.351364 0.251963 0.21912 0.143085
0.181249 0.717605 0.213169 0.167059 0.218835 0.154452 0.285248 0.787743 0.263603 0.309198 0.221603 0.254559 0.220279 0.793124 0.229136 0.210569 0.218242 0.286555 0.146493 0.326027 0.230597 0.351364 0.251963 0.21912 0.143085
0.181249 0.717605 0.213169 0.167059 0.218835 0.154452 0.285248 0.787743 0.263603 0.309199 0.221603 0.254559 0.220279 0.793124 0.229136 0.210569 0.218242 0.286555 0.146492 0.326027 0.230597 0.351364 0.251963 0.21912 0.143085
0.181249 0.717605 0.213169 0.167059 0.218835 0.154452 0.285248 0.787743 0.263603 0.309199 0.221603 0.254559 0.220279 0.793124 0.229136 0.210569 0.218242 0.286555 0.146492 0.326027 0.230597 0.351364 0.251963 0.21912 0.143085
0.181249 0.717605 0.213169 0.167059 0.218835 0.154452 0.285248 0.787743 0.263603 0.309199 0.221603 0.254559 0.220279 0.793124 0.229136 0.210569 0.218242 0.286555 0.146492 0.326027 0.230597 0.351363 0.251963 0.21912 0.143085
0.181249 0.717605 0.213169 0.167059 0.218835 0.154452 0.285248 0.787743 0.263603 0.309199 0.221603 0.254559 0.220279 0.793124 0.229137 0.210569 0.218242 0.286555 0.146492 0.326027 0.230597 0.351363 0.251963 0.21912 0.143085
0.181249 0.717605 0.213169 0.167059 0.218835 0.154452 0.285248 0.787743 0.263603 0.309199 0.221603 0.254559 0.220279 0.793124 0.229137 0.210569 0.218242 0.286555 0.146492 0.326027 0.230597 0.351363 0.251963 0.21912 0.143085
0.181249 0.717605 0.213169 0.167059 0.218835 0.154452 0.285248 0.787743 0.263603 0.309199 0.221603 0.254559 0.220279 0.793124 0.229137 0.210569 0.218242 0.286555 0.146492 0.326027 0.230597 0.351363 0.251963 0.21912 0.143085
0.181249 0.717605 0.213169 0.167059 0.218835 0.154452 0.285248 0.787743 0.263603 0.309199 0.221603 0.254559 0.220279 0.793124 0.229137 0.210569 0.218242 0.286555 0.146492 0.326027 0.230597 0.351363 0.251963 0.21912 0.143085
0.181249 0.717605 0.213169 0.167059 0.218835 0.154452 0.285248 0.787743 0.263604 0.309199 0.221603 0.254559 0.220279 0.793124 0.229137 0.210569 0.218242 0.286555 0.146492 0.326027 0.230597 0.351363 0.251963 0.21912 0.143085
0.181249 0.717605 0.213169 0.167059 0.218835 0.154452 0.285248 0.787743 0.263604 0.309199 0.221603 0.254559 0.220279 0.793124 0.229137 0.210569 0.218242 0.286555 0.146492 0.326027 0.230597 0.351363 0.251963 0.21912 0.143085
0.181249 0.717605 0.213169 0.167059 0.218835 0.154452 0.285248 0.787743 0.263604 0.309199 0.221603 0.254559 0.220279 0.793124 0.229137 0.210569 0.218242 0.286555 0.146492 0.326027 0.230597 0.351363 0.251963 0.21912 0.143085
0.181249 0.717605 0.213169 0.167059 0.218835 0.154452 0.285248 0.787743 0.263604 0.309199 0.221603 0.254558 0.220279 0.793124 0.229137 0.210569 0.218242 0.286555 0.146492 0.326027 0.230597 0.351363 0.251963 0.21912 0.143085
0.181249 0.717605 0.213169 0.167059 0.218835 0.154452 0.285248 0.787743 0.263604 0.309199 0.221603 0.254558 0.220279 0.793124 0.229137 0.210569 0.218242 0.286555 0.146492 0.326027 0.230597 0.351363 0.251963 0.21912 0.143085
0.181249 0.717605 0.213169 0.167059 0.218835 0.154452 0.285248 0.787743 0.263604 0.309199 0.221603 0.254558 0.220279 0.793124 0.229137 0.210569 0.218242 0.286555 0.146492 0.326027 0.230597 0.351363 0.251963 0.21912 0.143085
0.181249 0.717605 0.213169 0.167059 0.218835 0.154452 0.285248 0.787743 0.263604 0.309199 0.221603 0.254558 0.220279 0.793124 0.229137 0.210569 0.218242 0.286555 0.146492 0.326027 0.230597 0.351363 0.251963 0.21912 0.143085
0.181249 0.717605 0.213169 0.167059 0.218835 0.154452 0.285248 0.787743 0.263604 0.309199 0.221603 0.254558 0.220279 0.793124 0.229137 0.210569 0.218242 0.286555 0.146492 0.326027 0.230597 0.351363 0.251963 0.21912 0.143085
0.181249 0.717605 0.213169 0.167059 0.218835 0.154452 0.285248 0.787743 0.263604 0.309199 0.221603 0.254558 0.220279 0.793124 0.229137 0.210569 0.218242 0.286555 0.146492 0.326027 0.230597 0.351363 0.251963 0.21912 0.143085
0.181249 0.717605 0.213169 0.167059 0.218835 0.154452 0.285248 0.787743 0.263604 0.309199 0.221603 0.254558 0.220279 0.793124 0.229137 0.210569 0.218242 0.286555 0.146492 0.326027 0.230597 0.351363 0.251963 0.21912 0.143085
0.181249 0.717605 0.213169 0.167059 0.218835 0.154452 0.285248 0.787743 0.263604 0.309199 0.221603 0.254558 0.220279 0.793124 0.229137 0.210569 0.218242 0.286555 0.146492 0.326027 0.230597 0.351363 0.251963 0.21912 0.143085
0.181249 0.717605 0.213169 0.167059 0.218835 0.154452 0.285248 0.787743 0.263604 0.309199 0.221603 0.254558 0.220279 0.793124 0.229137 0.210569 0.218242 0.286555 0.146492 0.326027 0.230597 0.351363 0.251963 0.21912 0.143085
0.181249 0.717605 0.213169 0.167059 0.218835 0.154452 0.285248 0.787743 0.263604 0.309199 0.221603 0.254558 0.220279 0.793124 0.229137 0.210569 0.218242 0.286555 0.146492 0.326027 0.230597 0.351363 0.251963 0.21912 0.143085
0.181249 0.717605 0.213169 0.167059 0.218835 0.154452 0.285248 0.787743 0.263604 0.309199 0.221603 0.254558 0.220279 0.793124 0.229137 0.210569 0.218242 0.286555 0.146492 0.326027 0.230597 0.351363 0.251963 0.21912 0.143085
0.181249 0.717605 0.213169 0.167059 0.218835 0.154452 0.285248 0.787743 0.263604 0.309199 0.221603 0.254558 0.220279 0.793124 0.229137 0.210569 0.218242 0.286555 0.146492 0.326027 0.230597 0.351362 0.251963 0.21912 0.143085
0.181249 0.717605 0.213169 0.167059 0.218835 0.154452 0.285248 0.787743 0.263604 0.309199 0.221603 0.254558 0.220279 0.793124 0.229137 0.210569 0.218242 0.286555 0.146492 0.326027 0.230597 0.351362 0.251963 0.21912 0.143085
0.181249 0.717605 0.213169 0.167059 0.218835 0.154452 0.285248 0.787743 0.263604 0.309199 0.221603 0.254558 0.220279 0.793124 0.229137 0.210569 0.218242 0.286555 0.146492 0.326027 0.230597 0.351362 0.251963 0.21912 0.143085
0.181249 0.717605 0.213169 0.167059 0.218835 0.154452 0.285248 0.787743 0.263604 0.309199 0.221603 0.254558 0.220279 0.793124 0.229137 0.210569 0.218242 0.286555 0.146492 0.326027 0.230597 0.351362 0.251963 0.21912 0.143085
0.181249 0.717605 0.213169 0.167059 0.218835 0.154452 0.285248 0.787743 0.263604 0.309199 0.221603 0.254558 0.220279 0.793124 0.229137 0.210569 0.218242 0.286555 0.146492 0.326027 0.230597 0.351362 0.251963 0.21912 0.143085
0.181249 0.717605 0.213169 0.167059 0.218834 0.154452 0.285248 0.787743 0.263604 0.3092 0.221603 0.254558 0.220279 0.793124 0.229137 0.210569 0.218242 0.286555 0.146492 0.326027 0.230597 0.351362 0.251963 0.21912 0.143085
0.181249 0.717605 0.213169 0.167059 0.218834 0.154452 0.285248 0.787743 0.263604 0.3092 0.221603 0.254558 0.220279 0.793124 0.229137 0.210568 0.218242 0.286555 0.146492 0.326027 0.230597 0.351362 0.251963 0.21912 0.143085
0.181249 0.717605 0.213169 0.167059 0.218834 0.154452 0.285248 0.787743 0.263604 0.3092 0.221603 0.254558 0.220279 0.793124 0.229137 0.210568 0.218242 0.286555 0.146492 0.326027 0.230597 0.351362 0.251963 0.21912 0.143085
0.181249 0.717605 0.213169 0.167059 0.218834 0.154452 0.285248 0.787743 0.263604 0.3092 0.221603 0.254558 0.220279 0.793124 0.229137 0.210568 0.218242 0.286555 0.146492 0.326027 0.230597 0.351362 0.251963 0.21912 0.143085
0.181249 0.717605 0.213169 0.167059 0.218834 0.154452 0.285248 0.787743 0.263604 0.3092 0.221603 0.254558 0.220279 0.793124 0.229137 0.210568 0.218242 0.286555 0.146492 0.326027 0.230597 0.351362 0.251963 0.21912 0.143085
0.181249 0.717605 0.213169 0.167059 0.218834 0.154452 0.285248 0.787743 0.263604 0.3092 0.221603 0.254558 0.220279 0.793124 0.229137 0.210568 0.218242 0.286555 0.146492 0.326027 0.230597 0.351362 0.251963 0.21912 0.143085
0.181249 0.717605 0.213169 0.167059 0.218834 0.154452 0.285248 0.787743 0.263604 0.3092 0.221603 0.254558 0.220279 0.793124 0.229137 0.210568 0.218242 0.286555 0.146492 0.326027 0.230597 0.351362 0.251963 0.21912 0.143085
0.181249 0.717605 0.213169 0.167059 0.218834 0.154452 0.285248 0.787743 0.263604 0.3092 0.221603 0.254558 0.220279 0.793124 0.229137 0.210568 0.218242 0.286555 0.146492 0.326027 0.230597 0.351362 0.251963 0.21912 0.143085
0.181249 0.717605 0.213169 0.167059 0.218834 0.154452 0.285248 0.787743 0.263604 0.3092 0.221603 0.254558 0.220279 0.793124 0.229137 0.210568 0.218242 0.286555 0.146492 0.326027 0.230597 0.351362 0.251963 0.21912 0.143085
0.181249 0.717605 0.213169 0.167059 0.218834 0.154452 0.285248 0.787743 0.263604 0.3092 0.221603 0.254558 0.220279 0.793124 0.229137 0.210568 0.218242 0.286555 0.146492 0.326027 0.230597 0.351362 0.251963 0.21912 0.143085
