0.0369092 0.038912 0.0403331 0.0281581 0.0190255 0.0284082 0.0369368 0.010141 0.0392028 0.026723 0.0192217 0.0283568 0.0191179 0.010207 0.0175426 0.018991 0.0189584 0.0371643 0.0184964 0.0386166 0.0389708 0.0233666 0.0365741 0.0190271 0.0400286
0.265773 0.267292 0.274498 0.249927 0.235369 0.252086 0.265966 0.206141 0.275135 0.245857 0.242158 0.251643 0.24087 0.207487 0.231632 0.234945 0.234544 0.267548 0.235052 0.269832 0.273572 0.240117 0.263436 0.239741 0.272518
0.128209 0.130043 0.137349 0.112387 0.0986844 0.113683 0.128335 0.0728174 0.13775 0.107466 0.103734 0.113416 0.102904 0.0734301 0.0955366 0.0984183 0.0981671 0.129373 0.0994407 0.13409 0.136683 0.102571 0.126684 0.102179 0.136049
0.223198 0.223747 0.234394 0.207391 0.198624 0.209519 0.223393 0.169514 0.236331 0.200604 0.208573 0.209081 0.207117 0.170786 0.196074 0.198155 0.197712 0.225 0.201852 0.231092 0.234706 0.197369 0.220829 0.205844 0.232415
0.153326 0.154812 0.163144 0.136336 0.122861 0.137905 0.153477 0.0941519 0.163097 0.130316 0.128338 0.137582 0.127264 0.0949407 0.11975 0.122517 0.122192 0.154721 0.125042 0.160454 0.161825 0.126032 0.151497 0.126327 0.161609
0.205068 0.205655 0.216253 0.188516 0.179071 0.190529 0.205255 0.149106 0.217607 0.181557 0.188056 0.190115 0.186635 0.150266 0.176656 0.178615 0.178185 0.206797 0.182756 0.213313 0.216041 0.178332 0.202798 0.185394 0.214361
0.16613 0.167296 0.176408 0.148958 0.136457 0.150647 0.166292 0.10681 0.176536 0.142553 0.142725 0.150299 0.141541 0.107691 0.133631 0.136078 0.13572 0.16762 0.139318 0.173738 0.17518 0.138613 0.164176 0.140509 0.174773
0.195338 0.195975 0.206389 0.178485 0.168391 0.180422 0.19552 0.138132 0.207358 0.171574 0.17671 0.180024 0.175333 0.139223 0.165995 0.16795 0.167534 0.197014 0.172091 0.203537 0.205838 0.16824 0.193139 0.174131 0.204555
0.173279 0.174259 0.183787 0.156095 0.144201 0.157848 0.173446 0.114174 0.184052 0.149524 0.150948 0.157487 0.14971 0.115107 0.141542 0.143805 0.143431 0.174817 0.147375 0.181073 0.182653 0.14576 0.17126 0.14863 0.182101
0.189897 0.190576 0.200842 0.172914 0.162409 0.174807 0.190076 0.132065 0.201596 0.166063 0.170334 0.174418 0.168987 0.133118 0.159997 0.161978 0.161571 0.191541 0.166049 0.198014 0.200104 0.162643 0.18774 0.167812 0.199043
0.177338 0.178218 0.187967 0.160175 0.148631 0.161962 0.177508 0.118441 0.188322 0.153524 0.155656 0.161595 0.154389 0.119403 0.146059 0.148226 0.147843 0.178903 0.151955 0.185215 0.186899 0.149853 0.175285 0.153284 0.186252
0.186815 0.187524 0.197691 0.169772 0.159023 0.17164 0.186991 0.128663 0.198329 0.162963 0.166722 0.171255 0.165393 0.129694 0.15659 0.158598 0.158196 0.18844 0.162608 0.194874 0.196853 0.159488 0.184683 0.164234 0.195912
0.179653 0.180479 0.190347 0.16251 0.151165 0.164317 0.179824 0.120902 0.190759 0.155817 0.15835 0.163945 0.157068 0.12188 0.148638 0.150755 0.150367 0.181233 0.154565 0.187573 0.189323 0.152197 0.17758 0.155949 0.188616
0.185061 0.185791 0.195895 0.167988 0.157097 0.169841 0.185236 0.126741 0.19647 0.161206 0.164668 0.16946 0.16335 0.127759 0.154649 0.156675 0.156277 0.186675 0.160644 0.193084 0.195004 0.157697 0.182943 0.162201 0.194128
0.180975 0.181773 0.191704 0.163845 0.152613 0.165664 0.181147 0.122316 0.192151 0.15713 0.159891 0.16529 0.1586 0.123304 0.150111 0.1522 0.15181 0.182563 0.156054 0.188918 0.190708 0.153538 0.178891 0.157473 0.189964
0.184061 0.184805 0.194871 0.166973 0.155999 0.168817 0.184236 0.125651 0.195411 0.160207 0.163498 0.168438 0.162186 0.126661 0.153541 0.15558 0.155184 0.185669 0.159523 0.192064 0.19395 0.156678 0.181952 0.161042 0.19311
0.181729 0.182512 0.192479 0.164609 0.153441 0.166433 0.181902 0.123126 0.192946 0.157881 0.160772 0.166058 0.159475 0.12412 0.150951 0.153026 0.152634 0.183323 0.156903 0.189686 0.191499 0.154304 0.179639 0.158345 0.190734
0.183491 0.184243 0.194286 0.166394 0.155374 0.168234 0.183665 0.125031 0.194807 0.159637 0.16283 0.167855 0.161523 0.126037 0.152908 0.154955 0.15456 0.185095 0.158883 0.191482 0.19335 0.156097 0.181386 0.160382 0.192529
0.18216 0.182934 0.192921 0.165045 0.153913 0.166873 0.182333 0.12359 0.193401 0.15831 0.161275 0.166497 0.159976 0.124587 0.15143 0.153497 0.153105 0.183756 0.157388 0.190125 0.191951 0.154742 0.180066 0.158842 0.191173
0.183166 0.183922 0.193952 0.166064 0.155016 0.167901 0.183339 0.124678 0.194463 0.159312 0.16245 0.167523 0.161144 0.125681 0.152547 0.154599 0.154204 0.184768 0.158518 0.19115 0.193007 0.155765 0.181063 0.160005 0.192197
0.182406 0.183176 0.193173 0.165294 0.154183 0.167124 0.182579 0.123856 0.19366 0.158555 0.161562 0.166748 0.160261 0.124854 0.151703 0.153767 0.153374 0.184003 0.157664 0.190375 0.192209 0.154992 0.18031 0.159126 0.191423
0.18298 0.18374 0.193762 0.165875 0.154813 0.167711 0.183153 0.124476 0.194266 0.159127 0.162233 0.167333 0.160928 0.125479 0.152341 0.154395 0.154001 0.184581 0.158309 0.19096 0.192812 0.155576 0.180879 0.15979 0.192008
0.182546 0.183313 0.193317 0.165436 0.154337 0.167268 0.182719 0.124007 0.193808 0.158695 0.161726 0.166891 0.160424 0.125006 0.151859 0.15392 0.153527 0.184145 0.157822 0.190518 0.192356 0.155135 0.180449 0.159289 0.191566
0.182874 0.183635 0.193653 0.165768 0.154696 0.167602 0.183047 0.124361 0.194154 0.159021 0.162109 0.167225 0.160805 0.125363 0.152223 0.154279 0.153885 0.184474 0.15819 0.190852 0.1927 0.155468 0.180774 0.159668 0.1919
0.182626 0.183392 0.193399 0.165517 0.154425 0.167349 0.1828 0.124094 0.193893 0.158775 0.161819 0.166972 0.160517 0.125093 0.151948 0.154008 0.153615 0.184225 0.157912 0.1906 0.19244 0.155216 0.180528 0.159381 0.191648
0.182813 0.183576 0.193591 0.165706 0.15463 0.167541 0.182987 0.124296 0.19409 0.158961 0.162038 0.167163 0.160735 0.125297 0.152156 0.154213 0.153819 0.184413 0.158122 0.19079 0.192637 0.155407 0.180714 0.159598 0.191839
0.182672 0.183437 0.193446 0.165563 0.154475 0.167396 0.182845 0.124143 0.193941 0.15882 0.161873 0.167019 0.16057 0.125143 0.151999 0.154058 0.153665 0.184271 0.157963 0.190646 0.192488 0.155263 0.180574 0.159434 0.191695
0.182779 0.183542 0.193555 0.165671 0.154592 0.167505 0.182952 0.124259 0.194054 0.158927 0.161998 0.167128 0.160694 0.125259 0.152118 0.154175 0.153781 0.184379 0.158083 0.190755 0.192601 0.155372 0.18068 0.159558 0.191803
0.182698 0.183463 0.193473 0.16559 0.154504 0.167423 0.182871 0.124171 0.193969 0.158846 0.161903 0.167046 0.160601 0.125172 0.152028 0.154087 0.153693 0.184297 0.157993 0.190673 0.192516 0.15529 0.1806 0.159464 0.191721
0.182759 0.183523 0.193535 0.165651 0.15457 0.167485 0.182932 0.124237 0.194033 0.158907 0.161975 0.167108 0.160672 0.125238 0.152096 0.154153 0.15376 0.184359 0.158061 0.190735 0.19258 0.155352 0.18066 0.159535 0.191783
0.182713 0.183477 0.193488 0.165605 0.15452 0.167438 0.182886 0.124187 0.193984 0.158861 0.161921 0.167061 0.160618 0.125188 0.152045 0.154103 0.153709 0.184312 0.158009 0.190688 0.192531 0.155305 0.180614 0.159482 0.191736
0.182748 0.183511 0.193524 0.16564 0.154558 0.167474 0.182921 0.124225 0.194021 0.158896 0.161961 0.167096 0.160658 0.125226 0.152083 0.154141 0.153747 0.184347 0.158048 0.190724 0.192568 0.15534 0.180649 0.159522 0.191772
0.182721 0.183486 0.193497 0.165613 0.154529 0.167447 0.182895 0.124197 0.193993 0.158869 0.161931 0.167069 0.160628 0.125197 0.152054 0.154112 0.153719 0.184321 0.158019 0.190697 0.19254 0.155313 0.180623 0.159491 0.191745
0.182741 0.183505 0.193517 0.165634 0.154551 0.167467 0.182915 0.124218 0.194014 0.158889 0.161954 0.16709 0.160651 0.125219 0.152076 0.154134 0.15374 0.184341 0.158041 0.190717 0.192561 0.155334 0.180642 0.159514 0.191765
0.182726 0.18349 0.193502 0.165618 0.154535 0.167452 0.1829 0.124202 0.193999 0.158874 0.161936 0.167074 0.160634 0.125202 0.15206 0.154118 0.153724 0.184326 0.158024 0.190702 0.192545 0.155318 0.180628 0.159497 0.19175
0.182738 0.183502 0.193513 0.16563 0.154547 0.167463 0.182911 0.124214 0.19401 0.158886 0.16195 0.167086 0.160647 0.125215 0.152072 0.15413 0.153736 0.184337 0.158037 0.190713 0.192557 0.15533 0.180639 0.15951 0.191762
0.182729 0.183493 0.193505 0.165621 0.154538 0.167455 0.182902 0.124205 0.194001 0.158877 0.16194 0.167077 0.160637 0.125205 0.152063 0.154121 0.153727 0.184329 0.158027 0.190705 0.192548 0.155321 0.18063 0.1595 0.191753
0.182736 0.1835 0.193511 0.165628 0.154545 0.167461 0.182909 0.124212 0.194008 0.158883 0.161947 0.167084 0.160644 0.125212 0.15207 0.154128 0.153734 0.184335 0.158035 0.190711 0.192555 0.155328 0.180637 0.159508 0.191759
0.182731 0.183495 0.193506 0.165623 0.154539 0.167456 0.182904 0.124207 0.194003 0.158879 0.161941 0.167079 0.160639 0.125207 0.152064 0.154122 0.153729 0.18433 0.158029 0.190706 0.19255 0.155323 0.180632 0.159502 0.191754
0.182734 0.183498 0.19351 0.165627 0.154543 0.16746 0.182908 0.124211 0.194007 0.158882 0.161946 0.167083 0.160643 0.125211 0.152068 0.154126 0.153733 0.184334 0.158033 0.19071 0.192554 0.155326 0.180636 0.159506 0.191758
0.182732 0.183496 0.193507 0.165624 0.15454 0.167457 0.182905 0.124208 0.194004 0.15888 0.161942 0.16708 0.16064 0.125208 0.152065 0.154123 0.15373 0.184331 0.15803 0.190707 0.192551 0.155324 0.180633 0.159503 0.191755
0.182734 0.183498 0.193509 0.165626 0.154543 0.167459 0.182907 0.12421 0.194006 0.158882 0.161945 0.167082 0.160642 0.12521 0.152068 0.154126 0.153732 0.184333 0.158033 0.190709 0.192553 0.155326 0.180635 0.159506 0.191757
0.182732 0.183496 0.193508 0.165624 0.154541 0.167458 0.182905 0.124208 0.194005 0.15888 0.161943 0.16708 0.16064 0.125209 0.152066 0.154124 0.15373 0.184332 0.158031 0.190708 0.192552 0.155324 0.180633 0.159504 0.191756
0.182733 0.183497 0.193509 0.165625 0.154542 0.167459 0.182907 0.124209 0.194006 0.158881 0.161945 0.167082 0.160642 0.12521 0.152067 0.154125 0.153732 0.184333 0.158032 0.190709 0.192553 0.155325 0.180635 0.159505 0.191757
0.182732 0.183496 0.193508 0.165625 0.154541 0.167458 0.182906 0.124208 0.194005 0.15888 0.161943 0.167081 0.160641 0.125209 0.152066 0.154124 0.153731 0.184332 0.158031 0.190708 0.192552 0.155324 0.180634 0.159504 0.191756
0.182733 0.183497 0.193509 0.165625 0.154542 0.167459 0.182906 0.124209 0.194006 0.158881 0.161944 0.167081 0.160641 0.12521 0.152067 0.154125 0.153731 0.184333 0.158032 0.190709 0.192553 0.155325 0.180634 0.159505 0.191757
0.182733 0.183497 0.193508 0.165625 0.154541 0.167458 0.182906 0.124209 0.194005 0.158881 0.161944 0.167081 0.160641 0.125209 0.152066 0.154124 0.153731 0.184332 0.158031 0.190708 0.192552 0.155325 0.180634 0.159504 0.191756
0.182733 0.183497 0.193509 0.165625 0.154542 0.167458 0.182906 0.124209 0.194006 0.158881 0.161944 0.167081 0.160641 0.12521 0.152067 0.154125 0.153731 0.184333 0.158032 0.190708 0.192552 0.155325 0.180634 0.159505 0.191757
0.182733 0.183497 0.193508 0.165625 0.154541 0.167458 0.182906 0.124209 0.194005 0.158881 0.161944 0.167081 0.160641 0.125209 0.152067 0.154125 0.153731 0.184332 0.158031 0.190708 0.192552 0.155325 0.180634 0.159504 0.191756
0.182733 0.183497 0.193508 0.165625 0.154542 0.167458 0.182906 0.124209 0.194005 0.158881 0.161944 0.167081 0.160641 0.12521 0.152067 0.154125 0.153731 0.184332 0.158032 0.190708 0.192552 0.155325 0.180634 0.159505 0.191757
0.182733 0.183497 0.193508 0.165625 0.154542 0.167458 0.182906 0.124209 0.194005 0.158881 0.161944 0.167081 0.160641 0.125209 0.152067 0.154125 0.153731 0.184332 0.158031 0.190708 0.192552 0.155325 0.180634 0.159504 0.191756
0.182733 0.183497 0.193508 0.165625 0.154542 0.167458 0.182906 0.124209 0.194005 0.158881 0.161944 0.167081 0.160641 0.125209 0.152067 0.154125 0.153731 0.184332 0.158032 0.190708 0.192552 0.155325 0.180634 0.159505 0.191757
0.182733 0.183497 0.193508 0.165625 0.154542 0.167458 0.182906 0.124209 0.194005 0.158881 0.161944 0.167081 0.160641 0.125209 0.152067 0.154125 0.153731 0.184332 0.158031 0.190708 0.192552 0.155325 0.180634 0.159504 0.191756
0.182733 0.183497 0.193508 0.165625 0.154542 0.167458 0.182906 0.124209 0.194005 0.158881 0.161944 0.167081 0.160641 0.125209 0.152067 0.154125 0.153731 0.184332 0.158032 0.190708 0.192552 0.155325 0.180634 0.159505 0.191757
0.182733 0.183497 0.193508 0.165625 0.154542 0.167458 0.182906 0.124209 0.194005 0.158881 0.161944 0.167081 0.160641 0.125209 0.152067 0.154125 0.153731 0.184332 0.158032 0.190708 0.192552 0.155325 0.180634 0.159504 0.191757
0.182733 0.183497 0.193508 0.165625 0.154542 0.167458 0.182906 0.124209 0.194005 0.158881 0.161944 0.167081 0.160641 0.125209 0.152067 0.154125 0.153731 0.184332 0.158032 0.190708 0.192552 0.155325 0.180634 0.159505 0.191757
0.182733 0.183497 0.193508 0.165625 0.154542 0.167458 0.182906 0.124209 0.194005 0.158881 0.161944 0.167081 0.160641 0.125209 0.152067 0.154125 0.153731 0.184332 0.158032 0.190708 0.192552 0.155325 0.180634 0.159504 0.191757
0.182733 0.183497 0.193508 0.165625 0.154542 0.167458 0.182906 0.124209 0.194005 0.158881 0.161944 0.167081 0.160641 0.125209 0.152067 0.154125 0.153731 0.184332 0.158032 0.190708 0.192552 0.155325 0.180634 0.159504 0.191757
0.182733 0.183497 0.193508 0.165625 0.154542 0.167458 0.182906 0.124209 0.194005 0.158881 0.161944 0.167081 0.160641 0.125209 0.152067 0.154125 0.153731 0.184332 0.158032 0.190708 0.192552 0.155325 0.180634 0.159504 0.191757
0.182733 0.183497 0.193508 0.165625 0.154542 0.167458 0.182906 0.124209 0.194005 0.158881 0.161944 0.167081 0.160641 0.125209 0.152067 0.154125 0.153731 0.184332 0.158032 0.190708 0.192552 0.155325 0.180634 0.159504 0.191757
0.182733 0.183497 0.193508 0.165625 0.154542 0.167458 0.182906 0.124209 0.194005 0.158881 0.161944 0.167081 0.160641 0.125209 0.152067 0.154125 0.153731 0.184332 0.158032 0.190708 0.192552 0.155325 0.180634 0.159504 0.191757
0.182733 0.183497 0.193508 0.165625 0.154542 0.167458 0.182906 0.124209 0.194005 0.158881 0.161944 0.167081 0.160641 0.125209 0.152067 0.154125 0.153731 0.184332 0.158032 0.190708 0.192552 0.155325 0.180634 0.159504 0.191757
0.182733 0.183497 0.193508 0.165625 0.154542 0.167458 0.182906 0.124209 0.194005 0.158881 0.161944 0.167081 0.160641 0.125209 0.152067 0.154125 0.153731 0.184332 0.158032 0.190708 0.192552 0.155325 0.180634 0.159504 0.191757
0.182733 0.183497 0.193508 0.165625 0.154542 0.167458 0.182906 0.124209 0.194005 0.158881 0.161944 0.167081 0.160641 0.125209 0.152067 0.154125 0.153731 0.184332 0.158032 0.190708 0.192552 0.155325 0.180634 0.159504 0.191757
0.182733 0.183497 0.193508 0.165625 0.154542 0.167458 0.182906 0.124209 0.194005 0.158881 0.161944 0.167081 0.160641 0.125209 0.152067 0.154125 0.153731 0.184332 0.158032 0.190708 0.192552 0.155325 0.180634 0.159504 0.191757
0.182733 0.183497 0.193508 0.165625 0.154542 0.167458 0.182906 0.124209 0.194005 0.158881 0.161944 0.167081 0.160641 0.125209 0.152067 0.154125 0.153731 0.184332 0.158032 0.190708 0.192552 0.155325 0.180634 0.159504 0.191757
0.182733 0.183497 0.193508 0.165625 0.154542 0.167458 0.182906 0.124209 0.194005 0.158881 0.161944 0.167081 0.160641 0.125209 0.152067 0.154125 0.153731 0.184332 0.158032 0.190708 0.192552 0.155325 0.180634 0.159504 0.191757
0.182733 0.183497 0.193508 0.165625 0.154542 0.167458 0.182906 0.124209 0.194005 0.158881 0.161944 0.167081 0.160641 0.125209 0.152067 0.154125 0.153731 0.184332 0.158032 0.190708 0.192552 0.155325 0.180634 0.159504 0.191757
0.182733 0.183497 0.193508 0.165625 0.154542 0.167458 0.182906 0.124209 0.194005 0.158881 0.161944 0.167081 0.160641 0.125209 0.152067 0.154125 0.153731 0.184332 0.158032 0.190708 0.192552 0.155325 0.180634 0.159504 0.191757
0.182733 0.183497 0.193508 0.165625 0.154542 0.167458 0.182906 0.124209 0.194005 0.158881 0.161944 0.167081 0.160641 0.125209 0.152067 0.154125 0.153731 0.184332 0.158032 0.190708 0.192552 0.155325 0.180634 0.159504 0.191757
0.182733 0.183497 0.193508 0.165625 0.154542 0.167458 0.182906 0.124209 0.194005 0.158881 0.161944 0.167081 0.160641 0.125209 0.152067 0.154125 0.153731 0.184332 0.158032 0.190708 0.192552 0.155325 0.180634 0.159504 0.191757
0.182733 0.183497 0.193508 0.165625 0.154542 0.167458 0.182906 0.124209 0.194005 0.158881 0.161944 0.167081 0.160641 0.125209 0.152067 0.154125 0.153731 0.184332 0.158032 0.190708 0.192552 0.155325 0.180634 0.159504 0.191757
0.182733 0.183497 0.193508 0.165625 0.154542 0.167458 0.182906 0.124209 0.194005 0.158881 0.161944 0.167081 0.160641 0.125209 0.152067 0.154125 0.153731 0.184332 0.158032 0.190708 0.192552 0.155325 0.180634 0.159504 0.191757
0.182733 0.183497 0.193508 0.165625 0.154542 0.167458 0.182906 0.124209 0.194005 0.158881 0.161944 0.167081 0.160641 0.125209 0.152067 0.154125 0.153731 0.184332 0.158032 0.190708 0.192552 0.155325 0.180634 0.159504 0.191757
0.182733 0.183497 0.193508 0.165625 0.154542 0.167458 0.182906 0.124209 0.194005 0.158881 0.161944 0.167081 0.160641 0.125209 0.152067 0.154125 0.153731 0.184332 0.158032 0.190708 0.192552 0.155325 0.180634 0.159504 0.191757
0.182733 0.183497 0.193508 0.165625 0.154542 0.167458 0.182906 0.124209 0.194005 0.158881 0.161944 0.167081 0.160641 0.125209 0.152067 0.154125 0.153731 0.184332 0.158032 0.190708 0.192552 0.155325 0.180634 0.159504 0.191757
0.182733 0.183497 0.193508 0.165625 0.154542 0.167458 0.182906 0.124209 0.194005 0.158881 0.161944 0.167081 0.160641 0.125209 0.152067 0.154125 0.153731 0.184332 0.158032 0.190708 0.192552 0.155325 0.180634 0.159504 0.191757
0.182733 0.183497 0.193508 0.165625 0.154542 0.167458 0.182906 0.124209 0.194005 0.158881 0.161944 0.167081 0.160641 0.125209 0.152067 0.154125 0.153731 0.184332 0.158032 0.190708 0.192552 0.155325 0.180634 0.159504 0.191757
0.182733 0.183497 0.193508 0.165625 0.154542 0.167458 0.182906 0.124209 0.194005 0.158881 0.161944 0.167081 0.160641 0.125209 0.152067 0.154125 0.153731 0.184332 0.158032 0.190708 0.192552 0.155325 0.180634 0.159504 0.191757
0.182733 0.183497 0.193508 0.165625 0.154542 0.167458 0.182906 0.124209 0.194005 0.158881 0.161944 0.167081 0.160641 0.125209 0.152067 0.154125 0.153731 0.184332 0.158032 0.190708 0.192552 0.155325 0.180634 0.159504 0.191757
0.182733 0.183497 0.193508 0.165625 0.154542 0.167458 0.182906 0.124209 0.194005 0.158881 0.161944 0.167081 0.160641 0.125209 0.152067 0.154125 0.153731 0.184332 0.158032 0.190708 0.192552 0.155325 0.180634 0.159504 0.191757
0.182733 0.183497 0.193508 0.165625 0.154542 0.167458 0.182906 0.124209 0.194005 0.158881 0.161944 0.167081 0.160641 0.125209 0.152067 0.154125 0.153731 0.184332 0.158032 0.190708 0.192552 0.155325 0.180634 0.159504 0.191757
0.182733 0.183497 0.193508 0.165625 0.154542 0.167458 0.182906 0.124209 0.194005 0.158881 0.161944 0.167081 0.160641 0.125209 0.152067 0.154125 0.153731 0.184332 0.158032 0.190708 0.192552 0.155325 0.180634 0.159504 0.191757
0.182733 0.183497 0.193508 0.165625 0.154542 0.167458 0.182906 0.124209 0.194005 0.158881 0.161944 0.167081 0.160641 0.125209 0.152067 0.154125 0.153731 0.184332 0.158032 0.190708 0.192552 0.155325 0.180634 0.159504 0.191757
0.182733 0.183497 0.193508 0.165625 0.154542 0.167458 0.182906 0.124209 0.194005 0.158881 0.161944 0.167081 0.160641 0.125209 0.152067 0.154125 0.153731 0.184332 0.158032 0.190708 0.192552 0.155325 0.180634 0.159504 0.191757
0.182733 0.183497 0.193508 0.165625 0.154542 0.167458 0.182906 0.124209 0.194005 0.158881 0.161944 0.167081 0.160641 0.125209 0.152067 0.154125 0.153731 0.184332 0.158032 0.190708 0.192552 0.155325 0.180634 0.159504 0.191757
0.182733 0.183497 0.193508 0.165625 0.154542 0.167458 0.182906 0.124209 0.194005 0.158881 0.161944 0.167081 0.160641 0.125209 0.152067 0.154125 0.153731 0.184332 0.158032 0.190708 0.192552 0.155325 0.180634 0.159504 0.191757
0.182733 0.183497 0.193508 0.165625 0.154542 0.167458 0.182906 0.124209 0.194005 0.158881 0.161944 0.167081 0.160641 0.125209 0.152067 0.154125 0.153731 0.184332 0.158032 0.190708 0.192552 0.155325 0.180634 0.159504 0.191757
0.182733 0.183497 0.193508 0.165625 0.154542 0.167458 0.182906 0.124209 0.194005 0.158881 0.161944 0.167081 0.160641 0.125209 0.152067 0.154125 0.153731 0.184332 0.158032 0.190708 0.192552 0.155325 0.180634 0.159504 0.191757
0.182733 0.183497 0.193508 0.165625 0.154542 0.167458 0.182906 0.124209 0.194005 0.158881 0.161944 0.167081 0.160641 0.125209 0.152067 0.154125 0.153731 0.184332 0.158032 0.190708 0.192552 0.155325 0.180634 0.159504 0.191757
0.182733 0.183497 0.193508 0.165625 0.154542 0.167458 0.182906 0.124209 0.194005 0.158881 0.161944 0.167081 0.160641 0.125209 0.152067 0.154125 0.153731 0.184332 0.158032 0.190708 0.192552 0.155325 0.180634 0.159504 0.191757
0.182733 0.183497 0.193508 0.165625 0.154542 0.167458 0.182906 0.124209 0.194005 0.158881 0.161944 0.167081 0.160641 0.125209 0.152067 0.154125 0.153731 0.184332 0.158032 0.190708 0.192552 0.155325 0.180634 0.159504 0.191757
0.182733 0.183497 0.193508 0.165625 0.154542 0.167458 0.182906 0.124209 0.194005 0.158881 0.161944 0.167081 0.160641 0.125209 0.152067 0.154125 0.153731 0.184332 0.158032 0.190708 0.192552 0.155325 0.180634 0.159504 0.191757
0.182733 0.183497 0.193508 0.165625 0.154542 0.167458 0.182906 0.124209 0.194005 0.158881 0.161944 0.167081 0.160641 0.125209 0.152067 0.154125 0.153731 0.184332 0.158032 0.190708 0.192552 0.155325 0.180634 0.159504 0.191757
0.182733 0.183497 0.193508 0.165625 0.154542 0.167458 0.182906 0.124209 0.194005 0.158881 0.161944 0.167081 0.160641 0.125209 0.152067 0.154125 0.153731 0.184332 0.158032 0.190708 0.192552 0.155325 0.180634 0.159504 0.191757
0.182733 0.183497 0.193508 0.165625 0.154542 0.167458 0.182906 0.124209 0.194005 0.158881 0.161944 0.167081 0.160641 0.125209 0.152067 0.154125 0.153731 0.184332 0.158032 0.190708 0.192552 0.155325 0.180634 0.159504 0.191757
0.182733 0.183497 0.193508 0.165625 0.154542 0.167458 0.182906 0.124209 0.194005 0.158881 0.161944 0.167081 0.160641 0.125209 0.152067 0.154125 0.153731 0.184332 0.158032 0.190708 0.192552 0.155325 0.180634 0.159504 0.191757
0.182733 0.183497 0.193508 0.165625 0.154542 0.167458 0.182906 0.124209 0.194005 0.158881 0.161944 0.167081 0.160641 0.125209 0.152067 0.154125 0.153731 0.184332 0.158032 0.190708 0.192552 0.155325 0.180634 0.159504 0.191757
0.182733 0.183497 0.193508 0.165625 0.154542 0.167458 0.182906 0.124209 0.194005 0.158881 0.161944 0.167081 0.160641 0.125209 0.152067 0.154125 0.153731 0.184332 0.158032 0.190708 0.192552 0.155325 0.180634 0.159504 0.191757
0.182733 0.183497 0.193508 0.165625 0.154542 0.167458 0.182906 0.124209 0.194005 0.158881 0.161944 0.167081 0.160641 0.125209 0.152067 0.154125 0.153731 0.184332 0.158032 0.190708 0.192552 0.155325 0.180634 0.159504 0.191757
0.182733 0.183497 0.193508 0.165625 0.154542 0.167458 0.182906 0.124209 0.194005 0.158881 0.161944 0.167081 0.160641 0.125209 0.152067 0.154125 0.153731 0.184332 0.158032 0.190708 0.192552 0.155325 0.180634 0.159504 0.191757
0.182733 0.183497 0.193508 0.165625 0.154542 0.167458 0.182906 0.124209 0.194005 0.158881 0.161944 0.167081 0.160641 0.125209 0.152067 0.154125 0.153731 0.184332 0.158032 0.190708 0.192552 0.155325 0.180634 0.159504 0.191757
0.182733 0.183497 0.193508 0.165625 0.154542 0.167458 0.182906 0.124209 0.194005 0.158881 0.161944 0.167081 0.160641 0.125209 0.152067 0.154125 0.153731 0.184332 0.158032 0.190708 0.192552 0.155325 0.180634 0.159504 0.191757
0.182733 0.183497 0.193508 0.165625 0.154542 0.167458 0.182906 0.124209 0.194005 0.158881 0.161944 0.167081 0.160641 0.125209 0.152067 0.154125 0.153731 0.184332 0.158032 0.190708 0.192552 0.155325 0.180634 0.159504 0.191757
0.182733 0.183497 0.193508 0.165625 0.154542 0.167458 0.182906 0.124209 0.194005 0.158881 0.161944 0.167081 0.160641 0.125209 0.152067 0.154125 0.153731 0.184332 0.158032 0.190708 0.192552 0.155325 0.180634 0.159504 0.191757
0.182733 0.183497 0.193508 0.165625 0.154542 0.167458 0.182906 0.124209 0.194005 0.158881 0.161944 0.167081 0.160641 0.125209 0.152067 0.154125 0.153731 0.184332 0.158032 0.190708 0.192552 0.155325 0.180634 0.159504 0.191757
0.182733 0.183497 0.193508 0.165625 0.154542 0.167458 0.182906 0.124209 0.194005 0.158881 0.161944 0.167081 0.160641 0.125209 0.152067 0.154125 0.153731 0.184332 0.158032 0.190708 0.192552 0.155325 0.180634 0.159504 0.191757
0.182733 0.183497 0.193508 0.165625 0.154542 0.167458 0.182906 0.124209 0.194005 0.158881 0.161944 0.167081 0.160641 0.125209 0.152067 0.154125 0.153731 0.184332 0.158032 0.190708 0.192552 0.155325 0.180634 0.159504 0.191757
0.182733 0.183497 0.193508 0.165625 0.154542 0.167458 0.182906 0.124209 0.194005 0.158881 0.161944 0.167081 0.160641 0.125209 0.152067 0.154125 0.153731 0.184332 0.158032 0.190708 0.192552 0.155325 0.180634 0.159504 0.191757
0.182733 0.183497 0.193508 0.165625 0.154542 0.167458 0.182906 0.124209 0.194005 0.158881 0.161944 0.167081 0.160641 0.125209 0.152067 0.154125 0.153731 0.184332 0.158032 0.190708 0.192552 0.155325 0.180634 0.159504 0.191757
0.182733 0.183497 0.193508 0.165625 0.154542 0.167458 0.182906 0.124209 0.194005 0.158881 0.161944 0.167081 0.160641 0.125209 0.152067 0.154125 0.153731 0.184332 0.158032 0.190708 0.192552 0.155325 0.180634 0.159504 0.191757
0.182733 0.183497 0.193508 0.165625 0.154542 0.167458 0.182906 0.124209 0.194005 0.158881 0.161944 0.167081 0.160641 0.125209 0.152067 0.154125 0.153731 0.184332 0.158032 0.190708 0.192552 0.155325 0.180634 0.159504 0.191757
0.182733 0.183497 0.193508 0.165625 0.154542 0.167458 0.182906 0.124209 0.194005 0.158881 0.161944 0.167081 0.160641 0.125209 0.152067 0.154125 0.153731 0.184332 0.158032 0.190708 0.192552 0.155325 0.180634 0.159504 0.191757
0.182733 0.183497 0.193508 0.165625 0.154542 0.167458 0.182906 0.124209 0.194005 0.158881 0.161944 0.167081 0.160641 0.125209 0.152067 0.154125 0.153731 0.184332 0.158032 0.190708 0.192552 0.155325 0.180634 0.159504 0.191757
0.182733 0.183497 0.193508 0.165625 0.154542 0.167458 0.182906 0.124209 0.194005 0.158881 0.161944 0.167081 0.160641 0.125209 0.152067 0.154125 0.153731 0.184332 0.158032 0.190708 0.192552 0.155325 0.180634 0.159504 0.191757
0.182733 0.183497 0.193508 0.165625 0.154542 0.167458 0.182906 0.124209 0.194005 0.158881 0.161944 0.167081 0.160641 0.125209 0.152067 0.154125 0.153731 0.184332 0.158032 0.190708 0.192552 0.155325 0.180634 0.159504 0.191757
0.182733 0.183497 0.193508 0.165625 0.154542 0.167458 0.182906 0.124209 0.194005 0.158881 0.161944 0.167081 0.160641 0.125209 0.152067 0.154125 0.153731 0.184332 0.158032 0.190708 0.192552 0.155325 0.180634 0.159504 0.191757
0.182733 0.183497 0.193508 0.165625 0.154542 0.167458 0.182906 0.124209 0.194005 0.158881 0.161944 0.167081 0.160641 0.125209 0.152067 0.154125 0.153731 0.184332 0.158032 0.190708 0.192552 0.155325 0.180634 0.159504 0.191757
0.182733 0.183497 0.193508 0.165625 0.154542 0.167458 0.182906 0.124209 0.194005 0.158881 0.161944 0.167081 0.160641 0.125209 0.152067 0.154125 0.153731 0.184332 0.158032 0.190708 0.192552 0.155325 0.180634 0.159504 0.191757
0.182733 0.183497 0.193508 0.165625 0.154542 0.167458 0.182906 0.124209 0.194005 0.158881 0.161944 0.167081 0.160641 0.125209 0.152067 0.154125 0.153731 0.184332 0.158032 0.190708 0.192552 0.155325 0.180634 0.159504 0.191757
0.182733 0.183497 0.193508 0.165625 0.154542 0.167458 0.182906 0.124209 0.194005 0.158881 0.161944 0.167081 0.160641 0.125209 0.152067 0.154125 0.153731 0.184332 0.158032 0.190708 0.192552 0.155325 0.180634 0.159504 0.191757
0.182733 0.183497 0.193508 0.165625 0.154542 0.167458 0.182906 0.124209 0.194005 0.158881 0.161944 0.167081 0.160641 0.125209 0.152067 0.154125 0.153731 0.184332 0.158032 0.190708 0.192552 0.155325 0.180634 0.159504 0.191757
0.182733 0.183497 0.193508 0.165625 0.154542 0.167458 0.182906 0.124209 0.194005 0.158881 0.161944 0.167081 0.160641 0.125209 0.152067 0.154125 0.153731 0.184332 0.158032 0.190708 0.192552 0.155325 0.180634 0.159504 0.191757
0.182733 0.183497 0.193508 0.165625 0.154542 0.167458 0.182906 0.124209 0.194005 0.158881 0.161944 0.167081 0.160641 0.125209 0.152067 0.154125 0.153731 0.184332 0.158032 0.190708 0.192552 0.155325 0.180634 0.159504 0.191757
0.182733 0.183497 0.193508 0.165625 0.154542 0.167458 0.182906 0.124209 0.194005 0.158881 0.161944 0.167081 0.160641 0.125209 0.152067 0.154125 0.153731 0.184332 0.158032 0.190708 0.192552 0.155325 0.180634 0.159504 0.191757
0.182733 0.183497 0.193508 0.165625 0.154542 0.167458 0.182906 0.124209 0.194005 0.158881 0.161944 0.167081 0.160641 0.125209 0.152067 0.154125 0.153731 0.184332 0.158032 0.190708 0.192552 0.155325 0.180634 0.159504 0.191757
0.182733 0.183497 0.193508 0.165625 0.154542 0.167458 0.182906 0.124209 0.194005 0.158881 0.161944 0.167081 0.160641 0.125209 0.152067 0.154125 0.153731 0.184332 0.158032 0.190708 0.192552 0.155325 0.180634 0.159504 0.191757
0.182733 0.183497 0.193508 0.165625 0.154542 0.167458 0.182906 0.124209 0.194005 0.158881 0.161944 0.167081 0.160641 0.125209 0.152067 0.154125 0.153731 0.184332 0.158032 0.190708 0.192552 0.155325 0.180634 0.159504 0.191757
0.182733 0.183497 0.193508 0.165625 0.154542 0.167458 0.182906 0.124209 0.194005 0.158881 0.161944 0.167081 0.160641 0.125209 0.152067 0.154125 0.153731 0.184332 0.158032 0.190708 0.192552 0.155325 0.180634 0.159504 0.191757
0.182733 0.183497 0.193508 0.165625 0.154542 0.167458 0.182906 0.124209 0.194005 0.158881 0.161944 0.167081 0.160641 0.125209 0.152067 0.154125 0.153731 0.184332 0.158032 0.190708 0.192552 0.155325 0.180634 0.159504 0.191757
0.182733 0.183497 0.193508 0.165625 0.154542 0.167458 0.182906 0.124209 0.194005 0.158881 0.161944 0.167081 0.160641 0.125209 0.152067 0.154125 0.153731 0.184332 0.158032 0.190708 0.192552 0.155325 0.180634 0.159504 0.191757
0.182733 0.183497 0.193508 0.165625 0.154542 0.167458 0.182906 0.124209 0.194005 0.158881 0.161944 0.167081 0.160641 0.125209 0.152067 0.154125 0.153731 0.184332 0.158032 0.190708 0.192552 0.155325 0.180634 0.159504 0.191757
0.182733 0.183497 0.193508 0.165625 0.154542 0.167458 0.182906 0.124209 0.194005 0.158881 0.161944 0.167081 0.160641 0.125209 0.152067 0.154125 0.153731 0.184332 0.158032 0.190708 0.192552 0.155325 0.180634 0.159504 0.191757
0.182733 0.183497 0.193508 0.165625 0.154542 0.167458 0.182906 0.124209 0.194005 0.158881 0.161944 0.167081 0.160641 0.125209 0.152067 0.154125 0.153731 0.184332 0.158032 0.190708 0.192552 0.155325 0.180634 0.159504 0.191757
0.182733 0.183497 0.193508 0.165625 0.154542 0.167458 0.182906 0.124209 0.194005 0.158881 0.161944 0.167081 0.160641 0.125209 0.152067 0.154125 0.153731 0.184332 0.158032 0.190708 0.192552 0.155325 0.180634 0.159504 0.191757
0.182733 0.183497 0.193508 0.165625 0.154542 0.167458 0.182906 0.124209 0.194005 0.158881 0.161944 0.167081 0.160641 0.125209 0.152067 0.154125 0.153731 0.184332 0.158032 0.190708 0.192552 0.155325 0.180634 0.159504 0.191757
0.182733 0.183497 0.193508 0.165625 0.154542 0.167458 0.182906 0.124209 0.194005 0.158881 0.161944 0.167081 0.160641 0.125209 0.152067 0.154125 0.153731 0.184332 0.158032 0.190708 0.192552 0.155325 0.180634 0.159504 0.191757
0.182733 0.183497 0.193508 0.165625 0.154542 0.167458 0.182906 0.124209 0.194005 0.158881 0.161944 0.167081 0.160641 0.125209 0.152067 0.154125 0.153731 0.184332 0.158032 0.190708 0.192552 0.155325 0.180634 0.159504 0.191757
0.182733 0.183497 0.193508 0.165625 0.154542 0.167458 0.182906 0.124209 0.194005 0.158881 0.161944 0.167081 0.160641 0.125209 0.152067 0.154125 0.153731 0.184332 0.158032 0.190708 0.192552 0.155325 0.180634 0.159504 0.191757
0.182733 0.183497 0.193508 0.165625 0.154542 0.167458 0.182906 0.124209 0.194005 0.158881 0.161944 0.167081 0.160641 0.125209 0.152067 0.154125 0.153731 0.184332 0.158032 0.190708 0.192552 0.155325 0.180634 0.159504 0.191757
0.182733 0.183497 0.193508 0.165625 0.154542 0.167458 0.182906 0.124209 0.194005 0.158881 0.161944 0.167081 0.160641 0.125209 0.152067 0.154125 0.153731 0.184332 0.158032 0.190708 0.192552 0.155325 0.180634 0.159504 0.191757
0.182733 0.183497 0.193508 0.165625 0.154542 0.167458 0.182906 0.124209 0.194005 0.158881 0.161944 0.167081 0.160641 0.125209 0.152067 0.154125 0.153731 0.184332 0.158032 0.190708 0.192552 0.155325 0.180634 0.159504 0.191757
0.182733 0.183497 0.193508 0.165625 0.154542 0.167458 0.182906 0.124209 0.194005 0.158881 0.161944 0.167081 0.160641 0.125209 0.152067 0.154125 0.153731 0.184332 0.158032 0.190708 0.192552 0.155325 0.180634 0.159504 0.191757
0.182733 0.183497 0.193508 0.165625 0.154542 0.167458 0.182906 0.124209 0.194005 0.158881 0.161944 0.167081 0.160641 0.125209 0.152067 0.154125 0.153731 0.184332 0.158032 0.190708 0.192552 0.155325 0.180634 0.159504 0.191757
0.182733 0.183497 0.193508 0.165625 0.154542 0.167458 0.182906 0.124209 0.194005 0.158881 0.161944 0.167081 0.160641 0.125209 0.152067 0.154125 0.153731 0.184332 0.158032 0.190708 0.192552 0.155325 0.180634 0.159504 0.191757
0.182733 0.183497 0.193508 0.165625 0.154542 0.167458 0.182906 0.124209 0.194005 0.158881 0.161944 0.167081 0.160641 0.125209 0.152067 0.154125 0.153731 0.184332 0.158032 0.190708 0.192552 0.155325 0.180634 0.159504 0.191757
0.182733 0.183497 0.193508 0.165625 0.154542 0.167458 0.182906 0.124209 0.194005 0.158881 0.161944 0.167081 0.160641 0.125209 0.152067 0.154125 0.153731 0.184332 0.158032 0.190708 0.192552 0.155325 0.180634 0.159504 0.191757
0.182733 0.183497 0.193508 0.165625 0.154542 0.167458 0.182906 0.124209 0.194005 0.158881 0.161944 0.167081 0.160641 0.125209 0.152067 0.154125 0.153731 0.184332 0.158032 0.190708 0.192552 0.155325 0.180634 0.159504 0.191757
0.182733 0.183497 0.193508 0.165625 0.154542 0.167458 0.182906 0.124209 0.194005 0.158881 0.161944 0.167081 0.160641 0.125209 0.152067 0.154125 0.153731 0.184332 0.158032 0.190708 0.192552 0.155325 0.180634 0.159504 0.191757
0.182733 0.183497 0.193508 0.165625 0.154542 0.167458 0.182906 0.124209 0.194005 0.158881 0.161944 0.167081 0.160641 0.125209 0.152067 0.154125 0.153731 0.184332 0.158032 0.190708 0.192552 0.155325 0.180634 0.159504 0.191757
0.182733 0.183497 0.193508 0.165625 0.154542 0.167458 0.182906 0.124209 0.194005 0.158881 0.161944 0.167081 0.160641 0.125209 0.152067 0.154125 0.153731 0.184332 0.158032 0.190708 0.192552 0.155325 0.180634 0.159504 0.191757
0.182733 0.183497 0.193508 0.165625 0.154542 0.167458 0.182906 0.124209 0.194005 0.158881 0.161944 0.167081 0.160641 0.125209 0.152067 0.154125 0.153731 0.184332 0.158032 0.190708 0.192552 0.155325 0.180634 0.159504 0.191757
0.182733 0.183497 0.193508 0.165625 0.154542 0.167458 0.182906 0.124209 0.194005 0.158881 0.161944 0.167081 0.160641 0.125209 0.152067 0.154125 0.153731 0.184332 0.158032 0.190708 0.192552 0.155325 0.180634 0.159504 0.191757
0.182733 0.183497 0.193508 0.165625 0.154542 0.167458 0.182906 0.124209 0.194005 0.158881 0.161944 0.167081 0.160641 0.125209 0.152067 0.154125 0.153731 0.184332 0.158032 0.190708 0.192552 0.155325 0.180634 0.159504 0.191757
0.182733 0.183497 0.193508 0.165625 0.154542 0.167458 0.182906 0.124209 0.194005 0.158881 0.161944 0.167081 0.160641 0.125209 0.152067 0.154125 0.153731 0.184332 0.158032 0.190708 0.192552 0.155325 0.180634 0.159504 0.191757
0.182733 0.183497 0.193508 0.165625 0.154542 0.167458 0.182906 0.124209 0.194005 0.158881 0.161944 0.167081 0.160641 0.125209 0.152067 0.154125 0.153731 0.184332 0.158032 0.190708 0.192552 0.155325 0.180634 0.159504 0.191757
0.182733 0.183497 0.193508 0.165625 0.154542 0.167458 0.182906 0.124209 0.194005 0.158881 0.161944 0.167081 0.160641 0.125209 0.152067 0.154125 0.153731 0.184332 0.158032 0.190708 0.192552 0.155325 0.180634 0.159504 0.191757
0.182733 0.183497 0.193508 0.165625 0.154542 0.167458 0.182906 0.124209 0.194005 0.158881 0.161944 0.167081 0.160641 0.125209 0.152067 0.154125 0.153731 0.184332 0.158032 0.190708 0.192552 0.155325 0.180634 0.159504 0.191757
0.182733 0.183497 0.193508 0.165625 0.154542 0.167458 0.182906 0.124209 0.194005 0.158881 0.161944 0.167081 0.160641 0.125209 0.152067 0.154125 0.153731 0.184332 0.158032 0.190708 0.192552 0.155325 0.180634 0.159504 0.191757
0.182733 0.183497 0.193508 0.165625 0.154542 0.167458 0.182906 0.124209 0.194005 0.158881 0.161944 0.167081 0.160641 0.125209 0.152067 0.154125 0.153731 0.184332 0.158032 0.190708 0.192552 0.155325 0.180634 0.159504 0.191757
0.182733 0.183497 0.193508 0.165625 0.154542 0.167458 0.182906 0.124209 0.194005 0.158881 0.161944 0.167081 0.160641 0.125209 0.152067 0.154125 0.153731 0.184332 0.158032 0.190708 0.192552 0.155325 0.180634 0.159504 0.191757
0.182733 0.183497 0.193508 0.165625 0.154542 0.167458 0.182906 0.124209 0.194005 0.158881 0.161944 0.167081 0.160641 0.125209 0.152067 0.154125 0.153731 0.184332 0.158032 0.190708 0.192552 0.155325 0.180634 0.159504 0.191757
0.182733 0.183497 0.193508 0.165625 0.154542 0.167458 0.182906 0.124209 0.194005 0.158881 0.161944 0.167081 0.160641 0.125209 0.152067 0.154125 0.153731 0.184332 0.158032 0.190708 0.192552 0.155325 0.180634 0.159504 0.191757
0.182733 0.183497 0.193508 0.165625 0.154542 0.167458 0.182906 0.124209 0.194005 0.158881 0.161944 0.167081 0.160641 0.125209 0.152067 0.154125 0.153731 0.184332 0.158032 0.190708 0.192552 0.155325 0.180634 0.159504 0.191757
0.182733 0.183497 0.193508 0.165625 0.154542 0.167458 0.182906 0.124209 0.194005 0.158881 0.161944 0.167081 0.160641 0.125209 0.152067 0.154125 0.153731 0.184332 0.158032 0.190708 0.192552 0.155325 0.180634 0.159504 0.191757
0.182733 0.183497 0.193508 0.165625 0.154542 0.167458 0.182906 0.124209 0.194005 0.158881 0.161944 0.167081 0.160641 0.125209 0.152067 0.154125 0.153731 0.184332 0.158032 0.190708 0.192552 0.155325 0.180634 0.159504 0.191757
0.182733 0.183497 0.193508 0.165625 0.154542 0.167458 0.182906 0.124209 0.194005 0.158881 0.161944 0.167081 0.160641 0.125209 0.152067 0.154125 0.153731 0.184332 0.158032 0.190708 0.192552 0.155325 0.180634 0.159504 0.191757
0.182733 0.183497 0.193508 0.165625 0.154542 0.167458 0.182906 0.124209 0.194005 0.158881 0.161944 0.167081 0.160641 0.125209 0.152067 0.154125 0.153731 0.184332 0.158032 0.190708 0.192552 0.155325 0.180634 0.159504 0.191757
0.182733 0.183497 0.193508 0.165625 0.154542 0.167458 0.182906 0.124209 0.194005 0.158881 0.161944 0.167081 0.160641 0.125209 0.152067 0.154125 0.153731 0.184332 0.158032 0.190708 0.192552 0.155325 0.180634 0.159504 0.191757
0.182733 0.183497 0.193508 0.165625 0.154542 0.167458 0.182906 0.124209 0.194005 0.158881 0.161944 0.167081 0.160641 0.125209 0.152067 0.154125 0.153731 0.184332 0.158032 0.190708 0.192552 0.155325 0.180634 0.159504 0.191757
0.182733 0.183497 0.193508 0.165625 0.154542 0.167458 0.182906 0.124209 0.194005 0.158881 0.161944 0.167081 0.160641 0.125209 0.152067 0.154125 0.153731 0.184332 0.158032 0.190708 0.192552 0.155325 0.180634 0.159504 0.191757
0.182733 0.183497 0.193508 0.165625 0.154542 0.167458 0.182906 0.124209 0.194005 0.158881 0.161944 0.167081 0.160641 0.125209 0.152067 0.154125 0.153731 0.184332 0.158032 0.190708 0.192552 0.155325 0.180634 0.159504 0.191757
0.182733 0.183497 0.193508 0.165625 0.154542 0.167458 0.182906 0.124209 0.194005 0.158881 0.161944 0.167081 0.160641 0.125209 0.152067 0.154125 0.153731 0.184332 0.158032 0.190708 0.192552 0.155325 0.180634 0.159504 0.191757
0.182733 0.183497 0.193508 0.165625 0.154542 0.167458 0.182906 0.124209 0.194005 0.158881 0.161944 0.167081 0.160641 0.125209 0.152067 0.154125 0.153731 0.184332 0.158032 0.190708 0.192552 0.155325 0.180634 0.159504 0.191757
0.182733 0.183497 0.193508 0.165625 0.154542 0.167458 0.182906 0.124209 0.194005 0.158881 0.161944 0.167081 0.160641 0.125209 0.152067 0.154125 0.153731 0.184332 0.158032 0.190708 0.192552 0.155325 0.180634 0.159504 0.191757
0.182733 0.183497 0.193508 0.165625 0.154542 0.167458 0.182906 0.124209 0.194005 0.158881 0.161944 0.167081 0.160641 0.125209 0.152067 0.154125 0.153731 0.184332 0.158032 0.190708 0.192552 0.155325 0.180634 0.159504 0.191757
0.182733 0.183497 0.193508 0.165625 0.154542 0.167458 0.182906 0.124209 0.194005 0.158881 0.161944 0.167081 0.160641 0.125209 0.152067 0.154125 0.153731 0.184332 0.158032 0.190708 0.192552 0.155325 0.180634 0.159504 0.191757
0.182733 0.183497 0.193508 0.165625 0.154542 0.167458 0.182906 0.124209 0.194005 0.158881 0.161944 0.167081 0.160641 0.125209 0.152067 0.154125 0.153731 0.184332 0.158032 0.190708 0.192552 0.155325 0.180634 0.159504 0.191757
0.182733 0.183497 0.193508 0.165625 0.154542 0.167458 0.182906 0.124209 0.194005 0.158881 0.161944 0.167081 0.160641 0.125209 0.152067 0.154125 0.153731 0.184332 0.158032 0.190708 0.192552 0.155325 0.180634 0.159504 0.191757
0.182733 0.183497 0.193508 0.165625 0.154542 0.167458 0.182906 0.124209 0.194005 0.158881 0.161944 0.167081 0.160641 0.125209 0.152067 0.154125 0.153731 0.184332 0.158032 0.190708 0.192552 0.155325 0.180634 0.159504 0.191757
0.182733 0.183497 0.193508 0.165625 0.154542 0.167458 0.182906 0.124209 0.194005 0.158881 0.161944 0.167081 0.160641 0.125209 0.152067 0.154125 0.153731 0.184332 0.158032 0.190708 0.192552 0.155325 0.180634 0.159504 0.191757
0.182733 0.183497 0.193508 0.165625 0.154542 0.167458 0.182906 0.124209 0.194005 0.158881 0.161944 0.167081 0.160641 0.125209 0.152067 0.154125 0.153731 0.184332 0.158032 0.190708 0.192552 0.155325 0.180634 0.159504 0.191757
0.182733 0.183497 0.193508 0.165625 0.154542 0.167458 0.182906 0.124209 0.194005 0.158881 0.161944 0.167081 0.160641 0.125209 0.152067 0.154125 0.153731 0.184332 0.158032 0.190708 0.192552 0.155325 0.180634 0.159504 0.191757
0.182733 0.183497 0.193508 0.165625 0.154542 0.167458 0.182906 0.124209 0.194005 0.158881 0.161944 0.167081 0.160641 0.125209 0.152067 0.154125 0.153731 0.184332 0.158032 0.190708 0.192552 0.155325 0.180634 0.159504 0.191757
0.182733 0.183497 0.193508 0.165625 0.154542 0.167458 0.182906 0.124209 0.194005 0.158881 0.161944 0.167081 0.160641 0.125209 0.152067 0.154125 0.153731 0.184332 0.158032 0.190708 0.192552 0.155325 0.180634 0.159504 0.191757
0.182733 0.183497 0.193508 0.165625 0.154542 0.167458 0.182906 0.124209 0.194005 0.158881 0.161944 0.167081 0.160641 0.125209 0.152067 0.154125 0.153731 0.184332 0.158032 0.190708 0.192552 0.155325 0.180634 0.159504 0.191757
0.182733 0.183497 0.193508 0.165625 0.154542 0.167458 0.182906 0.124209 0.194005 0.158881 0.161944 0.167081 0.160641 0.125209 0.152067 0.154125 0.153731 0.184332 0.158032 0.190708 0.192552 0.155325 0.180634 0.159504 0.191757
0.182733 0.183497 0.193508 0.165625 0.154542 0.167458 0.182906 0.124209 0.194005 0.158881 0.161944 0.167081 0.160641 0.125209 0.152067 0.154125 0.153731 0.184332 0.158032 0.190708 0.192552 0.155325 0.180634 0.159504 0.191757
0.182733 0.183497 0.193508 0.165625 0.154542 0.167458 0.182906 0.124209 0.194005 0.158881 0.161944 0.167081 0.160641 0.125209 0.152067 0.154125 0.153731 0.184332 0.158032 0.190708 0.192552 0.155325 0.180634 0.159504 0.191757
0.182733 0.183497 0.193508 0.165625 0.154542 0.167458 0.182906 0.124209 0.194005 0.158881 0.161944 0.167081 0.160641 0.125209 0.152067 0.154125 0.153731 0.184332 0.158032 0.190708 0.192552 0.155325 0.180634 0.159504 0.191757
0.182733 0.183497 0.193508 0.165625 0.154542 0.167458 0.182906 0.124209 0.194005 0.158881 0.161944 0.167081 0.160641 0.125209 0.152067 0.154125 0.153731 0.184332 0.158032 0.190708 0.192552 0.155325 0.180634 0.159504 0.191757
0.182733 0.183497 0.193508 0.165625 0.154542 0.167458 0.182906 0.124209 0.194005 0.158881 0.161944 0.167081 0.160641 0.125209 0.152067 0.154125 0.153731 0.184332 0.158032 0.190708 0.192552 0.155325 0.180634 0.159504 0.191757
0.182733 0.183497 0.193508 0.165625 0.154542 0.167458 0.182906 0.124209 0.194005 0.158881 0.161944 0.167081 0.160641 0.125209 0.152067 0.154125 0.153731 0.184332 0.158032 0.190708 0.192552 0.155325 0.180634 0.159504 0.191757
0.182733 0.183497 0.193508 0.165625 0.154542 0.167458 0.182906 0.124209 0.194005 0.158881 0.161944 0.167081 0.160641 0.125209 0.152067 0.154125 0.153731 0.184332 0.158032 0.190708 0.192552 0.155325 0.180634 0.159504 0.191757
0.182733 0.183497 0.193508 0.165625 0.154542 0.167458 0.182906 0.124209 0.194005 0.158881 0.161944 0.167081 0.160641 0.125209 0.152067 0.154125 0.153731 0.184332 0.158032 0.190708 0.192552 0.155325 0.180634 0.159504 0.191757
0.182733 0.183497 0.193508 0.165625 0.154542 0.167458 0.182906 0.124209 0.194005 0.158881 0.161944 0.167081 0.160641 0.125209 0.152067 0.154125 0.153731 0.184332 0.158032 0.190708 0.192552 0.155325 0.180634 0.159504 0.191757
0.182733 0.183497 0.193508 0.165625 0.154542 0.167458 0.182906 0.124209 0.194005 0.158881 0.161944 0.167081 0.160641 0.125209 0.152067 0.154125 0.153731 0.184332 0.158032 0.190708 0.192552 0.155325 0.180634 0.159504 0.191757
0.182733 0.183497 0.193508 0.165625 0.154542 0.167458 0.182906 0.124209 0.194005 0.158881 0.161944 0.167081 0.160641 0.125209 0.152067 0.154125 0.153731 0.184332 0.158032 0.190708 0.192552 0.155325 0.180634 0.159504 0.191757
0.182733 0.183497 0.193508 0.165625 0.154542 0.167458 0.182906 0.124209 0.194005 0.158881 0.161944 0.167081 0.160641 0.125209 0.152067 0.154125 0.153731 0.184332 0.158032 0.190708 0.192552 0.155325 0.180634 0.159504 0.191757
0.182733 0.183497 0.193508 0.165625 0.154542 0.167458 0.182906 0.124209 0.194005 0.158881 0.161944 0.167081 0.160641 0.125209 0.152067 0.154125 0.153731 0.184332 0.158032 0.190708 0.192552 0.155325 0.180634 0.159504 0.191757
0.182733 0.183497 0.193508 0.165625 0.154542 0.167458 0.182906 0.124209 0.194005 0.158881 0.161944 0.167081 0.160641 0.125209 0.152067 0.154125 0.153731 0.184332 0.158032 0.190708 0.192552 0.155325 0.180634 0.159504 0.191757
0.182733 0.183497 0.193508 0.165625 0.154542 0.167458 0.182906 0.124209 0.194005 0.158881 0.161944 0.167081 0.160641 0.125209 0.152067 0.154125 0.153731 0.184332 0.158032 0.190708 0.192552 0.155325 0.180634 0.159504 0.191757
0.182733 0.183497 0.193508 0.165625 0.154542 0.167458 0.182906 0.124209 0.194005 0.158881 0.161944 0.167081 0.160641 0.125209 0.152067 0.154125 0.153731 0.184332 0.158032 0.190708 0.192552 0.155325 0.180634 0.159504 0.191757
0.182733 0.183497 0.193508 0.165625 0.154542 0.167458 0.182906 0.124209 0.194005 0.158881 0.161944 0.167081 0.160641 0.125209 0.152067 0.154125 0.153731 0.184332 0.158032 0.190708 0.192552 0.155325 0.180634 0.159504 0.191757
0.182733 0.183497 0.193508 0.165625 0.154542 0.167458 0.182906 0.124209 0.194005 0.158881 0.161944 0.167081 0.160641 0.125209 0.152067 0.154125 0.153731 0.184332 0.158032 0.190708 0.192552 0.155325 0.180634 0.159504 0.191757
0.182733 0.183497 0.193508 0.165625 0.154542 0.167458 0.182906 0.124209 0.194005 0.158881 0.161944 0.167081 0.160641 0.125209 0.152067 0.154125 0.153731 0.184332 0.158032 0.190708 0.192552 0.155325 0.180634 0.159504 0.191757
0.182733 0.183497 0.193508 0.165625 0.154542 0.167458 0.182906 0.124209 0.194005 0.158881 0.161944 0.167081 0.160641 0.125209 0.152067 0.154125 0.153731 0.184332 0.158032 0.190708 0.192552 0.155325 0.180634 0.159504 0.191757
0.182733 0.183497 0.193508 0.165625 0.154542 0.167458 0.182906 0.124209 0.194005 0.158881 0.161944 0.167081 0.160641 0.125209 0.152067 0.154125 0.153731 0.184332 0.158032 0.190708 0.192552 0.155325 0.180634 0.159504 0.191757
0.182733 0.183497 0.193508 0.165625 0.154542 0.167458 0.182906 0.124209 0.194005 0.158881 0.161944 0.167081 0.160641 0.125209 0.152067 0.154125 0.153731 0.184332 0.158032 0.190708 0.192552 0.155325 0.180634 0.159504 0.191757
0.182733 0.183497 0.193508 0.165625 0.154542 0.167458 0.182906 0.124209 0.194005 0.158881 0.161944 0.167081 0.160641 0.125209 0.152067 0.154125 0.153731 0.184332 0.158032 0.190708 0.192552 0.155325 0.180634 0.159504 0.191757
0.182733 0.183497 0.193508 0.165625 0.154542 0.167458 0.182906 0.124209 0.194005 0.158881 0.161944 0.167081 0.160641 0.125209 0.152067 0.154125 0.153731 0.184332 0.158032 0.190708 0.192552 0.155325 0.180634 0.159504 0.191757
0.182733 0.183497 0.193508 0.165625 0.154542 0.167458 0.182906 0.124209 0.194005 0.158881 0.161944 0.167081 0.160641 0.125209 0.152067 0.154125 0.153731 0.184332 0.158032 0.190708 0.192552 0.155325 0.180634 0.159504 0.191757
0.182733 0.183497 0.193508 0.165625 0.154542 0.167458 0.182906 0.124209 0.194005 0.158881 0.161944 0.167081 0.160641 0.125209 0.152067 0.154125 0.153731 0.184332 0.158032 0.190708 0.192552 0.155325 0.180634 0.159504 0.191757
0.182733 0.183497 0.193508 0.165625 0.154542 0.167458 0.182906 0.124209 0.194005 0.158881 0.161944 0.167081 0.160641 0.125209 0.152067 0.154125 0.153731 0.184332 0.158032 0.190708 0.192552 0.155325 0.180634 0.159504 0.191757
0.182733 0.183497 0.193508 0.165625 0.154542 0.167458 0.182906 0.124209 0.194005 0.158881 0.161944 0.167081 0.160641 0.125209 0.152067 0.154125 0.153731 0.184332 0.158032 0.190708 0.192552 0.155325 0.180634 0.159504 0.191757
0.182733 0.183497 0.193508 0.165625 0.154542 0.167458 0.182906 0.124209 0.194005 0.158881 0.161944 0.167081 0.160641 0.125209 0.152067 0.154125 0.153731 0.184332 0.158032 0.190708 0.192552 0.155325 0.180634 0.159504 0.191757
0.182733 0.183497 0.193508 0.165625 0.154542 0.167458 0.182906 0.124209 0.194005 0.158881 0.161944 0.167081 0.160641 0.125209 0.152067 0.154125 0.153731 0.184332 0.158032 0.190708 0.192552 0.155325 0.180634 0.159504 0.191757
0.182733 0.183497 0.193508 0.165625 0.154542 0.167458 0.182906 0.124209 0.194005 0.158881 0.161944 0.167081 0.160641 0.125209 0.152067 0.154125 0.153731 0.184332 0.158032 0.190708 0.192552 0.155325 0.180634 0.159504 0.191757
0.182733 0.183497 0.193508 0.165625 0.154542 0.167458 0.182906 0.124209 0.194005 0.158881 0.161944 0.167081 0.160641 0.125209 0.152067 0.154125 0.153731 0.184332 0.158032 0.190708 0.192552 0.155325 0.180634 0.159504 0.191757
0.182733 0.183497 0.193508 0.165625 0.154542 0.167458 0.182906 0.124209 0.194005 0.158881 0.161944 0.167081 0.160641 0.125209 0.152067 0.154125 0.153731 0.184332 0.158032 0.190708 0.192552 0.155325 0.180634 0.159504 0.191757
0.182733 0.183497 0.193508 0.165625 0.154542 0.167458 0.182906 0.124209 0.194005 0.158881 0.161944 0.167081 0.160641 0.125209 0.152067 0.154125 0.153731 0.184332 0.158032 0.190708 0.192552 0.155325 0.180634 0.159504 0.191757
0.182733 0.183497 0.193508 0.165625 0.154542 0.167458 0.182906 0.124209 0.194005 0.158881 0.161944 0.167081 0.160641 0.125209 0.152067 0.154125 0.153731 0.184332 0.158032 0.190708 0.192552 0.155325 0.180634 0.159504 0.191757
0.182733 0.183497 0.193508 0.165625 0.154542 0.167458 0.182906 0.124209 0.194005 0.158881 0.161944 0.167081 0.160641 0.125209 0.152067 0.154125 0.153731 0.184332 0.158032 0.190708 0.192552 0.155325 0.180634 0.159504 0.191757
0.182733 0.183497 0.193508 0.165625 0.154542 0.167458 0.182906 0.124209 0.194005 0.158881 0.161944 0.167081 0.160641 0.125209 0.152067 0.154125 0.153731 0.184332 0.158032 0.190708 0.192552 0.155325 0.180634 0.159504 0.191757
0.182733 0.183497 0.193508 0.165625 0.154542 0.167458 0.182906 0.124209 0.194005 0.158881 0.161944 0.167081 0.160641 0.125209 0.152067 0.154125 0.153731 0.184332 0.158032 0.190708 0.192552 0.155325 0.180634 0.159504 0.191757
0.182733 0.183497 0.193508 0.165625 0.154542 0.167458 0.182906 0.124209 0.194005 0.158881 0.161944 0.167081 0.160641 0.125209 0.152067 0.154125 0.153731 0.184332 0.158032 0.190708 0.192552 0.155325 0.180634 0.159504 0.191757
0.182733 0.183497 0.193508 0.165625 0.154542 0.167458 0.182906 0.124209 0.194005 0.158881 0.161944 0.167081 0.160641 0.125209 0.152067 0.154125 0.153731 0.184332 0.158032 0.190708 0.192552 0.155325 0.180634 0.159504 0.191757
0.182733 0.183497 0.193508 0.165625 0.154542 0.167458 0.182906 0.124209 0.194005 0.158881 0.161944 0.167081 0.160641 0.125209 0.152067 0.154125 0.153731 0.184332 0.158032 0.190708 0.192552 0.155325 0.180634 0.159504 0.191757
0.182733 0.183497 0.193508 0.165625 0.154542 0.167458 0.182906 0.124209 0.194005 0.158881 0.161944 0.167081 0.160641 0.125209 0.152067 0.154125 0.153731 0.184332 0.158032 0.190708 0.192552 0.155325 0.180634 0.159504 0.191757
0.182733 0.183497 0.193508 0.165625 0.154542 0.167458 0.182906 0.124209 0.194005 0.158881 0.161944 0.167081 0.160641 0.125209 0.152067 0.154125 0.153731 0.184332 0.158032 0.190708 0.192552 0.155325 0.180634 0.159504 0.191757
0.182733 0.183497 0.193508 0.165625 0.154542 0.167458 0.182906 0.124209 0.194005 0.158881 0.161944 0.167081 0.160641 0.125209 0.152067 0.154125 0.153731 0.184332 0.158032 0.190708 0.192552 0.155325 0.180634 0.159504 0.191757
0.182733 0.183497 0.193508 0.165625 0.154542 0.167458 0.182906 0.124209 0.194005 0.158881 0.161944 0.167081 0.160641 0.125209 0.152067 0.154125 0.153731 0.184332 0.158032 0.190708 0.192552 0.155325 0.180634 0.159504 0.191757
0.182733 0.183497 0.193508 0.165625 0.154542 0.167458 0.182906 0.124209 0.194005 0.158881 0.161944 0.167081 0.160641 0.125209 0.152067 0.154125 0.153731 0.184332 0.158032 0.190708 0.192552 0.155325 0.180634 0.159504 0.191757
0.182733 0.183497 0.193508 0.165625 0.154542 0.167458 0.182906 0.124209 0.194005 0.158881 0.161944 0.167081 0.160641 0.125209 0.152067 0.154125 0.153731 0.184332 0.158032 0.190708 0.192552 0.155325 0.180634 0.159504 0.191757
0.182733 0.183497 0.193508 0.165625 0.154542 0.167458 0.182906 0.124209 0.194005 0.158881 0.161944 0.167081 0.160641 0.125209 0.152067 0.154125 0.153731 0.184332 0.158032 0.190708 0.192552 0.155325 0.180634 0.159504 0.191757
0.182733 0.183497 0.193508 0.165625 0.154542 0.167458 0.182906 0.124209 0.194005 0.158881 0.161944 0.167081 0.160641 0.125209 0.152067 0.154125 0.153731 0.184332 0.158032 0.190708 0.192552 0.155325 0.180634 0.159504 0.191757
0.182733 0.183497 0.193508 0.165625 0.154542 0.167458 0.182906 0.124209 0.194005 0.158881 0.161944 0.167081 0.160641 0.125209 0.152067 0.154125 0.153731 0.184332 0.158032 0.190708 0.192552 0.155325 0.180634 0.159504 0.191757
0.182733 0.183497 0.193508 0.165625 0.154542 0.167458 0.182906 0.124209 0.194005 0.158881 0.161944 0.167081 0.160641 0.125209 0.152067 0.154125 0.153731 0.184332 0.158032 0.190708 0.192552 0.155325 0.180634 0.159504 0.191757
0.182733 0.183497 0.193508 0.165625 0.154542 0.167458 0.182906 0.124209 0.194005 0.158881 0.161944 0.167081 0.160641 0.125209 0.152067 0.154125 0.153731 0.184332 0.158032 0.190708 0.192552 0.155325 0.180634 0.159504 0.191757
0.182733 0.183497 0.193508 0.165625 0.154542 0.167458 0.182906 0.124209 0.194005 0.158881 0.161944 0.167081 0.160641 0.125209 0.152067 0.154125 0.153731 0.184332 0.158032 0.190708 0.192552 0.155325 0.180634 0.159504 0.191757
0.182733 0.183497 0.193508 0.165625 0.154542 0.167458 0.182906 0.124209 0.194005 0.158881 0.161944 0.167081 0.160641 0.125209 0.152067 0.154125 0.153731 0.184332 0.158032 0.190708 0.192552 0.155325 0.180634 0.159504 0.191757
0.182733 0.183497 0.193508 0.165625 0.154542 0.167458 0.182906 0.124209 0.194005 0.158881 0.161944 0.167081 0.160641 0.125209 0.152067 0.154125 0.153731 0.184332 0.158032 0.190708 0.192552 0.155325 0.180634 0.159504 0.191757
0.182733 0.183497 0.193508 0.165625 0.154542 0.167458 0.182906 0.124209 0.194005 0.158881 0.161944 0.167081 0.160641 0.125209 0.152067 0.154125 0.153731 0.184332 0.158032 0.190708 0.192552 0.155325 0.180634 0.159504 0.191757
0.182733 0.183497 0.193508 0.165625 0.154542 0.167458 0.182906 0.124209 0.194005 0.158881 0.161944 0.167081 0.160641 0.125209 0.152067 0.154125 0.153731 0.184332 0.158032 0.190708 0.192552 0.155325 0.180634 0.159504 0.191757
0.182733 0.183497 0.193508 0.165625 0.154542 0.167458 0.182906 0.124209 0.194005 0.158881 0.161944 0.167081 0.160641 0.125209 0.152067 0.154125 0.153731 0.184332 0.158032 0.190708 0.192552 0.155325 0.180634 0.159504 0.191757
0.182733 0.183497 0.193508 0.165625 0.154542 0.167458 0.182906 0.124209 0.194005 0.158881 0.161944 0.167081 0.160641 0.125209 0.152067 0.154125 0.153731 0.184332 0.158032 0.190708 0.192552 0.155325 0.180634 0.159504 0.191757
0.182733 0.183497 0.193508 0.165625 0.154542 0.167458 0.182906 0.124209 0.194005 0.158881 0.161944 0.167081 0.160641 0.125209 0.152067 0.154125 0.153731 0.184332 0.158032 0.190708 0.192552 0.155325 0.180634 0.159504 0.191757
0.182733 0.183497 0.193508 0.165625 0.154542 0.167458 0.182906 0.124209 0.194005 0.158881 0.161944 0.167081 0.160641 0.125209 0.152067 0.154125 0.153731 0.184332 0.158032 0.190708 0.192552 0.155325 0.180634 0.159504 0.191757
0.182733 0.183497 0.193508 0.165625 0.154542 0.167458 0.182906 0.124209 0.194005 0.158881 0.161944 0.167081 0.160641 0.125209 0.152067 0.154125 0.153731 0.184332 0.158032 0.190708 0.192552 0.155325 0.180634 0.159504 0.191757
0.182733 0.183497 0.193508 0.165625 0.154542 0.167458 0.182906 0.124209 0.194005 0.158881 0.161944 0.167081 0.160641 0.125209 0.152067 0.154125 0.153731 0.184332 0.158032 0.190708 0.192552 0.155325 0.180634 0.159504 0.191757
0.182733 0.183497 0.193508 0.165625 0.154542 0.167458 0.182906 0.124209 0.194005 0.158881 0.161944 0.167081 0.160641 0.125209 0.152067 0.154125 0.153731 0.184332 0.158032 0.190708 0.192552 0.155325 0.180634 0.159504 0.191757
0.182733 0.183497 0.193508 0.165625 0.154542 0.167458 0.182906 0.124209 0.194005 0.158881 0.161944 0.167081 0.160641 0.125209 0.152067 0.154125 0.153731 0.184332 0.158032 0.190708 0.192552 0.155325 0.180634 0.159504 0.191757
0.182733 0.183497 0.193508 0.165625 0.154542 0.167458 0.182906 0.124209 0.194005 0.158881 0.161944 0.167081 0.160641 0.125209 0.152067 0.154125 0.153731 0.184332 0.158032 0.190708 0.192552 0.155325 0.180634 0.159504 0.191757
0.182733 0.183497 0.193508 0.165625 0.154542 0.167458 0.182906 0.124209 0.194005 0.158881 0.161944 0.167081 0.160641 0.125209 0.152067 0.154125 0.153731 0.184332 0.158032 0.190708 0.192552 0.155325 0.180634 0.159504 0.191757
0.182733 0.183497 0.193508 0.165625 0.154542 0.167458 0.182906 0.124209 0.194005 0.158881 0.161944 0.167081 0.160641 0.125209 0.152067 0.154125 0.153731 0.184332 0.158032 0.190708 0.192552 0.155325 0.180634 0.159504 0.191757
0.182733 0.183497 0.193508 0.165625 0.154542 0.167458 0.182906 0.124209 0.194005 0.158881 0.161944 0.167081 0.160641 0.125209 0.152067 0.154125 0.153731 0.184332 0.158032 0.190708 0.192552 0.155325 0.180634 0.159504 0.191757
0.182733 0.183497 0.193508 0.165625 0.154542 0.167458 0.182906 0.124209 0.194005 0.158881 0.161944 0.167081 0.160641 0.125209 0.152067 0.154125 0.153731 0.184332 0.158032 0.190708 0.192552 0.155325 0.180634 0.159504 0.191757
0.182733 0.183497 0.193508 0.165625 0.154542 0.167458 0.182906 0.124209 0.194005 0.158881 0.161944 0.167081 0.160641 0.125209 0.152067 0.154125 0.153731 0.184332 0.158032 0.190708 0.192552 0.155325 0.180634 0.159504 0.191757
0.182733 0.183497 0.193508 0.165625 0.154542 0.167458 0.182906 0.124209 0.194005 0.158881 0.161944 0.167081 0.160641 0.125209 0.152067 0.154125 0.153731 0.184332 0.158032 0.190708 0.192552 0.155325 0.180634 0.159504 0.191757
0.182733 0.183497 0.193508 0.165625 0.154542 0.167458 0.182906 0.124209 0.194005 0.158881 0.161944 0.167081 0.160641 0.125209 0.152067 0.154125 0.153731 0.184332 0.158032 0.190708 0.192552 0.155325 0.180634 0.159504 0.191757
0.182733 0.183497 0.193508 0.165625 0.154542 0.167458 0.182906 0.124209 0.194005 0.158881 0.161944 0.167081 0.160641 0.125209 0.152067 0.154125 0.153731 0.184332 0.158032 0.190708 0.192552 0.155325 0.180634 0.159504 0.191757
0.182733 0.183497 0.193508 0.165625 0.154542 0.167458 0.182906 0.124209 0.194005 0.158881 0.161944 0.167081 0.160641 0.125209 0.152067 0.154125 0.153731 0.184332 0.158032 0.190708 0.192552 0.155325 0.180634 0.159504 0.191757
0.182733 0.183497 0.193508 0.165625 0.154542 0.167458 0.182906 0.124209 0.194005 0.158881 0.161944 0.167081 0.160641 0.125209 0.152067 0.154125 0.153731 0.184332 0.158032 0.190708 0.192552 0.155325 0.180634 0.159504 0.191757
0.182733 0.183497 0.193508 0.165625 0.154542 0.167458 0.182906 0.124209 0.194005 0.158881 0.161944 0.167081 0.160641 0.125209 0.152067 0.154125 0.153731 0.184332 0.158032 0.190708 0.192552 0.155325 0.180634 0.159504 0.191757
0.182733 0.183497 0.193508 0.165625 0.154542 0.167458 0.182906 0.124209 0.194005 0.158881 0.161944 0.167081 0.160641 0.125209 0.152067 0.154125 0.153731 0.184332 0.158032 0.190708 0.192552 0.155325 0.180634 0.159504 0.191757
0.182733 0.183497 0.193508 0.165625 0.154542 0.167458 0.182906 0.124209 0.194005 0.158881 0.161944 0.167081 0.160641 0.125209 0.152067 0.154125 0.153731 0.184332 0.158032 0.190708 0.192552 0.155325 0.180634 0.159504 0.191757
0.182733 0.183497 0.193508 0.165625 0.154542 0.167458 0.182906 0.124209 0.194005 0.158881 0.161944 0.167081 0.160641 0.125209 0.152067 0.154125 0.153731 0.184332 0.158032 0.190708 0.192552 0.155325 0.180634 0.159504 0.191757
0.182733 0.183497 0.193508 0.165625 0.154542 0.167458 0.182906 0.124209 0.194005 0.158881 0.161944 0.167081 0.160641 0.125209 0.152067 0.154125 0.153731 0.184332 0.158032 0.190708 0.192552 0.155325 0.180634 0.159504 0.191757
0.182733 0.183497 0.193508 0.165625 0.154542 0.167458 0.182906 0.124209 0.194005 0.158881 0.161944 0.167081 0.160641 0.125209 0.152067 0.154125 0.153731 0.184332 0.158032 0.190708 0.192552 0.155325 0.180634 0.159504 0.191757
0.182733 0.183497 0.193508 0.165625 0.154542 0.167458 0.182906 0.124209 0.194005 0.158881 0.161944 0.167081 0.160641 0.125209 0.152067 0.154125 0.153731 0.184332 0.158032 0.190708 0.192552 0.155325 0.180634 0.159504 0.191757
0.182733 0.183497 0.193508 0.165625 0.154542 0.167458 0.182906 0.124209 0.194005 0.158881 0.161944 0.167081 0.160641 0.125209 0.152067 0.154125 0.153731 0.184332 0.158032 0.190708 0.192552 0.155325 0.180634 0.159504 0.191757
0.182733 0.183497 0.193508 0.165625 0.154542 0.167458 0.182906 0.124209 0.194005 0.158881 0.161944 0.167081 0.160641 0.125209 0.152067 0.154125 0.153731 0.184332 0.158032 0.190708 0.192552 0.155325 0.180634 0.159504 0.191757
0.182733 0.183497 0.193508 0.165625 0.154542 0.167458 0.182906 0.124209 0.194005 0.158881 0.161944 0.167081 0.160641 0.125209 0.152067 0.154125 0.153731 0.184332 0.158032 0.190708 0.192552 0.155325 0.180634 0.159504 0.191757
0.182733 0.183497 0.193508 0.165625 0.154542 0.167458 0.182906 0.124209 0.194005 0.158881 0.161944 0.167081 0.160641 0.125209 0.152067 0.154125 0.153731 0.184332 0.158032 0.190708 0.192552 0.155325 0.180634 0.159504 0.191757
0.182733 0.183497 0.193508 0.165625 0.154542 0.167458 0.182906 0.124209 0.194005 0.158881 0.161944 0.167081 0.160641 0.125209 0.152067 0.154125 0.153731 0.184332 0.158032 0.190708 0.192552 0.155325 0.180634 0.159504 0.191757
0.182733 0.183497 0.193508 0.165625 0.154542 0.167458 0.182906 0.124209 0.194005 0.158881 0.161944 0.167081 0.160641 0.125209 0.152067 0.154125 0.153731 0.184332 0.158032 0.190708 0.192552 0.155325 0.180634 0.159504 0.191757
0.182733 0.183497 0.193508 0.165625 0.154542 0.167458 0.182906 0.124209 0.194005 0.158881 0.161944 0.167081 0.160641 0.125209 0.152067 0.154125 0.153731 0.184332 0.158032 0.190708 0.192552 0.155325 0.180634 0.159504 0.191757
0.182733 0.183497 0.193508 0.165625 0.154542 0.167458 0.182906 0.124209 0.194005 0.158881 0.161944 0.167081 0.160641 0.125209 0.152067 0.154125 0.153731 0.184332 0.158032 0.190708 0.192552 0.155325 0.180634 0.159504 0.191757
0.182733 0.183497 0.193508 0.165625 0.154542 0.167458 0.182906 0.124209 0.194005 0.158881 0.161944 0.167081 0.160641 0.125209 0.152067 0.154125 0.153731 0.184332 0.158032 0.190708 0.192552 0.155325 0.180634 0.159504 0.191757
0.182733 0.183497 0.193508 0.165625 0.154542 0.167458 0.182906 0.124209 0.194005 0.158881 0.161944 0.167081 0.160641 0.125209 0.152067 0.154125 0.153731 0.184332 0.158032 0.190708 0.192552 0.155325 0.180634 0.159504 0.191757
0.182733 0.183497 0.193508 0.165625 0.154542 0.167458 0.182906 0.124209 0.194005 0.158881 0.161944 0.167081 0.160641 0.125209 0.152067 0.154125 0.153731 0.184332 0.158032 0.190708 0.192552 0.155325 0.180634 0.159504 0.191757
0.182733 0.183497 0.193508 0.165625 0.154542 0.167458 0.182906 0.124209 0.194005 0.158881 0.161944 0.167081 0.160641 0.125209 0.152067 0.154125 0.153731 0.184332 0.158032 0.190708 0.192552 0.155325 0.180634 0.159504 0.191757
0.182733 0.183497 0.193508 0.165625 0.154542 0.167458 0.182906 0.124209 0.194005 0.158881 0.161944 0.167081 0.160641 0.125209 0.152067 0.154125 0.153731 0.184332 0.158032 0.190708 0.192552 0.155325 0.180634 0.159504 0.191757
0.182733 0.183497 0.193508 0.165625 0.154542 0.167458 0.182906 0.124209 0.194005 0.158881 0.161944 0.167081 0.160641 0.125209 0.152067 0.154125 0.153731 0.184332 0.158032 0.190708 0.192552 0.155325 0.180634 0.159504 0.191757
0.182733 0.183497 0.193508 0.165625 0.154542 0.167458 0.182906 0.124209 0.194005 0.158881 0.161944 0.167081 0.160641 0.125209 0.152067 0.154125 0.153731 0.184332 0.158032 0.190708 0.192552 0.155325 0.180634 0.159504 0.191757
0.182733 0.183497 0.193508 0.165625 0.154542 0.167458 0.182906 0.124209 0.194005 0.158881 0.161944 0.167081 0.160641 0.125209 0.152067 0.154125 0.153731 0.184332 0.158032 0.190708 0.192552 0.155325 0.180634 0.159504 0.191757
0.182733 0.183497 0.193508 0.165625 0.154542 0.167458 0.182906 0.124209 0.194005 0.158881 0.161944 0.167081 0.160641 0.125209 0.152067 0.154125 0.153731 0.184332 0.158032 0.190708 0.192552 0.155325 0.180634 0.159504 0.191757
0.182733 0.183497 0.193508 0.165625 0.154542 0.167458 0.182906 0.124209 0.194005 0.158881 0.161944 0.167081 0.160641 0.125209 0.152067 0.154125 0.153731 0.184332 0.158032 0.190708 0.192552 0.155325 0.180634 0.159504 0.191757
0.182733 0.183497 0.193508 0.165625 0.154542 0.167458 0.182906 0.124209 0.194005 0.158881 0.161944 0.167081 0.160641 0.125209 0.152067 0.154125 0.153731 0.184332 0.158032 0.190708 0.192552 0.155325 0.180634 0.159504 0.191757
0.182733 0.183497 0.193508 0.165625 0.154542 0.167458 0.182906 0.124209 0.194005 0.158881 0.161944 0.167081 0.160641 0.125209 0.152067 0.154125 0.153731 0.184332 0.158032 0.190708 0.192552 0.155325 0.180634 0.159504 0.191757
0.182733 0.183497 0.193508 0.165625 0.154542 0.167458 0.182906 0.124209 0.194005 0.158881 0.161944 0.167081 0.160641 0.125209 0.152067 0.154125 0.153731 0.184332 0.158032 0.190708 0.192552 0.155325 0.180634 0.159504 0.191757
0.182733 0.183497 0.193508 0.165625 0.154542 0.167458 0.182906 0.124209 0.194005 0.158881 0.161944 0.167081 0.160641 0.125209 0.152067 0.154125 0.153731 0.184332 0.158032 0.190708 0.192552 0.155325 0.180634 0.159504 0.191757
0.182733 0.183497 0.193508 0.165625 0.154542 0.167458 0.182906 0.124209 0.194005 0.158881 0.161944 0.167081 0.160641 0.125209 0.152067 0.154125 0.153731 0.184332 0.158032 0.190708 0.192552 0.155325 0.180634 0.159504 0.191757
0.182733 0.183497 0.193508 0.165625 0.154542 0.167458 0.182906 0.124209 0.194005 0.158881 0.161944 0.167081 0.160641 0.125209 0.152067 0.154125 0.153731 0.184332 0.158032 0.190708 0.192552 0.155325 0.180634 0.159504 0.191757
0.182733 0.183497 0.193508 0.165625 0.154542 0.167458 0.182906 0.124209 0.194005 0.158881 0.161944 0.167081 0.160641 0.125209 0.152067 0.154125 0.153731 0.184332 0.158032 0.190708 0.192552 0.155325 0.180634 0.159504 0.191757
0.182733 0.183497 0.193508 0.165625 0.154542 0.167458 0.182906 0.124209 0.194005 0.158881 0.161944 0.167081 0.160641 0.125209 0.152067 0.154125 0.153731 0.184332 0.158032 0.190708 0.192552 0.155325 0.180634 0.159504 0.191757
0.182733 0.183497 0.193508 0.165625 0.154542 0.167458 0.182906 0.124209 0.194005 0.158881 0.161944 0.167081 0.160641 0.125209 0.152067 0.154125 0.153731 0.184332 0.158032 0.190708 0.192552 0.155325 0.180634 0.159504 0.191757
0.182733 0.183497 0.193508 0.165625 0.154542 0.167458 0.182906 0.124209 0.194005 0.158881 0.161944 0.167081 0.160641 0.125209 0.152067 0.154125 0.153731 0.184332 0.158032 0.190708 0.192552 0.155325 0.180634 0.159504 0.191757
0.182733 0.183497 0.193508 0.165625 0.154542 0.167458 0.182906 0.124209 0.194005 0.158881 0.161944 0.167081 0.160641 0.125209 0.152067 0.154125 0.153731 0.184332 0.158032 0.190708 0.192552 0.155325 0.180634 0.159504 0.191757
0.182733 0.183497 0.193508 0.165625 0.154542 0.167458 0.182906 0.124209 0.194005 0.158881 0.161944 0.167081 0.160641 0.125209 0.152067 0.154125 0.153731 0.184332 0.158032 0.190708 0.192552 0.155325 0.180634 0.159504 0.191757
0.182733 0.183497 0.193508 0.165625 0.154542 0.167458 0.182906 0.124209 0.194005 0.158881 0.161944 0.167081 0.160641 0.125209 0.152067 0.154125 0.153731 0.184332 0.158032 0.190708 0.192552 0.155325 0.180634 0.159504 0.191757
0.182733 0.183497 0.193508 0.165625 0.154542 0.167458 0.182906 0.124209 0.194005 0.158881 0.161944 0.167081 0.160641 0.125209 0.152067 0.154125 0.153731 0.184332 0.158032 0.190708 0.192552 0.155325 0.180634 0.159504 0.191757
0.182733 0.183497 0.193508 0.165625 0.154542 0.167458 0.182906 0.124209 0.194005 0.158881 0.161944 0.167081 0.160641 0.125209 0.152067 0.154125 0.153731 0.184332 0.158032 0.190708 0.192552 0.155325 0.180634 0.159504 0.191757
0.182733 0.183497 0.193508 0.165625 0.154542 0.167458 0.182906 0.124209 0.194005 0.158881 0.161944 0.167081 0.160641 0.125209 0.152067 0.154125 0.153731 0.184332 0.158032 0.190708 0.192552 0.155325 0.180634 0.159504 0.191757
0.182733 0.183497 0.193508 0.165625 0.154542 0.167458 0.182906 0.124209 0.194005 0.158881 0.161944 0.167081 0.160641 0.125209 0.152067 0.154125 0.153731 0.184332 0.158032 0.190708 0.192552 0.155325 0.180634 0.159504 0.191757
0.182733 0.183497 0.193508 0.165625 0.154542 0.167458 0.182906 0.124209 0.194005 0.158881 0.161944 0.167081 0.160641 0.125209 0.152067 0.154125 0.153731 0.184332 0.158032 0.190708 0.192552 0.155325 0.180634 0.159504 0.191757
0.182733 0.183497 0.193508 0.165625 0.154542 0.167458 0.182906 0.124209 0.194005 0.158881 0.161944 0.167081 0.160641 0.125209 0.152067 0.154125 0.153731 0.184332 0.158032 0.190708 0.192552 0.155325 0.180634 0.159504 0.191757
0.182733 0.183497 0.193508 0.165625 0.154542 0.167458 0.182906 0.124209 0.194005 0.158881 0.161944 0.167081 0.160641 0.125209 0.152067 0.154125 0.153731 0.184332 0.158032 0.190708 0.192552 0.155325 0.180634 0.159504 0.191757
0.182733 0.183497 0.193508 0.165625 0.154542 0.167458 0.182906 0.124209 0.194005 0.158881 0.161944 0.167081 0.160641 0.125209 0.152067 0.154125 0.153731 0.184332 0.158032 0.190708 0.192552 0.155325 0.180634 0.159504 0.191757
0.182733 0.183497 0.193508 0.165625 0.154542 0.167458 0.182906 0.124209 0.194005 0.158881 0.161944 0.167081 0.160641 0.125209 0.152067 0.154125 0.153731 0.184332 0.158032 0.190708 0.192552 0.155325 0.180634 0.159504 0.191757
0.182733 0.183497 0.193508 0.165625 0.154542 0.167458 0.182906 0.124209 0.194005 0.158881 0.161944 0.167081 0.160641 0.125209 0.152067 0.154125 0.153731 0.184332 0.158032 0.190708 0.192552 0.155325 0.180634 0.159504 0.191757
0.182733 0.183497 0.193508 0.165625 0.154542 0.167458 0.182906 0.124209 0.194005 0.158881 0.161944 0.167081 0.160641 0.125209 0.152067 0.154125 0.153731 0.184332 0.158032 0.190708 0.192552 0.155325 0.180634 0.159504 0.191757
0.182733 0.183497 0.193508 0.165625 0.154542 0.167458 0.182906 0.124209 0.194005 0.158881 0.161944 0.167081 0.160641 0.125209 0.152067 0.154125 0.153731 0.184332 0.158032 0.190708 0.192552 0.155325 0.180634 0.159504 0.191757
0.182733 0.183497 0.193508 0.165625 0.154542 0.167458 0.182906 0.124209 0.194005 0.158881 0.161944 0.167081 0.160641 0.125209 0.152067 0.154125 0.153731 0.184332 0.158032 0.190708 0.192552 0.155325 0.180634 0.159504 0.191757
0.182733 0.183497 0.193508 0.165625 0.154542 0.167458 0.182906 0.124209 0.194005 0.158881 0.161944 0.167081 0.160641 0.125209 0.152067 0.154125 0.153731 0.184332 0.158032 0.190708 0.192552 0.155325 0.180634 0.159504 0.191757
0.182733 0.183497 0.193508 0.165625 0.154542 0.167458 0.182906 0.124209 0.194005 0.158881 0.161944 0.167081 0.160641 0.125209 0.152067 0.154125 0.153731 0.184332 0.158032 0.190708 0.192552 0.155325 0.180634 0.159504 0.191757
0.182733 0.183497 0.193508 0.165625 0.154542 0.167458 0.182906 0.124209 0.194005 0.158881 0.161944 0.167081 0.160641 0.125209 0.152067 0.154125 0.153731 0.184332 0.158032 0.190708 0.192552 0.155325 0.180634 0.159504 0.191757
0.182733 0.183497 0.193508 0.165625 0.154542 0.167458 0.182906 0.124209 0.194005 0.158881 0.161944 0.167081 0.160641 0.125209 0.152067 0.154125 0.153731 0.184332 0.158032 0.190708 0.192552 0.155325 0.180634 0.159504 0.191757
0.182733 0.183497 0.193508 0.165625 0.154542 0.167458 0.182906 0.124209 0.194005 0.158881 0.161944 0.167081 0.160641 0.125209 0.152067 0.154125 0.153731 0.184332 0.158032 0.190708 0.192552 0.155325 0.180634 0.159504 0.191757
0.182733 0.183497 0.193508 0.165625 0.154542 0.167458 0.182906 0.124209 0.194005 0.158881 0.161944 0.167081 0.160641 0.125209 0.152067 0.154125 0.153731 0.184332 0.158032 0.190708 0.192552 0.155325 0.180634 0.159504 0.191757
0.182733 0.183497 0.193508 0.165625 0.154542 0.167458 0.182906 0.124209 0.194005 0.158881 0.161944 0.167081 0.160641 0.125209 0.152067 0.154125 0.153731 0.184332 0.158032 0.190708 0.192552 0.155325 0.180634 0.159504 0.191757
0.182733 0.183497 0.193508 0.165625 0.154542 0.167458 0.182906 0.124209 0.194005 0.158881 0.161944 0.167081 0.160641 0.125209 0.152067 0.154125 0.153731 0.184332 0.158032 0.190708 0.192552 0.155325 0.180634 0.159504 0.191757
0.182733 0.183497 0.193508 0.165625 0.154542 0.167458 0.182906 0.124209 0.194005 0.158881 0.161944 0.167081 0.160641 0.125209 0.152067 0.154125 0.153731 0.184332 0.158032 0.190708 0.192552 0.155325 0.180634 0.159504 0.191757
0.182733 0.183497 0.193508 0.165625 0.154542 0.167458 0.182906 0.124209 0.194005 0.158881 0.161944 0.167081 0.160641 0.125209 0.152067 0.154125 0.153731 0.184332 0.158032 0.190708 0.192552 0.155325 0.180634 0.159504 0.191757
0.182733 0.183497 0.193508 0.165625 0.154542 0.167458 0.182906 0.124209 0.194005 0.158881 0.161944 0.167081 0.160641 0.125209 0.152067 0.154125 0.153731 0.184332 0.158032 0.190708 0.192552 0.155325 0.180634 0.159504 0.191757
0.182733 0.183497 0.193508 0.165625 0.154542 0.167458 0.182906 0.124209 0.194005 0.158881 0.161944 0.167081 0.160641 0.125209 0.152067 0.154125 0.153731 0.184332 0.158032 0.190708 0.192552 0.155325 0.180634 0.159504 0.191757
0.182733 0.183497 0.193508 0.165625 0.154542 0.167458 0.182906 0.124209 0.194005 0.158881 0.161944 0.167081 0.160641 0.125209 0.152067 0.154125 0.153731 0.184332 0.158032 0.190708 0.192552 0.155325 0.180634 0.159504 0.191757
0.182733 0.183497 0.193508 0.165625 0.154542 0.167458 0.182906 0.124209 0.194005 0.158881 0.161944 0.167081 0.160641 0.125209 0.152067 0.154125 0.153731 0.184332 0.158032 0.190708 0.192552 0.155325 0.180634 0.159504 0.191757
0.182733 0.183497 0.193508 0.165625 0.154542 0.167458 0.182906 0.124209 0.194005 0.158881 0.161944 0.167081 0.160641 0.125209 0.152067 0.154125 0.153731 0.184332 0.158032 0.190708 0.192552 0.155325 0.180634 0.159504 0.191757
0.182733 0.183497 0.193508 0.165625 0.154542 0.167458 0.182906 0.124209 0.194005 0.158881 0.161944 0.167081 0.160641 0.125209 0.152067 0.154125 0.153731 0.184332 0.158032 0.190708 0.192552 0.155325 0.180634 0.159504 0.191757
0.182733 0.183497 0.193508 0.165625 0.154542 0.167458 0.182906 0.124209 0.194005 0.158881 0.161944 0.167081 0.160641 0.125209 0.152067 0.154125 0.153731 0.184332 0.158032 0.190708 0.192552 0.155325 0.180634 0.159504 0.191757
0.182733 0.183497 0.193508 0.165625 0.154542 0.167458 0.182906 0.124209 0.194005 0.158881 0.161944 0.167081 0.160641 0.125209 0.152067 0.154125 0.153731 0.184332 0.158032 0.190708 0.192552 0.155325 0.180634 0.159504 0.191757
0.182733 0.183497 0.193508 0.165625 0.154542 0.167458 0.182906 0.124209 0.194005 0.158881 0.161944 0.167081 0.160641 0.125209 0.152067 0.154125 0.153731 0.184332 0.158032 0.190708 0.192552 0.155325 0.180634 0.159504 0.191757
0.182733 0.183497 0.193508 0.165625 0.154542 0.167458 0.182906 0.124209 0.194005 0.158881 0.161944 0.167081 0.160641 0.125209 0.152067 0.154125 0.153731 0.184332 0.158032 0.190708 0.192552 0.155325 0.180634 0.159504 0.191757
0.182733 0.183497 0.193508 0.165625 0.154542 0.167458 0.182906 0.124209 0.194005 0.158881 0.161944 0.167081 0.160641 0.125209 0.152067 0.154125 0.153731 0.184332 0.158032 0.190708 0.192552 0.155325 0.180634 0.159504 0.191757
0.182733 0.183497 0.193508 0.165625 0.154542 0.167458 0.182906 0.124209 0.194005 0.158881 0.161944 0.167081 0.160641 0.125209 0.152067 0.154125 0.153731 0.184332 0.158032 0.190708 0.192552 0.155325 0.180634 0.159504 0.191757
0.182733 0.183497 0.193508 0.165625 0.154542 0.167458 0.182906 0.124209 0.194005 0.158881 0.161944 0.167081 0.160641 0.125209 0.152067 0.154125 0.153731 0.184332 0.158032 0.190708 0.192552 0.155325 0.180634 0.159504 0.191757
0.182733 0.183497 0.193508 0.165625 0.154542 0.167458 0.182906 0.124209 0.194005 0.158881 0.161944 0.167081 0.160641 0.125209 0.152067 0.154125 0.153731 0.184332 0.158032 0.190708 0.192552 0.155325 0.180634 0.159504 0.191757
0.182733 0.183497 0.193508 0.165625 0.154542 0.167458 0.182906 0.124209 0.194005 0.158881 0.161944 0.167081 0.160641 0.125209 0.152067 0.154125 0.153731 0.184332 0.158032 0.190708 0.192552 0.155325 0.180634 0.159504 0.191757
0.182733 0.183497 0.193508 0.165625 0.154542 0.167458 0.182906 0.124209 0.194005 0.158881 0.161944 0.167081 0.160641 0.125209 0.152067 0.154125 0.153731 0.184332 0.158032 0.190708 0.192552 0.155325 0.180634 0.159504 0.191757
0.182733 0.183497 0.193508 0.165625 0.154542 0.167458 0.182906 0.124209 0.194005 0.158881 0.161944 0.167081 0.160641 0.125209 0.152067 0.154125 0.153731 0.184332 0.158032 0.190708 0.192552 0.155325 0.180634 0.159504 0.191757
0.182733 0.183497 0.193508 0.165625 0.154542 0.167458 0.182906 0.124209 0.194005 0.158881 0.161944 0.167081 0.160641 0.125209 0.152067 0.154125 0.153731 0.184332 0.158032 0.190708 0.192552 0.155325 0.180634 0.159504 0.191757
0.182733 0.183497 0.193508 0.165625 0.154542 0.167458 0.182906 0.124209 0.194005 0.158881 0.161944 0.167081 0.160641 0.125209 0.152067 0.154125 0.153731 0.184332 0.158032 0.190708 0.192552 0.155325 0.180634 0.159504 0.191757
0.182733 0.183497 0.193508 0.165625 0.154542 0.167458 0.182906 0.124209 0.194005 0.158881 0.161944 0.167081 0.160641 0.125209 0.152067 0.154125 0.153731 0.184332 0.158032 0.190708 0.192552 0.155325 0.180634 0.159504 0.191757
0.182733 0.183497 0.193508 0.165625 0.154542 0.167458 0.182906 0.124209 0.194005 0.158881 0.161944 0.167081 0.160641 0.125209 0.152067 0.154125 0.153731 0.184332 0.158032 0.190708 0.192552 0.155325 0.180634 0.159504 0.191757
0.182733 0.183497 0.193508 0.165625 0.154542 0.167458 0.182906 0.124209 0.194005 0.158881 0.161944 0.167081 0.160641 0.125209 0.152067 0.154125 0.153731 0.184332 0.158032 0.190708 0.192552 0.155325 0.180634 0.159504 0.191757
0.182733 0.183497 0.193508 0.165625 0.154542 0.167458 0.182906 0.124209 0.194005 0.158881 0.161944 0.167081 0.160641 0.125209 0.152067 0.154125 0.153731 0.184332 0.158032 0.190708 0.192552 0.155325 0.180634 0.159504 0.191757
0.182733 0.183497 0.193508 0.165625 0.154542 0.167458 0.182906 0.124209 0.194005 0.158881 0.161944 0.167081 0.160641 0.125209 0.152067 0.154125 0.153731 0.184332 0.158032 0.190708 0.192552 0.155325 0.180634 0.159504 0.191757
0.182733 0.183497 0.193508 0.165625 0.154542 0.167458 0.182906 0.124209 0.194005 0.158881 0.161944 0.167081 0.160641 0.125209 0.152067 0.154125 0.153731 0.184332 0.158032 0.190708 0.192552 0.155325 0.180634 0.159504 0.191757
0.182733 0.183497 0.193508 0.165625 0.154542 0.167458 0.182906 0.124209 0.194005 0.158881 0.161944 0.167081 0.160641 0.125209 0.152067 0.154125 0.153731 0.184332 0.158032 0.190708 0.192552 0.155325 0.180634 0.159504 0.191757
0.182733 0.183497 0.193508 0.165625 0.154542 0.167458 0.182906 0.124209 0.194005 0.158881 0.161944 0.167081 0.160641 0.125209 0.152067 0.154125 0.153731 0.184332 0.158032 0.190708 0.192552 0.155325 0.180634 0.159504 0.191757
0.182733 0.183497 0.193508 0.165625 0.154542 0.167458 0.182906 0.124209 0.194005 0.158881 0.161944 0.167081 0.160641 0.125209 0.152067 0.154125 0.153731 0.184332 0.158032 0.190708 0.192552 0.155325 0.180634 0.159504 0.191757
0.182733 0.183497 0.193508 0.165625 0.154542 0.167458 0.182906 0.124209 0.194005 0.158881 0.161944 0.167081 0.160641 0.125209 0.152067 0.154125 0.153731 0.184332 0.158032 0.190708 0.192552 0.155325 0.180634 0.159504 0.191757
0.182733 0.183497 0.193508 0.165625 0.154542 0.167458 0.182906 0.124209 0.194005 0.158881 0.161944 0.167081 0.160641 0.125209 0.152067 0.154125 0.153731 0.184332 0.158032 0.190708 0.192552 0.155325 0.180634 0.159504 0.191757
0.182733 0.183497 0.193508 0.165625 0.154542 0.167458 0.182906 0.124209 0.194005 0.158881 0.161944 0.167081 0.160641 0.125209 0.152067 0.154125 0.153731 0.184332 0.158032 0.190708 0.192552 0.155325 0.180634 0.159504 0.191757
0.182733 0.183497 0.193508 0.165625 0.154542 0.167458 0.182906 0.124209 0.194005 0.158881 0.161944 0.167081 0.160641 0.125209 0.152067 0.154125 0.153731 0.184332 0.158032 0.190708 0.192552 0.155325 0.180634 0.159504 0.191757
0.182733 0.183497 0.193508 0.165625 0.154542 0.167458 0.182906 0.124209 0.194005 0.158881 0.161944 0.167081 0.160641 0.125209 0.152067 0.154125 0.153731 0.184332 0.158032 0.190708 0.192552 0.155325 0.180634 0.159504 0.191757
0.182733 0.183497 0.193508 0.165625 0.154542 0.167458 0.182906 0.124209 0.194005 0.158881 0.161944 0.167081 0.160641 0.125209 0.152067 0.154125 0.153731 0.184332 0.158032 0.190708 0.192552 0.155325 0.180634 0.159504 0.191757
0.182733 0.183497 0.193508 0.165625 0.154542 0.167458 0.182906 0.124209 0.194005 0.158881 0.161944 0.167081 0.160641 0.125209 0.152067 0.154125 0.153731 0.184332 0.158032 0.190708 0.192552 0.155325 0.180634 0.159504 0.191757
0.182733 0.183497 0.193508 0.165625 0.154542 0.167458 0.182906 0.124209 0.194005 0.158881 0.161944 0.167081 0.160641 0.125209 0.152067 0.154125 0.153731 0.184332 0.158032 0.190708 0.192552 0.155325 0.180634 0.159504 0.191757
0.182733 0.183497 0.193508 0.165625 0.154542 0.167458 0.182906 0.124209 0.194005 0.158881 0.161944 0.167081 0.160641 0.125209 0.152067 0.154125 0.153731 0.184332 0.158032 0.190708 0.192552 0.155325 0.180634 0.159504 0.191757
0.182733 0.183497 0.193508 0.165625 0.154542 0.167458 0.182906 0.124209 0.194005 0.158881 0.161944 0.167081 0.160641 0.125209 0.152067 0.154125 0.153731 0.184332 0.158032 0.190708 0.192552 0.155325 0.180634 0.159504 0.191757
0.182733 0.183497 0.193508 0.165625 0.154542 0.167458 0.182906 0.124209 0.194005 0.158881 0.161944 0.167081 0.160641 0.125209 0.152067 0.154125 0.153731 0.184332 0.158032 0.190708 0.192552 0.155325 0.180634 0.159504 0.191757
0.182733 0.183497 0.193508 0.165625 0.154542 0.167458 0.182906 0.124209 0.194005 0.158881 0.161944 0.167081 0.160641 0.125209 0.152067 0.154125 0.153731 0.184332 0.158032 0.190708 0.192552 0.155325 0.180634 0.159504 0.191757
0.182733 0.183497 0.193508 0.165625 0.154542 0.167458 0.182906 0.124209 0.194005 0.158881 0.161944 0.167081 0.160641 0.125209 0.152067 0.154125 0.153731 0.184332 0.158032 0.190708 0.192552 0.155325 0.180634 0.159504 0.191757
0.182733 0.183497 0.193508 0.165625 0.154542 0.167458 0.182906 0.124209 0.194005 0.158881 0.161944 0.167081 0.160641 0.125209 0.152067 0.154125 0.153731 0.184332 0.158032 0.190708 0.192552 0.155325 0.180634 0.159504 0.191757
0.182733 0.183497 0.193508 0.165625 0.154542 0.167458 0.182906 0.124209 0.194005 0.158881 0.161944 0.167081 0.160641 0.125209 0.152067 0.154125 0.153731 0.184332 0.158032 0.190708 0.192552 0.155325 0.180634 0.159504 0.191757
0.182733 0.183497 0.193508 0.165625 0.154542 0.167458 0.182906 0.124209 0.194005 0.158881 0.161944 0.167081 0.160641 0.125209 0.152067 0.154125 0.153731 0.184332 0.158032 0.190708 0.192552 0.155325 0.180634 0.159504 0.191757
0.182733 0.183497 0.193508 0.165625 0.154542 0.167458 0.182906 0.124209 0.194005 0.158881 0.161944 0.167081 0.160641 0.125209 0.152067 0.154125 0.153731 0.184332 0.158032 0.190708 0.192552 0.155325 0.180634 0.159504 0.191757
0.182733 0.183497 0.193508 0.165625 0.154542 0.167458 0.182906 0.124209 0.194005 0.158881 0.161944 0.167081 0.160641 0.125209 0.152067 0.154125 0.153731 0.184332 0.158032 0.190708 0.192552 0.155325 0.180634 0.159504 0.191757
0.182733 0.183497 0.193508 0.165625 0.154542 0.167458 0.182906 0.124209 0.194005 0.158881 0.161944 0.167081 0.160641 0.125209 0.152067 0.154125 0.153731 0.184332 0.158032 0.190708 0.192552 0.155325 0.180634 0.159504 0.191757
0.182733 0.183497 0.193508 0.165625 0.154542 0.167458 0.182906 0.124209 0.194005 0.158881 0.161944 0.167081 0.160641 0.125209 0.152067 0.154125 0.153731 0.184332 0.158032 0.190708 0.192552 0.155325 0.180634 0.159504 0.191757
0.182733 0.183497 0.193508 0.165625 0.154542 0.167458 0.182906 0.124209 0.194005 0.158881 0.161944 0.167081 0.160641 0.125209 0.152067 0.154125 0.153731 0.184332 0.158032 0.190708 0.192552 0.155325 0.180634 0.159504 0.191757
0.182733 0.183497 0.193508 0.165625 0.154542 0.167458 0.182906 0.124209 0.194005 0.158881 0.161944 0.167081 0.160641 0.125209 0.152067 0.154125 0.153731 0.184332 0.158032 0.190708 0.192552 0.155325 0.180634 0.159504 0.191757
0.182733 0.183497 0.193508 0.165625 0.154542 0.167458 0.182906 0.124209 0.194005 0.158881 0.161944 0.167081 0.160641 0.125209 0.152067 0.154125 0.153731 0.184332 0.158032 0.190708 0.192552 0.155325 0.180634 0.159504 0.191757
0.182733 0.183497 0.193508 0.165625 0.154542 0.167458 0.182906 0.124209 0.194005 0.158881 0.161944 0.167081 0.160641 0.125209 0.152067 0.154125 0.153731 0.184332 0.158032 0.190708 0.192552 0.155325 0.180634 0.159504 0.191757
0.182733 0.183497 0.193508 0.165625 0.154542 0.167458 0.182906 0.124209 0.194005 0.158881 0.161944 0.167081 0.160641 0.125209 0.152067 0.154125 0.153731 0.184332 0.158032 0.190708 0.192552 0.155325 0.180634 0.159504 0.191757
0.182733 0.183497 0.193508 0.165625 0.154542 0.167458 0.182906 0.124209 0.194005 0.158881 0.161944 0.167081 0.160641 0.125209 0.152067 0.154125 0.153731 0.184332 0.158032 0.190708 0.192552 0.155325 0.180634 0.159504 0.191757
0.182733 0.183497 0.193508 0.165625 0.154542 0.167458 0.182906 0.124209 0.194005 0.158881 0.161944 0.167081 0.160641 0.125209 0.152067 0.154125 0.153731 0.184332 0.158032 0.190708 0.192552 0.155325 0.180634 0.159504 0.191757
0.182733 0.183497 0.193508 0.165625 0.154542 0.167458 0.182906 0.124209 0.194005 0.158881 0.161944 0.167081 0.160641 0.125209 0.152067 0.154125 0.153731 0.184332 0.158032 0.190708 0.192552 0.155325 0.180634 0.159504 0.191757
0.182733 0.183497 0.193508 0.165625 0.154542 0.167458 0.182906 0.124209 0.194005 0.158881 0.161944 0.167081 0.160641 0.125209 0.152067 0.154125 0.153731 0.184332 0.158032 0.190708 0.192552 0.155325 0.180634 0.159504 0.191757
0.182733 0.183497 0.193508 0.165625 0.154542 0.167458 0.182906 0.124209 0.194005 0.158881 0.161944 0.167081 0.160641 0.125209 0.152067 0.154125 0.153731 0.184332 0.158032 0.190708 0.192552 0.155325 0.180634 0.159504 0.191757
0.182733 0.183497 0.193508 0.165625 0.154542 0.167458 0.182906 0.124209 0.194005 0.158881 0.161944 0.167081 0.160641 0.125209 0.152067 0.154125 0.153731 0.184332 0.158032 0.190708 0.192552 0.155325 0.180634 0.159504 0.191757
0.182733 0.183497 0.193508 0.165625 0.154542 0.167458 0.182906 0.124209 0.194005 0.158881 0.161944 0.167081 0.160641 0.125209 0.152067 0.154125 0.153731 0.184332 0.158032 0.190708 0.192552 0.155325 0.180634 0.159504 0.191757
0.182733 0.183497 0.193508 0.165625 0.154542 0.167458 0.182906 0.124209 0.194005 0.158881 0.161944 0.167081 0.160641 0.125209 0.152067 0.154125 0.153731 0.184332 0.158032 0.190708 0.192552 0.155325 0.180634 0.159504 0.191757
0.182733 0.183497 0.193508 0.165625 0.154542 0.167458 0.182906 0.124209 0.194005 0.158881 0.161944 0.167081 0.160641 0.125209 0.152067 0.154125 0.153731 0.184332 0.158032 0.190708 0.192552 0.155325 0.180634 0.159504 0.191757
0.182733 0.183497 0.193508 0.165625 0.154542 0.167458 0.182906 0.124209 0.194005 0.158881 0.161944 0.167081 0.160641 0.125209 0.152067 0.154125 0.153731 0.184332 0.158032 0.190708 0.192552 0.155325 0.180634 0.159504 0.191757
0.182733 0.183497 0.193508 0.165625 0.154542 0.167458 0.182906 0.124209 0.194005 0.158881 0.161944 0.167081 0.160641 0.125209 0.152067 0.154125 0.153731 0.184332 0.158032 0.190708 0.192552 0.155325 0.180634 0.159504 0.191757
0.182733 0.183497 0.193508 0.165625 0.154542 0.167458 0.182906 0.124209 0.194005 0.158881 0.161944 0.167081 0.160641 0.125209 0.152067 0.154125 0.153731 0.184332 0.158032 0.190708 0.192552 0.155325 0.180634 0.159504 0.191757
0.182733 0.183497 0.193508 0.165625 0.154542 0.167458 0.182906 0.124209 0.194005 0.158881 0.161944 0.167081 0.160641 0.125209 0.152067 0.154125 0.153731 0.184332 0.158032 0.190708 0.192552 0.155325 0.180634 0.159504 0.191757
0.182733 0.183497 0.193508 0.165625 0.154542 0.167458 0.182906 0.124209 0.194005 0.158881 0.161944 0.167081 0.160641 0.125209 0.152067 0.154125 0.153731 0.184332 0.158032 0.190708 0.192552 0.155325 0.180634 0.159504 0.191757
0.182733 0.183497 0.193508 0.165625 0.154542 0.167458 0.182906 0.124209 0.194005 0.158881 0.161944 0.167081 0.160641 0.125209 0.152067 0.154125 0.153731 0.184332 0.158032 0.190708 0.192552 0.155325 0.180634 0.159504 0.191757
0.182733 0.183497 0.193508 0.165625 0.154542 0.167458 0.182906 0.124209 0.194005 0.158881 0.161944 0.167081 0.160641 0.125209 0.152067 0.154125 0.153731 0.184332 0.158032 0.190708 0.192552 0.155325 0.180634 0.159504 0.191757
0.182733 0.183497 0.193508 0.165625 0.154542 0.167458 0.182906 0.124209 0.194005 0.158881 0.161944 0.167081 0.160641 0.125209 0.152067 0.154125 0.153731 0.184332 0.158032 0.190708 0.192552 0.155325 0.180634 0.159504 0.191757
0.182733 0.183497 0.193508 0.165625 0.154542 0.167458 0.182906 0.124209 0.194005 0.158881 0.161944 0.167081 0.160641 0.125209 0.152067 0.154125 0.153731 0.184332 0.158032 0.190708 0.192552 0.155325 0.180634 0.159504 0.191757
0.182733 0.183497 0.193508 0.165625 0.154542 0.167458 0.182906 0.124209 0.194005 0.158881 0.161944 0.167081 0.160641 0.125209 0.152067 0.154125 0.153731 0.184332 0.158032 0.190708 0.192552 0.155325 0.180634 0.159504 0.191757
0.182733 0.183497 0.193508 0.165625 0.154542 0.167458 0.182906 0.124209 0.194005 0.158881 0.161944 0.167081 0.160641 0.125209 0.152067 0.154125 0.153731 0.184332 0.158032 0.190708 0.192552 0.155325 0.180634 0.159504 0.191757
0.182733 0.183497 0.193508 0.165625 0.154542 0.167458 0.182906 0.124209 0.194005 0.158881 0.161944 0.167081 0.160641 0.125209 0.152067 0.154125 0.153731 0.184332 0.158032 0.190708 0.192552 0.155325 0.180634 0.159504 0.191757
0.182733 0.183497 0.193508 0.165625 0.154542 0.167458 0.182906 0.124209 0.194005 0.158881 0.161944 0.167081 0.160641 0.125209 0.152067 0.154125 0.153731 0.184332 0.158032 0.190708 0.192552 0.155325 0.180634 0.159504 0.191757
0.182733 0.183497 0.193508 0.165625 0.154542 0.167458 0.182906 0.124209 0.194005 0.158881 0.161944 0.167081 0.160641 0.125209 0.152067 0.154125 0.153731 0.184332 0.158032 0.190708 0.192552 0.155325 0.180634 0.159504 0.191757
