0.00859448 0.00907534 0.00941743 0.00651137 0.0112458 0.0065705 0.00860111 0.0073536 0.00914527 0.00759994 0.0113627 0.00655834 0.0113009 0.00740156 0.0103629 0.0112253 0.0112058 0.00865564 0.0134435 0.00900432 0.00908947 0.00662902 0.0085142 0.0112468 0.00934407
0.21911 0.22096 0.222979 0.206712 0.229438 0.208595 0.219277 0.211476 0.222428 0.213933 0.231764 0.208208 0.230521 0.212206 0.227063 0.229024 0.229516 0.22026 0.239379 0.218376 0.221301 0.208027 0.21729 0.229457 0.222476
0.0832507 0.0852212 0.0852388 0.0749256 0.0891113 0.075915 0.0833452 0.0770452 0.0854771 0.0791928 0.0902297 0.0757111 0.0894752 0.0761732 0.0894036 0.0888608 0.0902746 0.0830168 0.101585 0.0829293 0.0854171 0.0760277 0.0827977 0.0891229 0.0864438
0.199527 0.201692 0.201296 0.190064 0.203556 0.1922 0.19972 0.190396 0.202149 0.194616 0.205654 0.19176 0.204186 0.188729 0.206785 0.203067 0.205268 0.198753 0.220899 0.197602 0.202088 0.191875 0.198655 0.203578 0.202867
0.0967304 0.0988542 0.099379 0.0873979 0.103624 0.0886083 0.0968464 0.088645 0.0989291 0.0919056 0.104774 0.0883588 0.103831 0.0877589 0.104616 0.103311 0.104153 0.0958959 0.11762 0.0967741 0.0990949 0.0886067 0.0964044 0.103639 0.0995741
0.186396 0.188686 0.187909 0.176546 0.190049 0.178635 0.186586 0.176006 0.188902 0.180993 0.1921 0.178204 0.190626 0.174263 0.194253 0.189559 0.191664 0.185083 0.20872 0.184319 0.189078 0.178343 0.185764 0.190072 0.18939
0.106471 0.108667 0.109055 0.0968197 0.113085 0.0981523 0.106598 0.0974784 0.108668 0.101296 0.114347 0.0978775 0.113316 0.0964186 0.114847 0.112743 0.1136 0.105335 0.128362 0.106318 0.108931 0.0981403 0.106191 0.113101 0.109186
0.176925 0.179259 0.178473 0.166921 0.180723 0.168942 0.177111 0.166098 0.179365 0.171312 0.182708 0.168526 0.181264 0.164343 0.185136 0.180243 0.182178 0.175407 0.19975 0.174975 0.179641 0.16871 0.176411 0.180745 0.179756
0.113802 0.116047 0.116287 0.103966 0.120132 0.105382 0.113936 0.104282 0.116015 0.108431 0.12148 0.10509 0.120394 0.10311 0.12239 0.119771 0.120695 0.112507 0.136213 0.113457 0.116326 0.105365 0.113537 0.120149 0.116464
0.169822 0.172175 0.17144 0.15974 0.173825 0.161703 0.170003 0.158849 0.172225 0.164114 0.175751 0.161298 0.174338 0.157111 0.178228 0.173355 0.175163 0.168222 0.1929 0.168014 0.172547 0.161513 0.169374 0.173846 0.172577
0.119487 0.121764 0.121888 0.109542 0.125586 0.111019 0.119627 0.109638 0.121716 0.113999 0.126999 0.110715 0.125873 0.108385 0.12818 0.125212 0.126205 0.118099 0.142201 0.118991 0.122054 0.110997 0.119225 0.125603 0.122129
0.164352 0.166714 0.166041 0.154228 0.168548 0.156143 0.16453 0.153346 0.166732 0.158602 0.170425 0.155749 0.169038 0.151634 0.172874 0.168087 0.169801 0.162719 0.187564 0.16267 0.167079 0.155982 0.163944 0.168569 0.16707
0.123977 0.126275 0.126309 0.113963 0.129889 0.115489 0.124121 0.113909 0.12622 0.118415 0.131352 0.115174 0.130196 0.112595 0.132723 0.129505 0.130561 0.122529 0.14688 0.123361 0.126574 0.115459 0.123713 0.129907 0.126613
0.160069 0.162435 0.161819 0.149921 0.164431 0.151799 0.160243 0.149075 0.162433 0.1543 0.166267 0.151412 0.164902 0.147389 0.168665 0.163977 0.165619 0.158424 0.183353 0.158492 0.162794 0.151657 0.159687 0.164452 0.162766
0.127562 0.129876 0.129838 0.117504 0.133323 0.119067 0.12771 0.11734 0.129817 0.121951 0.134824 0.118745 0.133646 0.11598 0.136336 0.132931 0.134041 0.126073 0.150589 0.126851 0.130181 0.11903 0.127294 0.133341 0.130198
0.156678 0.159046 0.15848 0.146517 0.161178 0.148364 0.15685 0.145712 0.15903 0.150902 0.162981 0.147984 0.161634 0.14405 0.165323 0.16073 0.162316 0.155031 0.180001 0.155187 0.159399 0.148237 0.156315 0.161199 0.159363
0.130444 0.132768 0.132674 0.120356 0.136081 0.121949 0.130594 0.12011 0.132709 0.124798 0.137614 0.121621 0.136417 0.118714 0.139231 0.135684 0.136838 0.128926 0.153554 0.129655 0.133078 0.121906 0.130171 0.1361 0.133081
0.153974 0.156342 0.155818 0.143806 0.158587 0.145629 0.154144 0.143041 0.156317 0.148197 0.160363 0.145253 0.159031 0.1414 0.162654 0.158144 0.159685 0.152328 0.177317 0.152553 0.156691 0.145512 0.153624 0.158608 0.156651
0.132769 0.135101 0.134962 0.122661 0.138306 0.124278 0.132921 0.122352 0.135042 0.127099 0.139863 0.123945 0.138653 0.120927 0.141563 0.137904 0.139096 0.13123 0.155937 0.131918 0.135416 0.124229 0.132492 0.138325 0.135408
0.151807 0.154174 0.153686 0.141636 0.156512 0.143438 0.151975 0.140906 0.154143 0.146032 0.158267 0.143067 0.156946 0.139284 0.160511 0.156074 0.157578 0.150165 0.175159 0.150444 0.15452 0.14333 0.151467 0.156533 0.154478
0.13465 0.136988 0.136812 0.124528 0.140105 0.126164 0.134804 0.124169 0.13693 0.128963 0.141683 0.125827 0.14046 0.122723 0.143446 0.139699 0.140921 0.133096 0.157858 0.133748 0.137306 0.12611 0.134369 0.140124 0.137291
0.150065 0.15243 0.151972 0.139892 0.154845 0.141678 0.150231 0.139193 0.152395 0.144293 0.156582 0.14131 0.15527 0.137586 0.158786 0.154409 0.155885 0.148427 0.173419 0.148747 0.152774 0.141577 0.149732 0.154865 0.152732
0.136174 0.138516 0.138311 0.126042 0.141562 0.127693 0.136329 0.125644 0.138458 0.130473 0.143156 0.127352 0.141924 0.12418 0.144969 0.141153 0.1424 0.134607 0.159411 0.135231 0.138836 0.127634 0.135888 0.141581 0.138816
0.148661 0.151025 0.150591 0.138488 0.153502 0.140261 0.148826 0.137815 0.150986 0.142892 0.155224 0.139896 0.153921 0.136221 0.157395 0.153069 0.154521 0.147027 0.172015 0.147381 0.151366 0.140164 0.148334 0.153522 0.151324
0.137409 0.139754 0.139525 0.127269 0.142743 0.128933 0.137565 0.126841 0.139697 0.131698 0.14435 0.12859 0.143111 0.125363 0.146202 0.142332 0.143599 0.135833 0.160667 0.136432 0.140076 0.128871 0.13712 0.142762 0.140053
0.147527 0.14989 0.149476 0.137355 0.152417 0.139117 0.147691 0.136704 0.149849 0.141761 0.154129 0.138754 0.152831 0.135121 0.15627 0.151986 0.15342 0.145897 0.170879 0.146277 0.150229 0.139024 0.147205 0.152437 0.150188
0.138411 0.140758 0.14051 0.128266 0.143701 0.129939 0.138567 0.127813 0.140702 0.132693 0.145318 0.129594 0.144073 0.126324 0.147202 0.143288 0.144571 0.136828 0.161684 0.137407 0.141082 0.129874 0.138119 0.14372 0.141056
0.146611 0.148973 0.148575 0.13644 0.151541 0.138193 0.146774 0.135807 0.14893 0.140848 0.153243 0.137832 0.151951 0.134232 0.155361 0.151112 0.152531 0.144984 0.16996 0.145386 0.149311 0.138103 0.146292 0.151561 0.14927
0.139223 0.141572 0.141309 0.129074 0.144478 0.130755 0.139381 0.128603 0.141518 0.133499 0.146103 0.130409 0.144853 0.127104 0.148012 0.144063 0.145359 0.137635 0.162508 0.138197 0.141898 0.130689 0.138929 0.144497 0.14187
0.14587 0.148231 0.147846 0.1357 0.150833 0.137446 0.146033 0.135082 0.148186 0.14011 0.152527 0.137086 0.151239 0.133515 0.154626 0.150405 0.151811 0.144246 0.169216 0.144665 0.148568 0.137359 0.145554 0.150853 0.148528
0.139882 0.142233 0.141958 0.12973 0.145108 0.131418 0.14004 0.129243 0.142179 0.134154 0.14674 0.13107 0.145486 0.127737 0.148669 0.144692 0.145999 0.13829 0.163175 0.138839 0.142559 0.131349 0.139586 0.145127 0.14253
0.14527 0.147631 0.147256 0.135102 0.150259 0.136842 0.145433 0.134496 0.147585 0.139513 0.151947 0.136483 0.150663 0.132934 0.15403 0.149833 0.151229 0.143649 0.168613 0.144081 0.147966 0.136756 0.144957 0.150279 0.147927
0.140417 0.142769 0.142483 0.130262 0.145619 0.131956 0.140575 0.129763 0.142715 0.134685 0.147257 0.131607 0.146 0.128252 0.149202 0.145202 0.146518 0.138821 0.163717 0.139359 0.143096 0.131885 0.140119 0.145638 0.143065
0.144785 0.147144 0.146779 0.134617 0.149795 0.136353 0.144947 0.134021 0.147098 0.13903 0.151478 0.135995 0.150196 0.132465 0.153548 0.149369 0.150758 0.143166 0.168124 0.143609 0.147479 0.136269 0.144473 0.149815 0.147441
0.14085 0.143203 0.14291 0.130694 0.146034 0.132392 0.141009 0.130185 0.14315 0.135116 0.147676 0.132042 0.146417 0.128669 0.149634 0.145615 0.146939 0.139252 0.164155 0.139781 0.143531 0.13232 0.140552 0.146053 0.143499
0.144392 0.146751 0.146392 0.134225 0.149419 0.135957 0.144553 0.133637 0.146703 0.138638 0.151098 0.1356 0.149818 0.132085 0.153157 0.148994 0.150376 0.142775 0.167729 0.143226 0.147085 0.135874 0.144081 0.149439 0.147047
0.141202 0.143556 0.143256 0.131045 0.14637 0.132746 0.141361 0.130527 0.143503 0.135466 0.148016 0.132395 0.146755 0.129008 0.149984 0.145951 0.14728 0.139602 0.164511 0.140123 0.143884 0.132673 0.140902 0.146389 0.143852
0.144073 0.146432 0.146079 0.133907 0.149115 0.135636 0.144235 0.133326 0.146383 0.138321 0.15079 0.135279 0.149512 0.131777 0.152841 0.14869 0.150067 0.142458 0.167408 0.142916 0.146765 0.135554 0.143764 0.149134 0.146728
0.141488 0.143841 0.143536 0.131329 0.146643 0.133033 0.141647 0.130805 0.143789 0.135749 0.148292 0.132682 0.147029 0.129282 0.150268 0.146223 0.147557 0.139886 0.1648 0.140401 0.144171 0.132959 0.141187 0.146662 0.144138
0.143815 0.146173 0.145825 0.133649 0.148868 0.135376 0.143976 0.133074 0.146125 0.138064 0.150541 0.13502 0.149264 0.131528 0.152584 0.148444 0.149816 0.142201 0.167148 0.142665 0.146506 0.135295 0.143506 0.148888 0.146469
0.141719 0.144073 0.143764 0.13156 0.146864 0.133265 0.141878 0.131031 0.144022 0.135979 0.148515 0.132914 0.147251 0.129505 0.150499 0.146444 0.147782 0.140116 0.165033 0.140626 0.144403 0.133191 0.141417 0.146883 0.144369
0.143606 0.145964 0.14562 0.133441 0.148668 0.135165 0.143767 0.13287 0.145915 0.137856 0.150339 0.13481 0.149064 0.131326 0.152376 0.148244 0.149613 0.141993 0.166937 0.142462 0.146297 0.135085 0.143298 0.148688 0.14626
0.141907 0.144261 0.143948 0.131747 0.147043 0.133454 0.142066 0.131213 0.14421 0.136166 0.148697 0.133102 0.147431 0.129686 0.150686 0.146623 0.147964 0.140303 0.165223 0.140808 0.144591 0.13338 0.141604 0.147063 0.144557
0.143436 0.145794 0.145453 0.133272 0.148506 0.134994 0.143597 0.132705 0.145745 0.137688 0.150175 0.134639 0.148901 0.131162 0.152208 0.148083 0.149449 0.141824 0.166766 0.142297 0.146126 0.134915 0.143129 0.148526 0.14609
0.142059 0.144414 0.144098 0.131898 0.147189 0.133608 0.142219 0.131362 0.144363 0.136317 0.148844 0.133255 0.147577 0.129833 0.150837 0.146768 0.148112 0.140454 0.165377 0.140956 0.144744 0.133532 0.141756 0.147208 0.14471
0.143299 0.145656 0.145318 0.133135 0.148375 0.134856 0.14346 0.132571 0.145607 0.137551 0.150042 0.134501 0.148769 0.131029 0.152071 0.147952 0.149315 0.141688 0.166628 0.142163 0.145989 0.134777 0.142992 0.148394 0.145952
0.142182 0.144537 0.144219 0.132021 0.147307 0.133732 0.142342 0.131482 0.144486 0.13644 0.148963 0.133379 0.147696 0.129952 0.15096 0.146886 0.148231 0.140577 0.165501 0.141076 0.144868 0.133656 0.141879 0.147326 0.144833
0.143188 0.145545 0.145208 0.133024 0.148268 0.134744 0.143348 0.132462 0.145495 0.13744 0.149935 0.134389 0.148662 0.130922 0.15196 0.147845 0.149207 0.141577 0.166516 0.142055 0.145877 0.134665 0.142881 0.148288 0.145841
0.142282 0.144638 0.144318 0.132121 0.147403 0.133832 0.142442 0.131579 0.144587 0.13654 0.14906 0.13348 0.147792 0.130048 0.151059 0.146981 0.148328 0.140676 0.165602 0.141174 0.144968 0.133756 0.141979 0.147422 0.144934
0.143097 0.145454 0.14512 0.132934 0.148182 0.134653 0.143258 0.132374 0.145405 0.13735 0.149847 0.134299 0.148575 0.130835 0.151871 0.147759 0.14912 0.141487 0.166425 0.141967 0.145786 0.134575 0.142791 0.148202 0.14575
0.142363 0.144719 0.144398 0.132202 0.14748 0.133914 0.142523 0.131659 0.144668 0.13662 0.149138 0.133561 0.14787 0.130127 0.15114 0.147059 0.148407 0.140757 0.165684 0.141253 0.14505 0.133838 0.14206 0.1475 0.145015
0.143024 0.145381 0.145048 0.132861 0.148112 0.134579 0.143185 0.132303 0.145331 0.137278 0.149777 0.134225 0.148505 0.130764 0.151798 0.147689 0.149049 0.141414 0.166351 0.141896 0.145713 0.134501 0.142718 0.148132 0.145677
0.142429 0.144785 0.144462 0.132268 0.147543 0.13398 0.142589 0.131723 0.144734 0.136686 0.149202 0.133627 0.147933 0.13019 0.151206 0.147122 0.148471 0.140822 0.165751 0.141317 0.145116 0.133904 0.142125 0.147563 0.145081
0.142965 0.145322 0.144989 0.132802 0.148055 0.13452 0.143126 0.132245 0.145272 0.137219 0.149719 0.134166 0.148448 0.130707 0.151739 0.147633 0.148991 0.141355 0.166291 0.141838 0.145653 0.134442 0.142659 0.148075 0.145618
0.142482 0.144838 0.144515 0.132321 0.147594 0.134034 0.142643 0.131775 0.144788 0.136739 0.149253 0.133681 0.147984 0.130241 0.151259 0.147173 0.148523 0.140875 0.165804 0.141369 0.145169 0.133957 0.142178 0.147614 0.145134
0.142917 0.145274 0.144942 0.132754 0.148009 0.134471 0.143077 0.132198 0.145224 0.137171 0.149673 0.134117 0.148402 0.130661 0.151691 0.147587 0.148945 0.141307 0.166243 0.141791 0.145605 0.134393 0.142611 0.148029 0.145569
0.142526 0.144882 0.144557 0.132364 0.147635 0.134078 0.142686 0.131817 0.144831 0.136782 0.149295 0.133724 0.148026 0.130283 0.151302 0.147214 0.148565 0.140918 0.165848 0.141411 0.145213 0.134001 0.142222 0.147655 0.145178
0.142878 0.145234 0.144904 0.132715 0.147972 0.134432 0.143038 0.13216 0.145184 0.137132 0.149635 0.134078 0.148364 0.130623 0.151652 0.14755 0.148907 0.141269 0.166203 0.141753 0.145566 0.134354 0.142573 0.147992 0.14553
0.142561 0.144917 0.144592 0.132399 0.147669 0.134113 0.142721 0.131851 0.144866 0.136817 0.149329 0.13376 0.14806 0.130317 0.151337 0.147247 0.148599 0.140953 0.165883 0.141445 0.145248 0.134036 0.142256 0.147688 0.145213
0.142846 0.145203 0.144873 0.132683 0.147942 0.1344 0.143007 0.132129 0.145153 0.137101 0.149605 0.134046 0.148334 0.130592 0.151621 0.14752 0.148876 0.141237 0.166172 0.141723 0.145534 0.134323 0.142541 0.147961 0.145499
0.142589 0.144945 0.14462 0.132427 0.147696 0.134141 0.14275 0.131879 0.144895 0.136845 0.149356 0.133788 0.148087 0.130344 0.151365 0.147274 0.148627 0.140981 0.165912 0.141472 0.145276 0.134065 0.142285 0.147716 0.145241
0.142821 0.145177 0.144847 0.132658 0.147917 0.134375 0.142981 0.132104 0.145127 0.137075 0.14958 0.134021 0.148309 0.130568 0.151595 0.147495 0.148851 0.141212 0.166146 0.141698 0.145509 0.134297 0.142516 0.147937 0.145473
0.142612 0.144968 0.144642 0.13245 0.147718 0.134165 0.142773 0.131901 0.144918 0.136868 0.149379 0.133811 0.148109 0.130367 0.151388 0.147296 0.148649 0.141004 0.165935 0.141495 0.1453 0.134088 0.142308 0.147738 0.145264
0.1428 0.145156 0.144827 0.132637 0.147898 0.134354 0.14296 0.132084 0.145106 0.137054 0.14956 0.134 0.148289 0.130548 0.151575 0.147475 0.148831 0.141191 0.166125 0.141678 0.145488 0.134276 0.142495 0.147917 0.145452
0.142631 0.144987 0.144661 0.132469 0.147736 0.134184 0.142791 0.131919 0.144937 0.136886 0.149397 0.13383 0.148127 0.130385 0.151407 0.147314 0.148667 0.141023 0.165954 0.141513 0.145318 0.134106 0.142326 0.147756 0.145283
0.142783 0.14514 0.144811 0.13262 0.147881 0.134337 0.142944 0.132068 0.145089 0.137038 0.149544 0.133983 0.148273 0.130531 0.151558 0.147459 0.148815 0.141174 0.166108 0.141661 0.145471 0.134259 0.142478 0.147901 0.145435
0.142646 0.145002 0.144676 0.132484 0.14775 0.134199 0.142806 0.131934 0.144952 0.136901 0.149411 0.133845 0.148142 0.130399 0.151422 0.147329 0.148682 0.141038 0.16597 0.141528 0.145334 0.134122 0.142342 0.14777 0.145298
0.142769 0.145126 0.144797 0.132607 0.147868 0.134323 0.14293 0.132054 0.145076 0.137024 0.149531 0.133969 0.14826 0.130518 0.151544 0.147446 0.148801 0.141161 0.166094 0.141648 0.145457 0.134245 0.142464 0.147888 0.145422
0.142658 0.145015 0.144688 0.132496 0.147762 0.134211 0.142819 0.131946 0.144964 0.136914 0.149423 0.133858 0.148153 0.130411 0.151434 0.14734 0.148694 0.14105 0.165982 0.14154 0.145346 0.134134 0.142354 0.147782 0.14531
0.142758 0.145115 0.144786 0.132596 0.147858 0.134312 0.142919 0.132044 0.145065 0.137013 0.14952 0.133958 0.148249 0.130508 0.151533 0.147436 0.148791 0.14115 0.166083 0.141637 0.145446 0.134234 0.142453 0.147877 0.145411
0.142668 0.145025 0.144698 0.132506 0.147772 0.134221 0.142829 0.131956 0.144974 0.136924 0.149433 0.133868 0.148163 0.130421 0.151444 0.14735 0.148703 0.14106 0.165992 0.141549 0.145356 0.134144 0.142364 0.147791 0.14532
0.142749 0.145106 0.144777 0.132587 0.147849 0.134303 0.14291 0.132035 0.145056 0.137004 0.149511 0.133949 0.148241 0.130499 0.151524 0.147427 0.148782 0.141141 0.166074 0.141628 0.145437 0.134225 0.142444 0.147869 0.145402
0.142676 0.145033 0.144706 0.132514 0.147779 0.134229 0.142837 0.131964 0.144982 0.136932 0.149441 0.133876 0.148171 0.130429 0.151452 0.147358 0.148711 0.141068 0.166 0.141557 0.145364 0.134152 0.142372 0.147799 0.145329
0.142742 0.145098 0.14477 0.13258 0.147842 0.134295 0.142903 0.132028 0.145048 0.136997 0.149504 0.133942 0.148234 0.130492 0.151517 0.14742 0.148775 0.141134 0.166066 0.141621 0.14543 0.134218 0.142437 0.147862 0.145394
0.142683 0.145039 0.144712 0.132521 0.147786 0.134236 0.142843 0.13197 0.144989 0.136938 0.149447 0.133882 0.148177 0.130435 0.151458 0.147364 0.148718 0.141075 0.166007 0.141564 0.145371 0.134159 0.142378 0.147805 0.145335
0.142736 0.145093 0.144764 0.132574 0.147837 0.13429 0.142897 0.132022 0.145042 0.136991 0.149498 0.133936 0.148228 0.130486 0.151511 0.147415 0.148769 0.141128 0.16606 0.141616 0.145424 0.134212 0.142431 0.147856 0.145388
0.142688 0.145045 0.144717 0.132526 0.147791 0.134241 0.142849 0.131975 0.144994 0.136943 0.149452 0.133888 0.148182 0.13044 0.151464 0.147369 0.148723 0.14108 0.166012 0.141569 0.145376 0.134164 0.142384 0.14781 0.14534
0.142732 0.145088 0.14476 0.132569 0.147832 0.134285 0.142892 0.132017 0.145038 0.136986 0.149494 0.133931 0.148224 0.130482 0.151507 0.14741 0.148765 0.141123 0.166056 0.141611 0.145419 0.134207 0.142427 0.147852 0.145384
0.142693 0.145049 0.144721 0.13253 0.147795 0.134246 0.142853 0.13198 0.144998 0.136948 0.149456 0.133892 0.148186 0.130444 0.151468 0.147373 0.148727 0.141084 0.166016 0.141573 0.14538 0.134168 0.142388 0.147814 0.145345
0.142728 0.145084 0.144756 0.132565 0.147828 0.134281 0.142888 0.132014 0.145034 0.136983 0.14949 0.133927 0.14822 0.130478 0.151503 0.147406 0.148761 0.141119 0.166052 0.141607 0.145415 0.134203 0.142423 0.147848 0.14538
0.142696 0.145052 0.144725 0.132534 0.147798 0.134249 0.142856 0.131983 0.145002 0.136951 0.14946 0.133896 0.14819 0.130448 0.151471 0.147376 0.14873 0.141088 0.16602 0.141576 0.145384 0.134172 0.142391 0.147818 0.145348
0.142725 0.145081 0.144753 0.132562 0.147825 0.134278 0.142885 0.132011 0.14503 0.136979 0.149487 0.133924 0.148217 0.130475 0.1515 0.147403 0.148758 0.141116 0.166049 0.141604 0.145412 0.1342 0.14242 0.147845 0.145377
0.142699 0.145055 0.144728 0.132537 0.147801 0.134252 0.142859 0.131986 0.145005 0.136954 0.149462 0.133898 0.148192 0.13045 0.151474 0.147379 0.148733 0.141091 0.166023 0.141579 0.145387 0.134175 0.142394 0.14782 0.145351
0.142722 0.145078 0.14475 0.132559 0.147823 0.134275 0.142882 0.132008 0.145028 0.136977 0.149485 0.133922 0.148214 0.130472 0.151497 0.147401 0.148755 0.141113 0.166046 0.141602 0.14541 0.134198 0.142417 0.147842 0.145374
0.142701 0.145057 0.14473 0.132539 0.147803 0.134254 0.142862 0.131988 0.145007 0.136956 0.149465 0.133901 0.148195 0.130452 0.151476 0.147381 0.148735 0.141093 0.166025 0.141581 0.145389 0.134177 0.142396 0.147823 0.145353
0.14272 0.145076 0.144748 0.132557 0.147821 0.134273 0.14288 0.132006 0.145026 0.136975 0.149483 0.133919 0.148212 0.13047 0.151495 0.147399 0.148753 0.141111 0.166044 0.1416 0.145408 0.134196 0.142415 0.147841 0.145372
0.142703 0.145059 0.144732 0.132541 0.147805 0.134256 0.142863 0.13199 0.145009 0.136958 0.149466 0.133903 0.148196 0.130454 0.151478 0.147383 0.148737 0.141095 0.166027 0.141583 0.145391 0.134179 0.142398 0.147824 0.145355
0.142718 0.145074 0.144747 0.132556 0.147819 0.134271 0.142879 0.132004 0.145024 0.136973 0.149481 0.133918 0.148211 0.130469 0.151493 0.147397 0.148752 0.14111 0.166042 0.141598 0.145406 0.134194 0.142413 0.147839 0.14537
0.142705 0.145061 0.144733 0.132542 0.147806 0.134258 0.142865 0.131991 0.14501 0.13696 0.149468 0.133904 0.148198 0.130456 0.15148 0.147384 0.148738 0.141096 0.166028 0.141585 0.145392 0.13418 0.1424 0.147826 0.145357
0.142717 0.145073 0.144745 0.132554 0.147818 0.13427 0.142877 0.132003 0.145023 0.136972 0.14948 0.133916 0.14821 0.130468 0.151492 0.147396 0.14875 0.141108 0.166041 0.141597 0.145405 0.134193 0.142412 0.147838 0.145369
0.142706 0.145062 0.144734 0.132543 0.147808 0.134259 0.142866 0.131992 0.145012 0.136961 0.149469 0.133905 0.148199 0.130457 0.151481 0.147386 0.14874 0.141097 0.16603 0.141586 0.145393 0.134182 0.142401 0.147827 0.145358
0.142716 0.145072 0.144744 0.132553 0.147817 0.134269 0.142876 0.132002 0.145022 0.136971 0.149479 0.133915 0.148208 0.130466 0.151491 0.147395 0.148749 0.141107 0.16604 0.141596 0.145403 0.134192 0.142411 0.147837 0.145368
0.142707 0.145063 0.144735 0.132544 0.147808 0.13426 0.142867 0.131993 0.145013 0.136962 0.14947 0.133906 0.1482 0.130458 0.151482 0.147387 0.148741 0.141098 0.166031 0.141587 0.145394 0.134183 0.142402 0.147828 0.145359
0.142715 0.145071 0.144743 0.132552 0.147816 0.134268 0.142875 0.132001 0.145021 0.13697 0.149478 0.133914 0.148208 0.130466 0.15149 0.147394 0.148748 0.141106 0.166039 0.141595 0.145403 0.134191 0.14241 0.147836 0.145367
0.142708 0.145064 0.144736 0.132545 0.147809 0.134261 0.142868 0.131994 0.145014 0.136963 0.149471 0.133907 0.148201 0.130459 0.151483 0.147387 0.148741 0.141099 0.166032 0.141588 0.145395 0.134183 0.142403 0.147829 0.14536
0.142714 0.14507 0.144743 0.132552 0.147815 0.134267 0.142875 0.132001 0.14502 0.136969 0.149477 0.133914 0.148207 0.130465 0.151489 0.147394 0.148748 0.141106 0.166038 0.141594 0.145402 0.13419 0.142409 0.147835 0.145366
0.142708 0.145064 0.144737 0.132546 0.14781 0.134261 0.142869 0.131995 0.145014 0.136963 0.149471 0.133908 0.148201 0.130459 0.151483 0.147388 0.148742 0.1411 0.166032 0.141588 0.145396 0.134184 0.142403 0.147829 0.14536
0.142714 0.14507 0.144742 0.132551 0.147815 0.134267 0.142874 0.132 0.145019 0.136969 0.149476 0.133913 0.148206 0.130464 0.151489 0.147393 0.148747 0.141105 0.166038 0.141593 0.145401 0.134189 0.142409 0.147834 0.145366
0.142709 0.145065 0.144737 0.132546 0.14781 0.134262 0.142869 0.131995 0.145015 0.136964 0.149472 0.133908 0.148202 0.13046 0.151484 0.147388 0.148743 0.1411 0.166033 0.141589 0.145396 0.134185 0.142404 0.14783 0.145361
0.142713 0.145069 0.144742 0.132551 0.147814 0.134266 0.142873 0.131999 0.145019 0.136968 0.149476 0.133913 0.148206 0.130464 0.151488 0.147393 0.148747 0.141105 0.166037 0.141593 0.145401 0.134189 0.142408 0.147834 0.145365
0.142709 0.145065 0.144738 0.132547 0.147811 0.134262 0.14287 0.131996 0.145015 0.136964 0.149472 0.133909 0.148202 0.13046 0.151484 0.147389 0.148743 0.141101 0.166033 0.141589 0.145397 0.134185 0.142404 0.14783 0.145361
0.142713 0.145069 0.144741 0.13255 0.147814 0.134266 0.142873 0.131999 0.145019 0.136968 0.149476 0.133912 0.148206 0.130464 0.151488 0.147392 0.148746 0.141104 0.166037 0.141593 0.1454 0.134188 0.142408 0.147834 0.145365
0.14271 0.145066 0.144738 0.132547 0.147811 0.134263 0.14287 0.131996 0.145015 0.136965 0.149473 0.133909 0.148203 0.13046 0.151485 0.147389 0.148743 0.141101 0.166034 0.14159 0.145397 0.134185 0.142405 0.147831 0.145362
0.142712 0.145069 0.144741 0.13255 0.147814 0.134265 0.142873 0.131999 0.145018 0.136967 0.149475 0.133912 0.148205 0.130463 0.151487 0.147392 0.148746 0.141104 0.166036 0.141592 0.1454 0.134188 0.142408 0.147833 0.145365
0.14271 0.145066 0.144738 0.132547 0.147811 0.134263 0.14287 0.131996 0.145016 0.136965 0.149473 0.133909 0.148203 0.130461 0.151485 0.147389 0.148744 0.141101 0.166034 0.14159 0.145397 0.134186 0.142405 0.147831 0.145362
0.142712 0.145068 0.144741 0.13255 0.147814 0.134265 0.142873 0.131999 0.145018 0.136967 0.149475 0.133912 0.148205 0.130463 0.151487 0.147392 0.148746 0.141104 0.166036 0.141592 0.1454 0.134188 0.142407 0.147833 0.145364
0.14271 0.145066 0.144739 0.132548 0.147812 0.134263 0.14287 0.131997 0.145016 0.136965 0.149473 0.13391 0.148203 0.130461 0.151485 0.14739 0.148744 0.141102 0.166034 0.14159 0.145398 0.134186 0.142405 0.147831 0.145362
0.142712 0.145068 0.14474 0.132549 0.147813 0.134265 0.142872 0.131998 0.145018 0.136967 0.149475 0.133911 0.148205 0.130463 0.151487 0.147391 0.148746 0.141104 0.166036 0.141592 0.1454 0.134188 0.142407 0.147833 0.145364
0.14271 0.145066 0.144739 0.132548 0.147812 0.134263 0.142871 0.131997 0.145016 0.136965 0.149473 0.13391 0.148203 0.130461 0.151485 0.14739 0.148744 0.141102 0.166034 0.14159 0.145398 0.134186 0.142405 0.147831 0.145362
0.142712 0.145068 0.14474 0.132549 0.147813 0.134265 0.142872 0.131998 0.145018 0.136967 0.149475 0.133911 0.148205 0.130463 0.151487 0.147391 0.148745 0.141103 0.166036 0.141592 0.145399 0.134188 0.142407 0.147833 0.145364
0.14271 0.145067 0.144739 0.132548 0.147812 0.134263 0.142871 0.131997 0.145016 0.136965 0.149473 0.13391 0.148203 0.130461 0.151486 0.14739 0.148744 0.141102 0.166034 0.14159 0.145398 0.134186 0.142406 0.147831 0.145363
0.142712 0.145068 0.14474 0.132549 0.147813 0.134265 0.142872 0.131998 0.145018 0.136967 0.149475 0.133911 0.148204 0.130462 0.151487 0.147391 0.148745 0.141103 0.166036 0.141592 0.145399 0.134187 0.142407 0.147833 0.145364
0.142711 0.145067 0.144739 0.132548 0.147812 0.134264 0.142871 0.131997 0.145016 0.136965 0.149474 0.13391 0.148203 0.130461 0.151486 0.14739 0.148744 0.141102 0.166034 0.14159 0.145398 0.134186 0.142406 0.147832 0.145363
0.142712 0.145068 0.14474 0.132549 0.147813 0.134265 0.142872 0.131998 0.145017 0.136966 0.149475 0.133911 0.148204 0.130462 0.151487 0.147391 0.148745 0.141103 0.166035 0.141591 0.145399 0.134187 0.142407 0.147833 0.145364
0.142711 0.145067 0.144739 0.132548 0.147812 0.134264 0.142871 0.131997 0.145017 0.136966 0.149474 0.13391 0.148204 0.130462 0.151486 0.14739 0.148744 0.141102 0.166035 0.141591 0.145398 0.134186 0.142406 0.147832 0.145363
0.142711 0.145068 0.14474 0.132549 0.147813 0.134264 0.142872 0.131998 0.145017 0.136966 0.149474 0.133911 0.148204 0.130462 0.151487 0.147391 0.148745 0.141103 0.166035 0.141591 0.145399 0.134187 0.142407 0.147832 0.145364
0.142711 0.145067 0.144739 0.132548 0.147812 0.134264 0.142871 0.131997 0.145017 0.136966 0.149474 0.13391 0.148204 0.130462 0.151486 0.14739 0.148744 0.141102 0.166035 0.141591 0.145398 0.134186 0.142406 0.147832 0.145363
0.142711 0.145068 0.14474 0.132549 0.147813 0.134264 0.142872 0.131998 0.145017 0.136966 0.149474 0.133911 0.148204 0.130462 0.151486 0.147391 0.148745 0.141103 0.166035 0.141591 0.145399 0.134187 0.142407 0.147832 0.145363
0.142711 0.145067 0.144739 0.132548 0.147812 0.134264 0.142871 0.131997 0.145017 0.136966 0.149474 0.13391 0.148204 0.130462 0.151486 0.14739 0.148744 0.141102 0.166035 0.141591 0.145398 0.134187 0.142406 0.147832 0.145363
0.142711 0.145068 0.14474 0.132549 0.147813 0.134264 0.142872 0.131998 0.145017 0.136966 0.149474 0.133911 0.148204 0.130462 0.151486 0.147391 0.148745 0.141103 0.166035 0.141591 0.145399 0.134187 0.142406 0.147832 0.145363
0.142711 0.145067 0.144739 0.132548 0.147812 0.134264 0.142871 0.131997 0.145017 0.136966 0.149474 0.13391 0.148204 0.130462 0.151486 0.14739 0.148745 0.141102 0.166035 0.141591 0.145398 0.134187 0.142406 0.147832 0.145363
0.142711 0.145067 0.14474 0.132549 0.147813 0.134264 0.142872 0.131998 0.145017 0.136966 0.149474 0.133911 0.148204 0.130462 0.151486 0.147391 0.148745 0.141103 0.166035 0.141591 0.145399 0.134187 0.142406 0.147832 0.145363
0.142711 0.145067 0.144739 0.132548 0.147812 0.134264 0.142871 0.131997 0.145017 0.136966 0.149474 0.13391 0.148204 0.130462 0.151486 0.14739 0.148745 0.141102 0.166035 0.141591 0.145398 0.134187 0.142406 0.147832 0.145363
0.142711 0.145067 0.14474 0.132549 0.147813 0.134264 0.142872 0.131998 0.145017 0.136966 0.149474 0.133911 0.148204 0.130462 0.151486 0.147391 0.148745 0.141103 0.166035 0.141591 0.145399 0.134187 0.142406 0.147832 0.145363
0.142711 0.145067 0.144739 0.132548 0.147812 0.134264 0.142871 0.131997 0.145017 0.136966 0.149474 0.13391 0.148204 0.130462 0.151486 0.14739 0.148745 0.141102 0.166035 0.141591 0.145399 0.134187 0.142406 0.147832 0.145363
0.142711 0.145067 0.14474 0.132549 0.147813 0.134264 0.142872 0.131998 0.145017 0.136966 0.149474 0.133911 0.148204 0.130462 0.151486 0.147391 0.148745 0.141103 0.166035 0.141591 0.145399 0.134187 0.142406 0.147832 0.145363
0.142711 0.145067 0.144739 0.132548 0.147812 0.134264 0.142871 0.131997 0.145017 0.136966 0.149474 0.13391 0.148204 0.130462 0.151486 0.147391 0.148745 0.141103 0.166035 0.141591 0.145399 0.134187 0.142406 0.147832 0.145363
0.142711 0.145067 0.14474 0.132549 0.147813 0.134264 0.142872 0.131998 0.145017 0.136966 0.149474 0.133911 0.148204 0.130462 0.151486 0.147391 0.148745 0.141103 0.166035 0.141591 0.145399 0.134187 0.142406 0.147832 0.145363
0.142711 0.145067 0.14474 0.132548 0.147812 0.134264 0.142871 0.131997 0.145017 0.136966 0.149474 0.13391 0.148204 0.130462 0.151486 0.147391 0.148745 0.141103 0.166035 0.141591 0.145399 0.134187 0.142406 0.147832 0.145363
0.142711 0.145067 0.14474 0.132549 0.147813 0.134264 0.142872 0.131998 0.145017 0.136966 0.149474 0.133911 0.148204 0.130462 0.151486 0.147391 0.148745 0.141103 0.166035 0.141591 0.145399 0.134187 0.142406 0.147832 0.145363
0.142711 0.145067 0.14474 0.132549 0.147812 0.134264 0.142871 0.131997 0.145017 0.136966 0.149474 0.13391 0.148204 0.130462 0.151486 0.147391 0.148745 0.141103 0.166035 0.141591 0.145399 0.134187 0.142406 0.147832 0.145363
0.142711 0.145067 0.14474 0.132549 0.147813 0.134264 0.142871 0.131998 0.145017 0.136966 0.149474 0.133911 0.148204 0.130462 0.151486 0.147391 0.148745 0.141103 0.166035 0.141591 0.145399 0.134187 0.142406 0.147832 0.145363
0.142711 0.145067 0.14474 0.132549 0.147812 0.134264 0.142871 0.131997 0.145017 0.136966 0.149474 0.13391 0.148204 0.130462 0.151486 0.147391 0.148745 0.141103 0.166035 0.141591 0.145399 0.134187 0.142406 0.147832 0.145363
0.142711 0.145067 0.14474 0.132549 0.147813 0.134264 0.142871 0.131998 0.145017 0.136966 0.149474 0.133911 0.148204 0.130462 0.151486 0.147391 0.148745 0.141103 0.166035 0.141591 0.145399 0.134187 0.142406 0.147832 0.145363
0.142711 0.145067 0.14474 0.132549 0.147812 0.134264 0.142871 0.131997 0.145017 0.136966 0.149474 0.13391 0.148204 0.130462 0.151486 0.147391 0.148745 0.141103 0.166035 0.141591 0.145399 0.134187 0.142406 0.147832 0.145363
0.142711 0.145067 0.14474 0.132549 0.147813 0.134264 0.142871 0.131998 0.145017 0.136966 0.149474 0.133911 0.148204 0.130462 0.151486 0.147391 0.148745 0.141103 0.166035 0.141591 0.145399 0.134187 0.142406 0.147832 0.145363
0.142711 0.145067 0.14474 0.132549 0.147812 0.134264 0.142871 0.131997 0.145017 0.136966 0.149474 0.133911 0.148204 0.130462 0.151486 0.147391 0.148745 0.141103 0.166035 0.141591 0.145399 0.134187 0.142406 0.147832 0.145363
0.142711 0.145067 0.14474 0.132549 0.147813 0.134264 0.142871 0.131998 0.145017 0.136966 0.149474 0.133911 0.148204 0.130462 0.151486 0.147391 0.148745 0.141103 0.166035 0.141591 0.145399 0.134187 0.142406 0.147832 0.145363
0.142711 0.145067 0.14474 0.132549 0.147812 0.134264 0.142871 0.131997 0.145017 0.136966 0.149474 0.133911 0.148204 0.130462 0.151486 0.147391 0.148745 0.141103 0.166035 0.141591 0.145399 0.134187 0.142406 0.147832 0.145363
0.142711 0.145067 0.14474 0.132549 0.147813 0.134264 0.142871 0.131998 0.145017 0.136966 0.149474 0.133911 0.148204 0.130462 0.151486 0.147391 0.148745 0.141103 0.166035 0.141591 0.145399 0.134187 0.142406 0.147832 0.145363
0.142711 0.145067 0.14474 0.132549 0.147813 0.134264 0.142871 0.131997 0.145017 0.136966 0.149474 0.133911 0.148204 0.130462 0.151486 0.147391 0.148745 0.141103 0.166035 0.141591 0.145399 0.134187 0.142406 0.147832 0.145363
0.142711 0.145067 0.14474 0.132549 0.147813 0.134264 0.142871 0.131998 0.145017 0.136966 0.149474 0.133911 0.148204 0.130462 0.151486 0.147391 0.148745 0.141103 0.166035 0.141591 0.145399 0.134187 0.142406 0.147832 0.145363
0.142711 0.145067 0.14474 0.132549 0.147813 0.134264 0.142871 0.131997 0.145017 0.136966 0.149474 0.133911 0.148204 0.130462 0.151486 0.147391 0.148745 0.141103 0.166035 0.141591 0.145399 0.134187 0.142406 0.147832 0.145363
0.142711 0.145067 0.14474 0.132549 0.147813 0.134264 0.142871 0.131998 0.145017 0.136966 0.149474 0.133911 0.148204 0.130462 0.151486 0.147391 0.148745 0.141103 0.166035 0.141591 0.145399 0.134187 0.142406 0.147832 0.145363
0.142711 0.145067 0.14474 0.132549 0.147813 0.134264 0.142871 0.131997 0.145017 0.136966 0.149474 0.133911 0.148204 0.130462 0.151486 0.147391 0.148745 0.141103 0.166035 0.141591 0.145399 0.134187 0.142406 0.147832 0.145363
0.142711 0.145067 0.14474 0.132549 0.147813 0.134264 0.142871 0.131998 0.145017 0.136966 0.149474 0.133911 0.148204 0.130462 0.151486 0.147391 0.148745 0.141103 0.166035 0.141591 0.145399 0.134187 0.142406 0.147832 0.145363
0.142711 0.145067 0.14474 0.132549 0.147813 0.134264 0.142871 0.131997 0.145017 0.136966 0.149474 0.133911 0.148204 0.130462 0.151486 0.147391 0.148745 0.141103 0.166035 0.141591 0.145399 0.134187 0.142406 0.147832 0.145363
0.142711 0.145067 0.14474 0.132549 0.147813 0.134264 0.142871 0.131998 0.145017 0.136966 0.149474 0.133911 0.148204 0.130462 0.151486 0.147391 0.148745 0.141103 0.166035 0.141591 0.145399 0.134187 0.142406 0.147832 0.145363
0.142711 0.145067 0.14474 0.132549 0.147813 0.134264 0.142871 0.131997 0.145017 0.136966 0.149474 0.133911 0.148204 0.130462 0.151486 0.147391 0.148745 0.141103 0.166035 0.141591 0.145399 0.134187 0.142406 0.147832 0.145363
0.142711 0.145067 0.14474 0.132549 0.147813 0.134264 0.142871 0.131998 0.145017 0.136966 0.149474 0.133911 0.148204 0.130462 0.151486 0.147391 0.148745 0.141103 0.166035 0.141591 0.145399 0.134187 0.142406 0.147832 0.145363
0.142711 0.145067 0.14474 0.132549 0.147813 0.134264 0.142871 0.131997 0.145017 0.136966 0.149474 0.133911 0.148204 0.130462 0.151486 0.147391 0.148745 0.141103 0.166035 0.141591 0.145399 0.134187 0.142406 0.147832 0.145363
0.142711 0.145067 0.14474 0.132549 0.147813 0.134264 0.142871 0.131998 0.145017 0.136966 0.149474 0.133911 0.148204 0.130462 0.151486 0.147391 0.148745 0.141103 0.166035 0.141591 0.145399 0.134187 0.142406 0.147832 0.145363
0.142711 0.145067 0.14474 0.132549 0.147813 0.134264 0.142871 0.131997 0.145017 0.136966 0.149474 0.133911 0.148204 0.130462 0.151486 0.147391 0.148745 0.141103 0.166035 0.141591 0.145399 0.134187 0.142406 0.147832 0.145363
0.142711 0.145067 0.14474 0.132549 0.147813 0.134264 0.142871 0.131998 0.145017 0.136966 0.149474 0.133911 0.148204 0.130462 0.151486 0.147391 0.148745 0.141103 0.166035 0.141591 0.145399 0.134187 0.142406 0.147832 0.145363
0.142711 0.145067 0.14474 0.132549 0.147813 0.134264 0.142871 0.131997 0.145017 0.136966 0.149474 0.133911 0.148204 0.130462 0.151486 0.147391 0.148745 0.141103 0.166035 0.141591 0.145399 0.134187 0.142406 0.147832 0.145363
0.142711 0.145067 0.14474 0.132549 0.147813 0.134264 0.142871 0.131998 0.145017 0.136966 0.149474 0.133911 0.148204 0.130462 0.151486 0.147391 0.148745 0.141103 0.166035 0.141591 0.145399 0.134187 0.142406 0.147832 0.145363
0.142711 0.145067 0.14474 0.132549 0.147813 0.134264 0.142871 0.131997 0.145017 0.136966 0.149474 0.133911 0.148204 0.130462 0.151486 0.147391 0.148745 0.141103 0.166035 0.141591 0.145399 0.134187 0.142406 0.147832 0.145363
0.142711 0.145067 0.14474 0.132549 0.147813 0.134264 0.142871 0.131998 0.145017 0.136966 0.149474 0.133911 0.148204 0.130462 0.151486 0.147391 0.148745 0.141103 0.166035 0.141591 0.145399 0.134187 0.142406 0.147832 0.145363
0.142711 0.145067 0.14474 0.132549 0.147813 0.134264 0.142871 0.131997 0.145017 0.136966 0.149474 0.133911 0.148204 0.130462 0.151486 0.147391 0.148745 0.141103 0.166035 0.141591 0.145399 0.134187 0.142406 0.147832 0.145363
0.142711 0.145067 0.14474 0.132549 0.147813 0.134264 0.142871 0.131998 0.145017 0.136966 0.149474 0.133911 0.148204 0.130462 0.151486 0.147391 0.148745 0.141103 0.166035 0.141591 0.145399 0.134187 0.142406 0.147832 0.145363
0.142711 0.145067 0.14474 0.132549 0.147813 0.134264 0.142871 0.131997 0.145017 0.136966 0.149474 0.133911 0.148204 0.130462 0.151486 0.147391 0.148745 0.141103 0.166035 0.141591 0.145399 0.134187 0.142406 0.147832 0.145363
0.142711 0.145067 0.14474 0.132549 0.147813 0.134264 0.142871 0.131998 0.145017 0.136966 0.149474 0.133911 0.148204 0.130462 0.151486 0.147391 0.148745 0.141103 0.166035 0.141591 0.145399 0.134187 0.142406 0.147832 0.145363
0.142711 0.145067 0.14474 0.132549 0.147813 0.134264 0.142871 0.131997 0.145017 0.136966 0.149474 0.133911 0.148204 0.130462 0.151486 0.147391 0.148745 0.141103 0.166035 0.141591 0.145399 0.134187 0.142406 0.147832 0.145363
0.142711 0.145067 0.14474 0.132549 0.147813 0.134264 0.142871 0.131998 0.145017 0.136966 0.149474 0.133911 0.148204 0.130462 0.151486 0.147391 0.148745 0.141103 0.166035 0.141591 0.145399 0.134187 0.142406 0.147832 0.145363
0.142711 0.145067 0.14474 0.132549 0.147813 0.134264 0.142871 0.131997 0.145017 0.136966 0.149474 0.133911 0.148204 0.130462 0.151486 0.147391 0.148745 0.141103 0.166035 0.141591 0.145399 0.134187 0.142406 0.147832 0.145363
0.142711 0.145067 0.14474 0.132549 0.147813 0.134264 0.142871 0.131998 0.145017 0.136966 0.149474 0.133911 0.148204 0.130462 0.151486 0.147391 0.148745 0.141103 0.166035 0.141591 0.145399 0.134187 0.142406 0.147832 0.145363
0.142711 0.145067 0.14474 0.132549 0.147813 0.134264 0.142871 0.131997 0.145017 0.136966 0.149474 0.133911 0.148204 0.130462 0.151486 0.147391 0.148745 0.141103 0.166035 0.141591 0.145399 0.134187 0.142406 0.147832 0.145363
0.142711 0.145067 0.14474 0.132549 0.147813 0.134264 0.142871 0.131998 0.145017 0.136966 0.149474 0.133911 0.148204 0.130462 0.151486 0.147391 0.148745 0.141103 0.166035 0.141591 0.145399 0.134187 0.142406 0.147832 0.145363
0.142711 0.145067 0.14474 0.132549 0.147813 0.134264 0.142871 0.131997 0.145017 0.136966 0.149474 0.133911 0.148204 0.130462 0.151486 0.147391 0.148745 0.141103 0.166035 0.141591 0.145399 0.134187 0.142406 0.147832 0.145363
0.142711 0.145067 0.14474 0.132549 0.147813 0.134264 0.142871 0.131998 0.145017 0.136966 0.149474 0.133911 0.148204 0.130462 0.151486 0.147391 0.148745 0.141103 0.166035 0.141591 0.145399 0.134187 0.142406 0.147832 0.145363
0.142711 0.145067 0.14474 0.132549 0.147813 0.134264 0.142871 0.131997 0.145017 0.136966 0.149474 0.133911 0.148204 0.130462 0.151486 0.147391 0.148745 0.141103 0.166035 0.141591 0.145399 0.134187 0.142406 0.147832 0.145363
0.142711 0.145067 0.14474 0.132549 0.147813 0.134264 0.142871 0.131997 0.145017 0.136966 0.149474 0.133911 0.148204 0.130462 0.151486 0.147391 0.148745 0.141103 0.166035 0.141591 0.145399 0.134187 0.142406 0.147832 0.145363
0.142711 0.145067 0.14474 0.132549 0.147813 0.134264 0.142871 0.131997 0.145017 0.136966 0.149474 0.133911 0.148204 0.130462 0.151486 0.147391 0.148745 0.141103 0.166035 0.141591 0.145399 0.134187 0.142406 0.147832 0.145363
0.142711 0.145067 0.14474 0.132549 0.147813 0.134264 0.142871 0.131997 0.145017 0.136966 0.149474 0.133911 0.148204 0.130462 0.151486 0.147391 0.148745 0.141103 0.166035 0.141591 0.145399 0.134187 0.142406 0.147832 0.145363
0.142711 0.145067 0.14474 0.132549 0.147813 0.134264 0.142871 0.131997 0.145017 0.136966 0.149474 0.133911 0.148204 0.130462 0.151486 0.147391 0.148745 0.141103 0.166035 0.141591 0.145399 0.134187 0.142406 0.147832 0.145363
0.142711 0.145067 0.14474 0.132549 0.147813 0.134264 0.142871 0.131997 0.145017 0.136966 0.149474 0.133911 0.148204 0.130462 0.151486 0.147391 0.148745 0.141103 0.166035 0.141591 0.145399 0.134187 0.142406 0.147832 0.145363
0.142711 0.145067 0.14474 0.132549 0.147813 0.134264 0.142871 0.131997 0.145017 0.136966 0.149474 0.133911 0.148204 0.130462 0.151486 0.147391 0.148745 0.141103 0.166035 0.141591 0.145399 0.134187 0.142406 0.147832 0.145363
0.142711 0.145067 0.14474 0.132549 0.147813 0.134264 0.142871 0.131997 0.145017 0.136966 0.149474 0.133911 0.148204 0.130462 0.151486 0.147391 0.148745 0.141103 0.166035 0.141591 0.145399 0.134187 0.142406 0.147832 0.145363
0.142711 0.145067 0.14474 0.132549 0.147813 0.134264 0.142871 0.131997 0.145017 0.136966 0.149474 0.133911 0.148204 0.130462 0.151486 0.147391 0.148745 0.141103 0.166035 0.141591 0.145399 0.134187 0.142406 0.147832 0.145363
0.142711 0.145067 0.14474 0.132549 0.147813 0.134264 0.142871 0.131997 0.145017 0.136966 0.149474 0.133911 0.148204 0.130462 0.151486 0.147391 0.148745 0.141103 0.166035 0.141591 0.145399 0.134187 0.142406 0.147832 0.145363
0.142711 0.145067 0.14474 0.132549 0.147813 0.134264 0.142871 0.131997 0.145017 0.136966 0.149474 0.133911 0.148204 0.130462 0.151486 0.147391 0.148745 0.141103 0.166035 0.141591 0.145399 0.134187 0.142406 0.147832 0.145363
0.142711 0.145067 0.14474 0.132549 0.147813 0.134264 0.142871 0.131997 0.145017 0.136966 0.149474 0.133911 0.148204 0.130462 0.151486 0.147391 0.148745 0.141103 0.166035 0.141591 0.145399 0.134187 0.142406 0.147832 0.145363
0.142711 0.145067 0.14474 0.132549 0.147813 0.134264 0.142871 0.131997 0.145017 0.136966 0.149474 0.133911 0.148204 0.130462 0.151486 0.147391 0.148745 0.141103 0.166035 0.141591 0.145399 0.134187 0.142406 0.147832 0.145363
0.142711 0.145067 0.14474 0.132549 0.147813 0.134264 0.142871 0.131997 0.145017 0.136966 0.149474 0.133911 0.148204 0.130462 0.151486 0.147391 0.148745 0.141103 0.166035 0.141591 0.145399 0.134187 0.142406 0.147832 0.145363
0.142711 0.145067 0.14474 0.132549 0.147813 0.134264 0.142871 0.131997 0.145017 0.136966 0.149474 0.133911 0.148204 0.130462 0.151486 0.147391 0.148745 0.141103 0.166035 0.141591 0.145399 0.134187 0.142406 0.147832 0.145363
0.142711 0.145067 0.14474 0.132549 0.147813 0.134264 0.142871 0.131997 0.145017 0.136966 0.149474 0.133911 0.148204 0.130462 0.151486 0.147391 0.148745 0.141103 0.166035 0.141591 0.145399 0.134187 0.142406 0.147832 0.145363
0.142711 0.145067 0.14474 0.132549 0.147813 0.134264 0.142871 0.131997 0.145017 0.136966 0.149474 0.133911 0.148204 0.130462 0.151486 0.147391 0.148745 0.141103 0.166035 0.141591 0.145399 0.134187 0.142406 0.147832 0.145363
0.142711 0.145067 0.14474 0.132549 0.147813 0.134264 0.142871 0.131997 0.145017 0.136966 0.149474 0.133911 0.148204 0.130462 0.151486 0.147391 0.148745 0.141103 0.166035 0.141591 0.145399 0.134187 0.142406 0.147832 0.145363
0.142711 0.145067 0.14474 0.132549 0.147813 0.134264 0.142871 0.131997 0.145017 0.136966 0.149474 0.133911 0.148204 0.130462 0.151486 0.147391 0.148745 0.141103 0.166035 0.141591 0.145399 0.134187 0.142406 0.147832 0.145363
0.142711 0.145067 0.14474 0.132549 0.147813 0.134264 0.142871 0.131997 0.145017 0.136966 0.149474 0.133911 0.148204 0.130462 0.151486 0.147391 0.148745 0.141103 0.166035 0.141591 0.145399 0.134187 0.142406 0.147832 0.145363
0.142711 0.145067 0.14474 0.132549 0.147813 0.134264 0.142871 0.131997 0.145017 0.136966 0.149474 0.133911 0.148204 0.130462 0.151486 0.147391 0.148745 0.141103 0.166035 0.141591 0.145399 0.134187 0.142406 0.147832 0.145363
0.142711 0.145067 0.14474 0.132549 0.147813 0.134264 0.142871 0.131997 0.145017 0.136966 0.149474 0.133911 0.148204 0.130462 0.151486 0.147391 0.148745 0.141103 0.166035 0.141591 0.145399 0.134187 0.142406 0.147832 0.145363
0.142711 0.145067 0.14474 0.132549 0.147813 0.134264 0.142871 0.131997 0.145017 0.136966 0.149474 0.133911 0.148204 0.130462 0.151486 0.147391 0.148745 0.141103 0.166035 0.141591 0.145399 0.134187 0.142406 0.147832 0.145363
0.142711 0.145067 0.14474 0.132549 0.147813 0.134264 0.142871 0.131997 0.145017 0.136966 0.149474 0.133911 0.148204 0.130462 0.151486 0.147391 0.148745 0.141103 0.166035 0.141591 0.145399 0.134187 0.142406 0.147832 0.145363
0.142711 0.145067 0.14474 0.132549 0.147813 0.134264 0.142871 0.131997 0.145017 0.136966 0.149474 0.133911 0.148204 0.130462 0.151486 0.147391 0.148745 0.141103 0.166035 0.141591 0.145399 0.134187 0.142406 0.147832 0.145363
0.142711 0.145067 0.14474 0.132549 0.147813 0.134264 0.142871 0.131997 0.145017 0.136966 0.149474 0.133911 0.148204 0.130462 0.151486 0.147391 0.148745 0.141103 0.166035 0.141591 0.145399 0.134187 0.142406 0.147832 0.145363
0.142711 0.145067 0.14474 0.132549 0.147813 0.134264 0.142871 0.131997 0.145017 0.136966 0.149474 0.133911 0.148204 0.130462 0.151486 0.147391 0.148745 0.141103 0.166035 0.141591 0.145399 0.134187 0.142406 0.147832 0.145363
0.142711 0.145067 0.14474 0.132549 0.147813 0.134264 0.142871 0.131997 0.145017 0.136966 0.149474 0.133911 0.148204 0.130462 0.151486 0.147391 0.148745 0.141103 0.166035 0.141591 0.145399 0.134187 0.142406 0.147832 0.145363
0.142711 0.145067 0.14474 0.132549 0.147813 0.134264 0.142871 0.131997 0.145017 0.136966 0.149474 0.133911 0.148204 0.130462 0.151486 0.147391 0.148745 0.141103 0.166035 0.141591 0.145399 0.134187 0.142406 0.147832 0.145363
0.142711 0.145067 0.14474 0.132549 0.147813 0.134264 0.142871 0.131997 0.145017 0.136966 0.149474 0.133911 0.148204 0.130462 0.151486 0.147391 0.148745 0.141103 0.166035 0.141591 0.145399 0.134187 0.142406 0.147832 0.145363
0.142711 0.145067 0.14474 0.132549 0.147813 0.134264 0.142871 0.131997 0.145017 0.136966 0.149474 0.133911 0.148204 0.130462 0.151486 0.147391 0.148745 0.141103 0.166035 0.141591 0.145399 0.134187 0.142406 0.147832 0.145363
0.142711 0.145067 0.14474 0.132549 0.147813 0.134264 0.142871 0.131997 0.145017 0.136966 0.149474 0.133911 0.148204 0.130462 0.151486 0.147391 0.148745 0.141103 0.166035 0.141591 0.145399 0.134187 0.142406 0.147832 0.145363
0.142711 0.145067 0.14474 0.132549 0.147813 0.134264 0.142871 0.131997 0.145017 0.136966 0.149474 0.133911 0.148204 0.130462 0.151486 0.147391 0.148745 0.141103 0.166035 0.141591 0.145399 0.134187 0.142406 0.147832 0.145363
0.142711 0.145067 0.14474 0.132549 0.147813 0.134264 0.142871 0.131997 0.145017 0.136966 0.149474 0.133911 0.148204 0.130462 0.151486 0.147391 0.148745 0.141103 0.166035 0.141591 0.145399 0.134187 0.142406 0.147832 0.145363
0.142711 0.145067 0.14474 0.132549 0.147813 0.134264 0.142871 0.131997 0.145017 0.136966 0.149474 0.133911 0.148204 0.130462 0.151486 0.147391 0.148745 0.141103 0.166035 0.141591 0.145399 0.134187 0.142406 0.147832 0.145363
0.142711 0.145067 0.14474 0.132549 0.147813 0.134264 0.142871 0.131997 0.145017 0.136966 0.149474 0.133911 0.148204 0.130462 0.151486 0.147391 0.148745 0.141103 0.166035 0.141591 0.145399 0.134187 0.142406 0.147832 0.145363
0.142711 0.145067 0.14474 0.132549 0.147813 0.134264 0.142871 0.131997 0.145017 0.136966 0.149474 0.133911 0.148204 0.130462 0.151486 0.147391 0.148745 0.141103 0.166035 0.141591 0.145399 0.134187 0.142406 0.147832 0.145363
0.142711 0.145067 0.14474 0.132549 0.147813 0.134264 0.142871 0.131997 0.145017 0.136966 0.149474 0.133911 0.148204 0.130462 0.151486 0.147391 0.148745 0.141103 0.166035 0.141591 0.145399 0.134187 0.142406 0.147832 0.145363
0.142711 0.145067 0.14474 0.132549 0.147813 0.134264 0.142871 0.131997 0.145017 0.136966 0.149474 0.133911 0.148204 0.130462 0.151486 0.147391 0.148745 0.141103 0.166035 0.141591 0.145399 0.134187 0.142406 0.147832 0.145363
0.142711 0.145067 0.14474 0.132549 0.147813 0.134264 0.142871 0.131997 0.145017 0.136966 0.149474 0.133911 0.148204 0.130462 0.151486 0.147391 0.148745 0.141103 0.166035 0.141591 0.145399 0.134187 0.142406 0.147832 0.145363
0.142711 0.145067 0.14474 0.132549 0.147813 0.134264 0.142871 0.131997 0.145017 0.136966 0.149474 0.133911 0.148204 0.130462 0.151486 0.147391 0.148745 0.141103 0.166035 0.141591 0.145399 0.134187 0.142406 0.147832 0.145363
0.142711 0.145067 0.14474 0.132549 0.147813 0.134264 0.142871 0.131997 0.145017 0.136966 0.149474 0.133911 0.148204 0.130462 0.151486 0.147391 0.148745 0.141103 0.166035 0.141591 0.145399 0.134187 0.142406 0.147832 0.145363
0.142711 0.145067 0.14474 0.132549 0.147813 0.134264 0.142871 0.131997 0.145017 0.136966 0.149474 0.133911 0.148204 0.130462 0.151486 0.147391 0.148745 0.141103 0.166035 0.141591 0.145399 0.134187 0.142406 0.147832 0.145363
0.142711 0.145067 0.14474 0.132549 0.147813 0.134264 0.142871 0.131997 0.145017 0.136966 0.149474 0.133911 0.148204 0.130462 0.151486 0.147391 0.148745 0.141103 0.166035 0.141591 0.145399 0.134187 0.142406 0.147832 0.145363
0.142711 0.145067 0.14474 0.132549 0.147813 0.134264 0.142871 0.131997 0.145017 0.136966 0.149474 0.133911 0.148204 0.130462 0.151486 0.147391 0.148745 0.141103 0.166035 0.141591 0.145399 0.134187 0.142406 0.147832 0.145363
0.142711 0.145067 0.14474 0.132549 0.147813 0.134264 0.142871 0.131997 0.145017 0.136966 0.149474 0.133911 0.148204 0.130462 0.151486 0.147391 0.148745 0.141103 0.166035 0.141591 0.145399 0.134187 0.142406 0.147832 0.145363
0.142711 0.145067 0.14474 0.132549 0.147813 0.134264 0.142871 0.131997 0.145017 0.136966 0.149474 0.133911 0.148204 0.130462 0.151486 0.147391 0.148745 0.141103 0.166035 0.141591 0.145399 0.134187 0.142406 0.147832 0.145363
0.142711 0.145067 0.14474 0.132549 0.147813 0.134264 0.142871 0.131997 0.145017 0.136966 0.149474 0.133911 0.148204 0.130462 0.151486 0.147391 0.148745 0.141103 0.166035 0.141591 0.145399 0.134187 0.142406 0.147832 0.145363
0.142711 0.145067 0.14474 0.132549 0.147813 0.134264 0.142871 0.131997 0.145017 0.136966 0.149474 0.133911 0.148204 0.130462 0.151486 0.147391 0.148745 0.141103 0.166035 0.141591 0.145399 0.134187 0.142406 0.147832 0.145363
0.142711 0.145067 0.14474 0.132549 0.147813 0.134264 0.142871 0.131997 0.145017 0.136966 0.149474 0.133911 0.148204 0.130462 0.151486 0.147391 0.148745 0.141103 0.166035 0.141591 0.145399 0.134187 0.142406 0.147832 0.145363
0.142711 0.145067 0.14474 0.132549 0.147813 0.134264 0.142871 0.131997 0.145017 0.136966 0.149474 0.133911 0.148204 0.130462 0.151486 0.147391 0.148745 0.141103 0.166035 0.141591 0.145399 0.134187 0.142406 0.147832 0.145363
0.142711 0.145067 0.14474 0.132549 0.147813 0.134264 0.142871 0.131997 0.145017 0.136966 0.149474 0.133911 0.148204 0.130462 0.151486 0.147391 0.148745 0.141103 0.166035 0.141591 0.145399 0.134187 0.142406 0.147832 0.145363
0.142711 0.145067 0.14474 0.132549 0.147813 0.134264 0.142871 0.131997 0.145017 0.136966 0.149474 0.133911 0.148204 0.130462 0.151486 0.147391 0.148745 0.141103 0.166035 0.141591 0.145399 0.134187 0.142406 0.147832 0.145363
0.142711 0.145067 0.14474 0.132549 0.147813 0.134264 0.142871 0.131997 0.145017 0.136966 0.149474 0.133911 0.148204 0.130462 0.151486 0.147391 0.148745 0.141103 0.166035 0.141591 0.145399 0.134187 0.142406 0.147832 0.145363
0.142711 0.145067 0.14474 0.132549 0.147813 0.134264 0.142871 0.131997 0.145017 0.136966 0.149474 0.133911 0.148204 0.130462 0.151486 0.147391 0.148745 0.141103 0.166035 0.141591 0.145399 0.134187 0.142406 0.147832 0.145363
0.142711 0.145067 0.14474 0.132549 0.147813 0.134264 0.142871 0.131997 0.145017 0.136966 0.149474 0.133911 0.148204 0.130462 0.151486 0.147391 0.148745 0.141103 0.166035 0.141591 0.145399 0.134187 0.142406 0.147832 0.145363
0.142711 0.145067 0.14474 0.132549 0.147813 0.134264 0.142871 0.131997 0.145017 0.136966 0.149474 0.133911 0.148204 0.130462 0.151486 0.147391 0.148745 0.141103 0.166035 0.141591 0.145399 0.134187 0.142406 0.147832 0.145363
0.142711 0.145067 0.14474 0.132549 0.147813 0.134264 0.142871 0.131997 0.145017 0.136966 0.149474 0.133911 0.148204 0.130462 0.151486 0.147391 0.148745 0.141103 0.166035 0.141591 0.145399 0.134187 0.142406 0.147832 0.145363
0.142711 0.145067 0.14474 0.132549 0.147813 0.134264 0.142871 0.131997 0.145017 0.136966 0.149474 0.133911 0.148204 0.130462 0.151486 0.147391 0.148745 0.141103 0.166035 0.141591 0.145399 0.134187 0.142406 0.147832 0.145363
0.142711 0.145067 0.14474 0.132549 0.147813 0.134264 0.142871 0.131997 0.145017 0.136966 0.149474 0.133911 0.148204 0.130462 0.151486 0.147391 0.148745 0.141103 0.166035 0.141591 0.145399 0.134187 0.142406 0.147832 0.145363
0.142711 0.145067 0.14474 0.132549 0.147813 0.134264 0.142871 0.131997 0.145017 0.136966 0.149474 0.133911 0.148204 0.130462 0.151486 0.147391 0.148745 0.141103 0.166035 0.141591 0.145399 0.134187 0.142406 0.147832 0.145363
0.142711 0.145067 0.14474 0.132549 0.147813 0.134264 0.142871 0.131997 0.145017 0.136966 0.149474 0.133911 0.148204 0.130462 0.151486 0.147391 0.148745 0.141103 0.166035 0.141591 0.145399 0.134187 0.142406 0.147832 0.145363
0.142711 0.145067 0.14474 0.132549 0.147813 0.134264 0.142871 0.131997 0.145017 0.136966 0.149474 0.133911 0.148204 0.130462 0.151486 0.147391 0.148745 0.141103 0.166035 0.141591 0.145399 0.134187 0.142406 0.147832 0.145363
0.142711 0.145067 0.14474 0.132549 0.147813 0.134264 0.142871 0.131997 0.145017 0.136966 0.149474 0.133911 0.148204 0.130462 0.151486 0.147391 0.148745 0.141103 0.166035 0.141591 0.145399 0.134187 0.142406 0.147832 0.145363
0.142711 0.145067 0.14474 0.132549 0.147813 0.134264 0.142871 0.131997 0.145017 0.136966 0.149474 0.133911 0.148204 0.130462 0.151486 0.147391 0.148745 0.141103 0.166035 0.141591 0.145399 0.134187 0.142406 0.147832 0.145363
0.142711 0.145067 0.14474 0.132549 0.147813 0.134264 0.142871 0.131997 0.145017 0.136966 0.149474 0.133911 0.148204 0.130462 0.151486 0.147391 0.148745 0.141103 0.166035 0.141591 0.145399 0.134187 0.142406 0.147832 0.145363
0.142711 0.145067 0.14474 0.132549 0.147813 0.134264 0.142871 0.131997 0.145017 0.136966 0.149474 0.133911 0.148204 0.130462 0.151486 0.147391 0.148745 0.141103 0.166035 0.141591 0.145399 0.134187 0.142406 0.147832 0.145363
0.142711 0.145067 0.14474 0.132549 0.147813 0.134264 0.142871 0.131997 0.145017 0.136966 0.149474 0.133911 0.148204 0.130462 0.151486 0.147391 0.148745 0.141103 0.166035 0.141591 0.145399 0.134187 0.142406 0.147832 0.145363
0.142711 0.145067 0.14474 0.132549 0.147813 0.134264 0.142871 0.131997 0.145017 0.136966 0.149474 0.133911 0.148204 0.130462 0.151486 0.147391 0.148745 0.141103 0.166035 0.141591 0.145399 0.134187 0.142406 0.147832 0.145363
0.142711 0.145067 0.14474 0.132549 0.147813 0.134264 0.142871 0.131997 0.145017 0.136966 0.149474 0.133911 0.148204 0.130462 0.151486 0.147391 0.148745 0.141103 0.166035 0.141591 0.145399 0.134187 0.142406 0.147832 0.145363
0.142711 0.145067 0.14474 0.132549 0.147813 0.134264 0.142871 0.131997 0.145017 0.136966 0.149474 0.133911 0.148204 0.130462 0.151486 0.147391 0.148745 0.141103 0.166035 0.141591 0.145399 0.134187 0.142406 0.147832 0.145363
0.142711 0.145067 0.14474 0.132549 0.147813 0.134264 0.142871 0.131997 0.145017 0.136966 0.149474 0.133911 0.148204 0.130462 0.151486 0.147391 0.148745 0.141103 0.166035 0.141591 0.145399 0.134187 0.142406 0.147832 0.145363
0.142711 0.145067 0.14474 0.132549 0.147813 0.134264 0.142871 0.131997 0.145017 0.136966 0.149474 0.133911 0.148204 0.130462 0.151486 0.147391 0.148745 0.141103 0.166035 0.141591 0.145399 0.134187 0.142406 0.147832 0.145363
0.142711 0.145067 0.14474 0.132549 0.147813 0.134264 0.142871 0.131997 0.145017 0.136966 0.149474 0.133911 0.148204 0.130462 0.151486 0.147391 0.148745 0.141103 0.166035 0.141591 0.145399 0.134187 0.142406 0.147832 0.145363
0.142711 0.145067 0.14474 0.132549 0.147813 0.134264 0.142871 0.131997 0.145017 0.136966 0.149474 0.133911 0.148204 0.130462 0.151486 0.147391 0.148745 0.141103 0.166035 0.141591 0.145399 0.134187 0.142406 0.147832 0.145363
0.142711 0.145067 0.14474 0.132549 0.147813 0.134264 0.142871 0.131997 0.145017 0.136966 0.149474 0.133911 0.148204 0.130462 0.151486 0.147391 0.148745 0.141103 0.166035 0.141591 0.145399 0.134187 0.142406 0.147832 0.145363
0.142711 0.145067 0.14474 0.132549 0.147813 0.134264 0.142871 0.131997 0.145017 0.136966 0.149474 0.133911 0.148204 0.130462 0.151486 0.147391 0.148745 0.141103 0.166035 0.141591 0.145399 0.134187 0.142406 0.147832 0.145363
0.142711 0.145067 0.14474 0.132549 0.147813 0.134264 0.142871 0.131997 0.145017 0.136966 0.149474 0.133911 0.148204 0.130462 0.151486 0.147391 0.148745 0.141103 0.166035 0.141591 0.145399 0.134187 0.142406 0.147832 0.145363
0.142711 0.145067 0.14474 0.132549 0.147813 0.134264 0.142871 0.131997 0.145017 0.136966 0.149474 0.133911 0.148204 0.130462 0.151486 0.147391 0.148745 0.141103 0.166035 0.141591 0.145399 0.134187 0.142406 0.147832 0.145363
0.142711 0.145067 0.14474 0.132549 0.147813 0.134264 0.142871 0.131997 0.145017 0.136966 0.149474 0.133911 0.148204 0.130462 0.151486 0.147391 0.148745 0.141103 0.166035 0.141591 0.145399 0.134187 0.142406 0.147832 0.145363
0.142711 0.145067 0.14474 0.132549 0.147813 0.134264 0.142871 0.131997 0.145017 0.136966 0.149474 0.133911 0.148204 0.130462 0.151486 0.147391 0.148745 0.141103 0.166035 0.141591 0.145399 0.134187 0.142406 0.147832 0.145363
0.142711 0.145067 0.14474 0.132549 0.147813 0.134264 0.142871 0.131997 0.145017 0.136966 0.149474 0.133911 0.148204 0.130462 0.151486 0.147391 0.148745 0.141103 0.166035 0.141591 0.145399 0.134187 0.142406 0.147832 0.145363
0.142711 0.145067 0.14474 0.132549 0.147813 0.134264 0.142871 0.131997 0.145017 0.136966 0.149474 0.133911 0.148204 0.130462 0.151486 0.147391 0.148745 0.141103 0.166035 0.141591 0.145399 0.134187 0.142406 0.147832 0.145363
0.142711 0.145067 0.14474 0.132549 0.147813 0.134264 0.142871 0.131997 0.145017 0.136966 0.149474 0.133911 0.148204 0.130462 0.151486 0.147391 0.148745 0.141103 0.166035 0.141591 0.145399 0.134187 0.142406 0.147832 0.145363
0.142711 0.145067 0.14474 0.132549 0.147813 0.134264 0.142871 0.131997 0.145017 0.136966 0.149474 0.133911 0.148204 0.130462 0.151486 0.147391 0.148745 0.141103 0.166035 0.141591 0.145399 0.134187 0.142406 0.147832 0.145363
0.142711 0.145067 0.14474 0.132549 0.147813 0.134264 0.142871 0.131997 0.145017 0.136966 0.149474 0.133911 0.148204 0.130462 0.151486 0.147391 0.148745 0.141103 0.166035 0.141591 0.145399 0.134187 0.142406 0.147832 0.145363
0.142711 0.145067 0.14474 0.132549 0.147813 0.134264 0.142871 0.131997 0.145017 0.136966 0.149474 0.133911 0.148204 0.130462 0.151486 0.147391 0.148745 0.141103 0.166035 0.141591 0.145399 0.134187 0.142406 0.147832 0.145363
0.142711 0.145067 0.14474 0.132549 0.147813 0.134264 0.142871 0.131997 0.145017 0.136966 0.149474 0.133911 0.148204 0.130462 0.151486 0.147391 0.148745 0.141103 0.166035 0.141591 0.145399 0.134187 0.142406 0.147832 0.145363
0.142711 0.145067 0.14474 0.132549 0.147813 0.134264 0.142871 0.131997 0.145017 0.136966 0.149474 0.133911 0.148204 0.130462 0.151486 0.147391 0.148745 0.141103 0.166035 0.141591 0.145399 0.134187 0.142406 0.147832 0.145363
0.142711 0.145067 0.14474 0.132549 0.147813 0.134264 0.142871 0.131997 0.145017 0.136966 0.149474 0.133911 0.148204 0.130462 0.151486 0.147391 0.148745 0.141103 0.166035 0.141591 0.145399 0.134187 0.142406 0.147832 0.145363
0.142711 0.145067 0.14474 0.132549 0.147813 0.134264 0.142871 0.131997 0.145017 0.136966 0.149474 0.133911 0.148204 0.130462 0.151486 0.147391 0.148745 0.141103 0.166035 0.141591 0.145399 0.134187 0.142406 0.147832 0.145363
0.142711 0.145067 0.14474 0.132549 0.147813 0.134264 0.142871 0.131997 0.145017 0.136966 0.149474 0.133911 0.148204 0.130462 0.151486 0.147391 0.148745 0.141103 0.166035 0.141591 0.145399 0.134187 0.142406 0.147832 0.145363
0.142711 0.145067 0.14474 0.132549 0.147813 0.134264 0.142871 0.131997 0.145017 0.136966 0.149474 0.133911 0.148204 0.130462 0.151486 0.147391 0.148745 0.141103 0.166035 0.141591 0.145399 0.134187 0.142406 0.147832 0.145363
0.142711 0.145067 0.14474 0.132549 0.147813 0.134264 0.142871 0.131997 0.145017 0.136966 0.149474 0.133911 0.148204 0.130462 0.151486 0.147391 0.148745 0.141103 0.166035 0.141591 0.145399 0.134187 0.142406 0.147832 0.145363
0.142711 0.145067 0.14474 0.132549 0.147813 0.134264 0.142871 0.131997 0.145017 0.136966 0.149474 0.133911 0.148204 0.130462 0.151486 0.147391 0.148745 0.141103 0.166035 0.141591 0.145399 0.134187 0.142406 0.147832 0.145363
0.142711 0.145067 0.14474 0.132549 0.147813 0.134264 0.142871 0.131997 0.145017 0.136966 0.149474 0.133911 0.148204 0.130462 0.151486 0.147391 0.148745 0.141103 0.166035 0.141591 0.145399 0.134187 0.142406 0.147832 0.145363
0.142711 0.145067 0.14474 0.132549 0.147813 0.134264 0.142871 0.131997 0.145017 0.136966 0.149474 0.133911 0.148204 0.130462 0.151486 0.147391 0.148745 0.141103 0.166035 0.141591 0.145399 0.134187 0.142406 0.147832 0.145363
0.142711 0.145067 0.14474 0.132549 0.147813 0.134264 0.142871 0.131997 0.145017 0.136966 0.149474 0.133911 0.148204 0.130462 0.151486 0.147391 0.148745 0.141103 0.166035 0.141591 0.145399 0.134187 0.142406 0.147832 0.145363
0.142711 0.145067 0.14474 0.132549 0.147813 0.134264 0.142871 0.131997 0.145017 0.136966 0.149474 0.133911 0.148204 0.130462 0.151486 0.147391 0.148745 0.141103 0.166035 0.141591 0.145399 0.134187 0.142406 0.147832 0.145363
0.142711 0.145067 0.14474 0.132549 0.147813 0.134264 0.142871 0.131997 0.145017 0.136966 0.149474 0.133911 0.148204 0.130462 0.151486 0.147391 0.148745 0.141103 0.166035 0.141591 0.145399 0.134187 0.142406 0.147832 0.145363
0.142711 0.145067 0.14474 0.132549 0.147813 0.134264 0.142871 0.131997 0.145017 0.136966 0.149474 0.133911 0.148204 0.130462 0.151486 0.147391 0.148745 0.141103 0.166035 0.141591 0.145399 0.134187 0.142406 0.147832 0.145363
0.142711 0.145067 0.14474 0.132549 0.147813 0.134264 0.142871 0.131997 0.145017 0.136966 0.149474 0.133911 0.148204 0.130462 0.151486 0.147391 0.148745 0.141103 0.166035 0.141591 0.145399 0.134187 0.142406 0.147832 0.145363
0.142711 0.145067 0.14474 0.132549 0.147813 0.134264 0.142871 0.131997 0.145017 0.136966 0.149474 0.133911 0.148204 0.130462 0.151486 0.147391 0.148745 0.141103 0.166035 0.141591 0.145399 0.134187 0.142406 0.147832 0.145363
0.142711 0.145067 0.14474 0.132549 0.147813 0.134264 0.142871 0.131997 0.145017 0.136966 0.149474 0.133911 0.148204 0.130462 0.151486 0.147391 0.148745 0.141103 0.166035 0.141591 0.145399 0.134187 0.142406 0.147832 0.145363
0.142711 0.145067 0.14474 0.132549 0.147813 0.134264 0.142871 0.131997 0.145017 0.136966 0.149474 0.133911 0.148204 0.130462 0.151486 0.147391 0.148745 0.141103 0.166035 0.141591 0.145399 0.134187 0.142406 0.147832 0.145363
0.142711 0.145067 0.14474 0.132549 0.147813 0.134264 0.142871 0.131997 0.145017 0.136966 0.149474 0.133911 0.148204 0.130462 0.151486 0.147391 0.148745 0.141103 0.166035 0.141591 0.145399 0.134187 0.142406 0.147832 0.145363
0.142711 0.145067 0.14474 0.132549 0.147813 0.134264 0.142871 0.131997 0.145017 0.136966 0.149474 0.133911 0.148204 0.130462 0.151486 0.147391 0.148745 0.141103 0.166035 0.141591 0.145399 0.134187 0.142406 0.147832 0.145363
0.142711 0.145067 0.14474 0.132549 0.147813 0.134264 0.142871 0.131997 0.145017 0.136966 0.149474 0.133911 0.148204 0.130462 0.151486 0.147391 0.148745 0.141103 0.166035 0.141591 0.145399 0.134187 0.142406 0.147832 0.145363
0.142711 0.145067 0.14474 0.132549 0.147813 0.134264 0.142871 0.131997 0.145017 0.136966 0.149474 0.133911 0.148204 0.130462 0.151486 0.147391 0.148745 0.141103 0.166035 0.141591 0.145399 0.134187 0.142406 0.147832 0.145363
0.142711 0.145067 0.14474 0.132549 0.147813 0.134264 0.142871 0.131997 0.145017 0.136966 0.149474 0.133911 0.148204 0.130462 0.151486 0.147391 0.148745 0.141103 0.166035 0.141591 0.145399 0.134187 0.142406 0.147832 0.145363
0.142711 0.145067 0.14474 0.132549 0.147813 0.134264 0.142871 0.131997 0.145017 0.136966 0.149474 0.133911 0.148204 0.130462 0.151486 0.147391 0.148745 0.141103 0.166035 0.141591 0.145399 0.134187 0.142406 0.147832 0.145363
0.142711 0.145067 0.14474 0.132549 0.147813 0.134264 0.142871 0.131997 0.145017 0.136966 0.149474 0.133911 0.148204 0.130462 0.151486 0.147391 0.148745 0.141103 0.166035 0.141591 0.145399 0.134187 0.142406 0.147832 0.145363
0.142711 0.145067 0.14474 0.132549 0.147813 0.134264 0.142871 0.131997 0.145017 0.136966 0.149474 0.133911 0.148204 0.130462 0.151486 0.147391 0.148745 0.141103 0.166035 0.141591 0.145399 0.134187 0.142406 0.147832 0.145363
0.142711 0.145067 0.14474 0.132549 0.147813 0.134264 0.142871 0.131997 0.145017 0.136966 0.149474 0.133911 0.148204 0.130462 0.151486 0.147391 0.148745 0.141103 0.166035 0.141591 0.145399 0.134187 0.142406 0.147832 0.145363
0.142711 0.145067 0.14474 0.132549 0.147813 0.134264 0.142871 0.131997 0.145017 0.136966 0.149474 0.133911 0.148204 0.130462 0.151486 0.147391 0.148745 0.141103 0.166035 0.141591 0.145399 0.134187 0.142406 0.147832 0.145363
0.142711 0.145067 0.14474 0.132549 0.147813 0.134264 0.142871 0.131997 0.145017 0.136966 0.149474 0.133911 0.148204 0.130462 0.151486 0.147391 0.148745 0.141103 0.166035 0.141591 0.145399 0.134187 0.142406 0.147832 0.145363
0.142711 0.145067 0.14474 0.132549 0.147813 0.134264 0.142871 0.131997 0.145017 0.136966 0.149474 0.133911 0.148204 0.130462 0.151486 0.147391 0.148745 0.141103 0.166035 0.141591 0.145399 0.134187 0.142406 0.147832 0.145363
0.142711 0.145067 0.14474 0.132549 0.147813 0.134264 0.142871 0.131997 0.145017 0.136966 0.149474 0.133911 0.148204 0.130462 0.151486 0.147391 0.148745 0.141103 0.166035 0.141591 0.145399 0.134187 0.142406 0.147832 0.145363
0.142711 0.145067 0.14474 0.132549 0.147813 0.134264 0.142871 0.131997 0.145017 0.136966 0.149474 0.133911 0.148204 0.130462 0.151486 0.147391 0.148745 0.141103 0.166035 0.141591 0.145399 0.134187 0.142406 0.147832 0.145363
0.142711 0.145067 0.14474 0.132549 0.147813 0.134264 0.142871 0.131997 0.145017 0.136966 0.149474 0.133911 0.148204 0.130462 0.151486 0.147391 0.148745 0.141103 0.166035 0.141591 0.145399 0.134187 0.142406 0.147832 0.145363
0.142711 0.145067 0.14474 0.132549 0.147813 0.134264 0.142871 0.131997 0.145017 0.136966 0.149474 0.133911 0.148204 0.130462 0.151486 0.147391 0.148745 0.141103 0.166035 0.141591 0.145399 0.134187 0.142406 0.147832 0.145363
0.142711 0.145067 0.14474 0.132549 0.147813 0.134264 0.142871 0.131997 0.145017 0.136966 0.149474 0.133911 0.148204 0.130462 0.151486 0.147391 0.148745 0.141103 0.166035 0.141591 0.145399 0.134187 0.142406 0.147832 0.145363
0.142711 0.145067 0.14474 0.132549 0.147813 0.134264 0.142871 0.131997 0.145017 0.136966 0.149474 0.133911 0.148204 0.130462 0.151486 0.147391 0.148745 0.141103 0.166035 0.141591 0.145399 0.134187 0.142406 0.147832 0.145363
0.142711 0.145067 0.14474 0.132549 0.147813 0.134264 0.142871 0.131997 0.145017 0.136966 0.149474 0.133911 0.148204 0.130462 0.151486 0.147391 0.148745 0.141103 0.166035 0.141591 0.145399 0.134187 0.142406 0.147832 0.145363
0.142711 0.145067 0.14474 0.132549 0.147813 0.134264 0.142871 0.131997 0.145017 0.136966 0.149474 0.133911 0.148204 0.130462 0.151486 0.147391 0.148745 0.141103 0.166035 0.141591 0.145399 0.134187 0.142406 0.147832 0.145363
0.142711 0.145067 0.14474 0.132549 0.147813 0.134264 0.142871 0.131997 0.145017 0.136966 0.149474 0.133911 0.148204 0.130462 0.151486 0.147391 0.148745 0.141103 0.166035 0.141591 0.145399 0.134187 0.142406 0.147832 0.145363
0.142711 0.145067 0.14474 0.132549 0.147813 0.134264 0.142871 0.131997 0.145017 0.136966 0.149474 0.133911 0.148204 0.130462 0.151486 0.147391 0.148745 0.141103 0.166035 0.141591 0.145399 0.134187 0.142406 0.147832 0.145363
0.142711 0.145067 0.14474 0.132549 0.147813 0.134264 0.142871 0.131997 0.145017 0.136966 0.149474 0.133911 0.148204 0.130462 0.151486 0.147391 0.148745 0.141103 0.166035 0.141591 0.145399 0.134187 0.142406 0.147832 0.145363
0.142711 0.145067 0.14474 0.132549 0.147813 0.134264 0.142871 0.131997 0.145017 0.136966 0.149474 0.133911 0.148204 0.130462 0.151486 0.147391 0.148745 0.141103 0.166035 0.141591 0.145399 0.134187 0.142406 0.147832 0.145363
0.142711 0.145067 0.14474 0.132549 0.147813 0.134264 0.142871 0.131997 0.145017 0.136966 0.149474 0.133911 0.148204 0.130462 0.151486 0.147391 0.148745 0.141103 0.166035 0.141591 0.145399 0.134187 0.142406 0.147832 0.145363
0.142711 0.145067 0.14474 0.132549 0.147813 0.134264 0.142871 0.131997 0.145017 0.136966 0.149474 0.133911 0.148204 0.130462 0.151486 0.147391 0.148745 0.141103 0.166035 0.141591 0.145399 0.134187 0.142406 0.147832 0.145363
0.142711 0.145067 0.14474 0.132549 0.147813 0.134264 0.142871 0.131997 0.145017 0.136966 0.149474 0.133911 0.148204 0.130462 0.151486 0.147391 0.148745 0.141103 0.166035 0.141591 0.145399 0.134187 0.142406 0.147832 0.145363
0.142711 0.145067 0.14474 0.132549 0.147813 0.134264 0.142871 0.131997 0.145017 0.136966 0.149474 0.133911 0.148204 0.130462 0.151486 0.147391 0.148745 0.141103 0.166035 0.141591 0.145399 0.134187 0.142406 0.147832 0.145363
0.142711 0.145067 0.14474 0.132549 0.147813 0.134264 0.142871 0.131997 0.145017 0.136966 0.149474 0.133911 0.148204 0.130462 0.151486 0.147391 0.148745 0.141103 0.166035 0.141591 0.145399 0.134187 0.142406 0.147832 0.145363
0.142711 0.145067 0.14474 0.132549 0.147813 0.134264 0.142871 0.131997 0.145017 0.136966 0.149474 0.133911 0.148204 0.130462 0.151486 0.147391 0.148745 0.141103 0.166035 0.141591 0.145399 0.134187 0.142406 0.147832 0.145363
0.142711 0.145067 0.14474 0.132549 0.147813 0.134264 0.142871 0.131997 0.145017 0.136966 0.149474 0.133911 0.148204 0.130462 0.151486 0.147391 0.148745 0.141103 0.166035 0.141591 0.145399 0.134187 0.142406 0.147832 0.145363
0.142711 0.145067 0.14474 0.132549 0.147813 0.134264 0.142871 0.131997 0.145017 0.136966 0.149474 0.133911 0.148204 0.130462 0.151486 0.147391 0.148745 0.141103 0.166035 0.141591 0.145399 0.134187 0.142406 0.147832 0.145363
0.142711 0.145067 0.14474 0.132549 0.147813 0.134264 0.142871 0.131997 0.145017 0.136966 0.149474 0.133911 0.148204 0.130462 0.151486 0.147391 0.148745 0.141103 0.166035 0.141591 0.145399 0.134187 0.142406 0.147832 0.145363
0.142711 0.145067 0.14474 0.132549 0.147813 0.134264 0.142871 0.131997 0.145017 0.136966 0.149474 0.133911 0.148204 0.130462 0.151486 0.147391 0.148745 0.141103 0.166035 0.141591 0.145399 0.134187 0.142406 0.147832 0.145363
0.142711 0.145067 0.14474 0.132549 0.147813 0.134264 0.142871 0.131997 0.145017 0.136966 0.149474 0.133911 0.148204 0.130462 0.151486 0.147391 0.148745 0.141103 0.166035 0.141591 0.145399 0.134187 0.142406 0.147832 0.145363
0.142711 0.145067 0.14474 0.132549 0.147813 0.134264 0.142871 0.131997 0.145017 0.136966 0.149474 0.133911 0.148204 0.130462 0.151486 0.147391 0.148745 0.141103 0.166035 0.141591 0.145399 0.134187 0.142406 0.147832 0.145363
0.142711 0.145067 0.14474 0.132549 0.147813 0.134264 0.142871 0.131997 0.145017 0.136966 0.149474 0.133911 0.148204 0.130462 0.151486 0.147391 0.148745 0.141103 0.166035 0.141591 0.145399 0.134187 0.142406 0.147832 0.145363
0.142711 0.145067 0.14474 0.132549 0.147813 0.134264 0.142871 0.131997 0.145017 0.136966 0.149474 0.133911 0.148204 0.130462 0.151486 0.147391 0.148745 0.141103 0.166035 0.141591 0.145399 0.134187 0.142406 0.147832 0.145363
0.142711 0.145067 0.14474 0.132549 0.147813 0.134264 0.142871 0.131997 0.145017 0.136966 0.149474 0.133911 0.148204 0.130462 0.151486 0.147391 0.148745 0.141103 0.166035 0.141591 0.145399 0.134187 0.142406 0.147832 0.145363
0.142711 0.145067 0.14474 0.132549 0.147813 0.134264 0.142871 0.131997 0.145017 0.136966 0.149474 0.133911 0.148204 0.130462 0.151486 0.147391 0.148745 0.141103 0.166035 0.141591 0.145399 0.134187 0.142406 0.147832 0.145363
0.142711 0.145067 0.14474 0.132549 0.147813 0.134264 0.142871 0.131997 0.145017 0.136966 0.149474 0.133911 0.148204 0.130462 0.151486 0.147391 0.148745 0.141103 0.166035 0.141591 0.145399 0.134187 0.142406 0.147832 0.145363
0.142711 0.145067 0.14474 0.132549 0.147813 0.134264 0.142871 0.131997 0.145017 0.136966 0.149474 0.133911 0.148204 0.130462 0.151486 0.147391 0.148745 0.141103 0.166035 0.141591 0.145399 0.134187 0.142406 0.147832 0.145363
0.142711 0.145067 0.14474 0.132549 0.147813 0.134264 0.142871 0.131997 0.145017 0.136966 0.149474 0.133911 0.148204 0.130462 0.151486 0.147391 0.148745 0.141103 0.166035 0.141591 0.145399 0.134187 0.142406 0.147832 0.145363
0.142711 0.145067 0.14474 0.132549 0.147813 0.134264 0.142871 0.131997 0.145017 0.136966 0.149474 0.133911 0.148204 0.130462 0.151486 0.147391 0.148745 0.141103 0.166035 0.141591 0.145399 0.134187 0.142406 0.147832 0.145363
0.142711 0.145067 0.14474 0.132549 0.147813 0.134264 0.142871 0.131997 0.145017 0.136966 0.149474 0.133911 0.148204 0.130462 0.151486 0.147391 0.148745 0.141103 0.166035 0.141591 0.145399 0.134187 0.142406 0.147832 0.145363
0.142711 0.145067 0.14474 0.132549 0.147813 0.134264 0.142871 0.131997 0.145017 0.136966 0.149474 0.133911 0.148204 0.130462 0.151486 0.147391 0.148745 0.141103 0.166035 0.141591 0.145399 0.134187 0.142406 0.147832 0.145363
0.142711 0.145067 0.14474 0.132549 0.147813 0.134264 0.142871 0.131997 0.145017 0.136966 0.149474 0.133911 0.148204 0.130462 0.151486 0.147391 0.148745 0.141103 0.166035 0.141591 0.145399 0.134187 0.142406 0.147832 0.145363
0.142711 0.145067 0.14474 0.132549 0.147813 0.134264 0.142871 0.131997 0.145017 0.136966 0.149474 0.133911 0.148204 0.130462 0.151486 0.147391 0.148745 0.141103 0.166035 0.141591 0.145399 0.134187 0.142406 0.147832 0.145363
0.142711 0.145067 0.14474 0.132549 0.147813 0.134264 0.142871 0.131997 0.145017 0.136966 0.149474 0.133911 0.148204 0.130462 0.151486 0.147391 0.148745 0.141103 0.166035 0.141591 0.145399 0.134187 0.142406 0.147832 0.145363
0.142711 0.145067 0.14474 0.132549 0.147813 0.134264 0.142871 0.131997 0.145017 0.136966 0.149474 0.133911 0.148204 0.130462 0.151486 0.147391 0.148745 0.141103 0.166035 0.141591 0.145399 0.134187 0.142406 0.147832 0.145363
0.142711 0.145067 0.14474 0.132549 0.147813 0.134264 0.142871 0.131997 0.145017 0.136966 0.149474 0.133911 0.148204 0.130462 0.151486 0.147391 0.148745 0.141103 0.166035 0.141591 0.145399 0.134187 0.142406 0.147832 0.145363
0.142711 0.145067 0.14474 0.132549 0.147813 0.134264 0.142871 0.131997 0.145017 0.136966 0.149474 0.133911 0.148204 0.130462 0.151486 0.147391 0.148745 0.141103 0.166035 0.141591 0.145399 0.134187 0.142406 0.147832 0.145363
0.142711 0.145067 0.14474 0.132549 0.147813 0.134264 0.142871 0.131997 0.145017 0.136966 0.149474 0.133911 0.148204 0.130462 0.151486 0.147391 0.148745 0.141103 0.166035 0.141591 0.145399 0.134187 0.142406 0.147832 0.145363
0.142711 0.145067 0.14474 0.132549 0.147813 0.134264 0.142871 0.131997 0.145017 0.136966 0.149474 0.133911 0.148204 0.130462 0.151486 0.147391 0.148745 0.141103 0.166035 0.141591 0.145399 0.134187 0.142406 0.147832 0.145363
0.142711 0.145067 0.14474 0.132549 0.147813 0.134264 0.142871 0.131997 0.145017 0.136966 0.149474 0.133911 0.148204 0.130462 0.151486 0.147391 0.148745 0.141103 0.166035 0.141591 0.145399 0.134187 0.142406 0.147832 0.145363
0.142711 0.145067 0.14474 0.132549 0.147813 0.134264 0.142871 0.131997 0.145017 0.136966 0.149474 0.133911 0.148204 0.130462 0.151486 0.147391 0.148745 0.141103 0.166035 0.141591 0.145399 0.134187 0.142406 0.147832 0.145363
0.142711 0.145067 0.14474 0.132549 0.147813 0.134264 0.142871 0.131997 0.145017 0.136966 0.149474 0.133911 0.148204 0.130462 0.151486 0.147391 0.148745 0.141103 0.166035 0.141591 0.145399 0.134187 0.142406 0.147832 0.145363
0.142711 0.145067 0.14474 0.132549 0.147813 0.134264 0.142871 0.131997 0.145017 0.136966 0.149474 0.133911 0.148204 0.130462 0.151486 0.147391 0.148745 0.141103 0.166035 0.141591 0.145399 0.134187 0.142406 0.147832 0.145363
0.142711 0.145067 0.14474 0.132549 0.147813 0.134264 0.142871 0.131997 0.145017 0.136966 0.149474 0.133911 0.148204 0.130462 0.151486 0.147391 0.148745 0.141103 0.166035 0.141591 0.145399 0.134187 0.142406 0.147832 0.145363
0.142711 0.145067 0.14474 0.132549 0.147813 0.134264 0.142871 0.131997 0.145017 0.136966 0.149474 0.133911 0.148204 0.130462 0.151486 0.147391 0.148745 0.141103 0.166035 0.141591 0.145399 0.134187 0.142406 0.147832 0.145363
0.142711 0.145067 0.14474 0.132549 0.147813 0.134264 0.142871 0.131997 0.145017 0.136966 0.149474 0.133911 0.148204 0.130462 0.151486 0.147391 0.148745 0.141103 0.166035 0.141591 0.145399 0.134187 0.142406 0.147832 0.145363
0.142711 0.145067 0.14474 0.132549 0.147813 0.134264 0.142871 0.131997 0.145017 0.136966 0.149474 0.133911 0.148204 0.130462 0.151486 0.147391 0.148745 0.141103 0.166035 0.141591 0.145399 0.134187 0.142406 0.147832 0.145363
0.142711 0.145067 0.14474 0.132549 0.147813 0.134264 0.142871 0.131997 0.145017 0.136966 0.149474 0.133911 0.148204 0.130462 0.151486 0.147391 0.148745 0.141103 0.166035 0.141591 0.145399 0.134187 0.142406 0.147832 0.145363
0.142711 0.145067 0.14474 0.132549 0.147813 0.134264 0.142871 0.131997 0.145017 0.136966 0.149474 0.133911 0.148204 0.130462 0.151486 0.147391 0.148745 0.141103 0.166035 0.141591 0.145399 0.134187 0.142406 0.147832 0.145363
0.142711 0.145067 0.14474 0.132549 0.147813 0.134264 0.142871 0.131997 0.145017 0.136966 0.149474 0.133911 0.148204 0.130462 0.151486 0.147391 0.148745 0.141103 0.166035 0.141591 0.145399 0.134187 0.142406 0.147832 0.145363
0.142711 0.145067 0.14474 0.132549 0.147813 0.134264 0.142871 0.131997 0.145017 0.136966 0.149474 0.133911 0.148204 0.130462 0.151486 0.147391 0.148745 0.141103 0.166035 0.141591 0.145399 0.134187 0.142406 0.147832 0.145363
0.142711 0.145067 0.14474 0.132549 0.147813 0.134264 0.142871 0.131997 0.145017 0.136966 0.149474 0.133911 0.148204 0.130462 0.151486 0.147391 0.148745 0.141103 0.166035 0.141591 0.145399 0.134187 0.142406 0.147832 0.145363
0.142711 0.145067 0.14474 0.132549 0.147813 0.134264 0.142871 0.131997 0.145017 0.136966 0.149474 0.133911 0.148204 0.130462 0.151486 0.147391 0.148745 0.141103 0.166035 0.141591 0.145399 0.134187 0.142406 0.147832 0.145363
0.142711 0.145067 0.14474 0.132549 0.147813 0.134264 0.142871 0.131997 0.145017 0.136966 0.149474 0.133911 0.148204 0.130462 0.151486 0.147391 0.148745 0.141103 0.166035 0.141591 0.145399 0.134187 0.142406 0.147832 0.145363
0.142711 0.145067 0.14474 0.132549 0.147813 0.134264 0.142871 0.131997 0.145017 0.136966 0.149474 0.133911 0.148204 0.130462 0.151486 0.147391 0.148745 0.141103 0.166035 0.141591 0.145399 0.134187 0.142406 0.147832 0.145363
0.142711 0.145067 0.14474 0.132549 0.147813 0.134264 0.142871 0.131997 0.145017 0.136966 0.149474 0.133911 0.148204 0.130462 0.151486 0.147391 0.148745 0.141103 0.166035 0.141591 0.145399 0.134187 0.142406 0.147832 0.145363
0.142711 0.145067 0.14474 0.132549 0.147813 0.134264 0.142871 0.131997 0.145017 0.136966 0.149474 0.133911 0.148204 0.130462 0.151486 0.147391 0.148745 0.141103 0.166035 0.141591 0.145399 0.134187 0.142406 0.147832 0.145363
0.142711 0.145067 0.14474 0.132549 0.147813 0.134264 0.142871 0.131997 0.145017 0.136966 0.149474 0.133911 0.148204 0.130462 0.151486 0.147391 0.148745 0.141103 0.166035 0.141591 0.145399 0.134187 0.142406 0.147832 0.145363
0.142711 0.145067 0.14474 0.132549 0.147813 0.134264 0.142871 0.131997 0.145017 0.136966 0.149474 0.133911 0.148204 0.130462 0.151486 0.147391 0.148745 0.141103 0.166035 0.141591 0.145399 0.134187 0.142406 0.147832 0.145363
0.142711 0.145067 0.14474 0.132549 0.147813 0.134264 0.142871 0.131997 0.145017 0.136966 0.149474 0.133911 0.148204 0.130462 0.151486 0.147391 0.148745 0.141103 0.166035 0.141591 0.145399 0.134187 0.142406 0.147832 0.145363
0.142711 0.145067 0.14474 0.132549 0.147813 0.134264 0.142871 0.131997 0.145017 0.136966 0.149474 0.133911 0.148204 0.130462 0.151486 0.147391 0.148745 0.141103 0.166035 0.141591 0.145399 0.134187 0.142406 0.147832 0.145363
0.142711 0.145067 0.14474 0.132549 0.147813 0.134264 0.142871 0.131997 0.145017 0.136966 0.149474 0.133911 0.148204 0.130462 0.151486 0.147391 0.148745 0.141103 0.166035 0.141591 0.145399 0.134187 0.142406 0.147832 0.145363
0.142711 0.145067 0.14474 0.132549 0.147813 0.134264 0.142871 0.131997 0.145017 0.136966 0.149474 0.133911 0.148204 0.130462 0.151486 0.147391 0.148745 0.141103 0.166035 0.141591 0.145399 0.134187 0.142406 0.147832 0.145363
0.142711 0.145067 0.14474 0.132549 0.147813 0.134264 0.142871 0.131997 0.145017 0.136966 0.149474 0.133911 0.148204 0.130462 0.151486 0.147391 0.148745 0.141103 0.166035 0.141591 0.145399 0.134187 0.142406 0.147832 0.145363
0.142711 0.145067 0.14474 0.132549 0.147813 0.134264 0.142871 0.131997 0.145017 0.136966 0.149474 0.133911 0.148204 0.130462 0.151486 0.147391 0.148745 0.141103 0.166035 0.141591 0.145399 0.134187 0.142406 0.147832 0.145363
0.142711 0.145067 0.14474 0.132549 0.147813 0.134264 0.142871 0.131997 0.145017 0.136966 0.149474 0.133911 0.148204 0.130462 0.151486 0.147391 0.148745 0.141103 0.166035 0.141591 0.145399 0.134187 0.142406 0.147832 0.145363
0.142711 0.145067 0.14474 0.132549 0.147813 0.134264 0.142871 0.131997 0.145017 0.136966 0.149474 0.133911 0.148204 0.130462 0.151486 0.147391 0.148745 0.141103 0.166035 0.141591 0.145399 0.134187 0.142406 0.147832 0.145363
0.142711 0.145067 0.14474 0.132549 0.147813 0.134264 0.142871 0.131997 0.145017 0.136966 0.149474 0.133911 0.148204 0.130462 0.151486 0.147391 0.148745 0.141103 0.166035 0.141591 0.145399 0.134187 0.142406 0.147832 0.145363
0.142711 0.145067 0.14474 0.132549 0.147813 0.134264 0.142871 0.131997 0.145017 0.136966 0.149474 0.133911 0.148204 0.130462 0.151486 0.147391 0.148745 0.141103 0.166035 0.141591 0.145399 0.134187 0.142406 0.147832 0.145363
0.142711 0.145067 0.14474 0.132549 0.147813 0.134264 0.142871 0.131997 0.145017 0.136966 0.149474 0.133911 0.148204 0.130462 0.151486 0.147391 0.148745 0.141103 0.166035 0.141591 0.145399 0.134187 0.142406 0.147832 0.145363
0.142711 0.145067 0.14474 0.132549 0.147813 0.134264 0.142871 0.131997 0.145017 0.136966 0.149474 0.133911 0.148204 0.130462 0.151486 0.147391 0.148745 0.141103 0.166035 0.141591 0.145399 0.134187 0.142406 0.147832 0.145363
0.142711 0.145067 0.14474 0.132549 0.147813 0.134264 0.142871 0.131997 0.145017 0.136966 0.149474 0.133911 0.148204 0.130462 0.151486 0.147391 0.148745 0.141103 0.166035 0.141591 0.145399 0.134187 0.142406 0.147832 0.145363
0.142711 0.145067 0.14474 0.132549 0.147813 0.134264 0.142871 0.131997 0.145017 0.136966 0.149474 0.133911 0.148204 0.130462 0.151486 0.147391 0.148745 0.141103 0.166035 0.141591 0.145399 0.134187 0.142406 0.147832 0.145363
0.142711 0.145067 0.14474 0.132549 0.147813 0.134264 0.142871 0.131997 0.145017 0.136966 0.149474 0.133911 0.148204 0.130462 0.151486 0.147391 0.148745 0.141103 0.166035 0.141591 0.145399 0.134187 0.142406 0.147832 0.145363
0.142711 0.145067 0.14474 0.132549 0.147813 0.134264 0.142871 0.131997 0.145017 0.136966 0.149474 0.133911 0.148204 0.130462 0.151486 0.147391 0.148745 0.141103 0.166035 0.141591 0.145399 0.134187 0.142406 0.147832 0.145363
0.142711 0.145067 0.14474 0.132549 0.147813 0.134264 0.142871 0.131997 0.145017 0.136966 0.149474 0.133911 0.148204 0.130462 0.151486 0.147391 0.148745 0.141103 0.166035 0.141591 0.145399 0.134187 0.142406 0.147832 0.145363
0.142711 0.145067 0.14474 0.132549 0.147813 0.134264 0.142871 0.131997 0.145017 0.136966 0.149474 0.133911 0.148204 0.130462 0.151486 0.147391 0.148745 0.141103 0.166035 0.141591 0.145399 0.134187 0.142406 0.147832 0.145363
0.142711 0.145067 0.14474 0.132549 0.147813 0.134264 0.142871 0.131997 0.145017 0.136966 0.149474 0.133911 0.148204 0.130462 0.151486 0.147391 0.148745 0.141103 0.166035 0.141591 0.145399 0.134187 0.142406 0.147832 0.145363
0.142711 0.145067 0.14474 0.132549 0.147813 0.134264 0.142871 0.131997 0.145017 0.136966 0.149474 0.133911 0.148204 0.130462 0.151486 0.147391 0.148745 0.141103 0.166035 0.141591 0.145399 0.134187 0.142406 0.147832 0.145363
0.142711 0.145067 0.14474 0.132549 0.147813 0.134264 0.142871 0.131997 0.145017 0.136966 0.149474 0.133911 0.148204 0.130462 0.151486 0.147391 0.148745 0.141103 0.166035 0.141591 0.145399 0.134187 0.142406 0.147832 0.145363
0.142711 0.145067 0.14474 0.132549 0.147813 0.134264 0.142871 0.131997 0.145017 0.136966 0.149474 0.133911 0.148204 0.130462 0.151486 0.147391 0.148745 0.141103 0.166035 0.141591 0.145399 0.134187 0.142406 0.147832 0.145363
0.142711 0.145067 0.14474 0.132549 0.147813 0.134264 0.142871 0.131997 0.145017 0.136966 0.149474 0.133911 0.148204 0.130462 0.151486 0.147391 0.148745 0.141103 0.166035 0.141591 0.145399 0.134187 0.142406 0.147832 0.145363
0.142711 0.145067 0.14474 0.132549 0.147813 0.134264 0.142871 0.131997 0.145017 0.136966 0.149474 0.133911 0.148204 0.130462 0.151486 0.147391 0.148745 0.141103 0.166035 0.141591 0.145399 0.134187 0.142406 0.147832 0.145363
0.142711 0.145067 0.14474 0.132549 0.147813 0.134264 0.142871 0.131997 0.145017 0.136966 0.149474 0.133911 0.148204 0.130462 0.151486 0.147391 0.148745 0.141103 0.166035 0.141591 0.145399 0.134187 0.142406 0.147832 0.145363
0.142711 0.145067 0.14474 0.132549 0.147813 0.134264 0.142871 0.131997 0.145017 0.136966 0.149474 0.133911 0.148204 0.130462 0.151486 0.147391 0.148745 0.141103 0.166035 0.141591 0.145399 0.134187 0.142406 0.147832 0.145363
0.142711 0.145067 0.14474 0.132549 0.147813 0.134264 0.142871 0.131997 0.145017 0.136966 0.149474 0.133911 0.148204 0.130462 0.151486 0.147391 0.148745 0.141103 0.166035 0.141591 0.145399 0.134187 0.142406 0.147832 0.145363
0.142711 0.145067 0.14474 0.132549 0.147813 0.134264 0.142871 0.131997 0.145017 0.136966 0.149474 0.133911 0.148204 0.130462 0.151486 0.147391 0.148745 0.141103 0.166035 0.141591 0.145399 0.134187 0.142406 0.147832 0.145363
0.142711 0.145067 0.14474 0.132549 0.147813 0.134264 0.142871 0.131997 0.145017 0.136966 0.149474 0.133911 0.148204 0.130462 0.151486 0.147391 0.148745 0.141103 0.166035 0.141591 0.145399 0.134187 0.142406 0.147832 0.145363
0.142711 0.145067 0.14474 0.132549 0.147813 0.134264 0.142871 0.131997 0.145017 0.136966 0.149474 0.133911 0.148204 0.130462 0.151486 0.147391 0.148745 0.141103 0.166035 0.141591 0.145399 0.134187 0.142406 0.147832 0.145363
0.142711 0.145067 0.14474 0.132549 0.147813 0.134264 0.142871 0.131997 0.145017 0.136966 0.149474 0.133911 0.148204 0.130462 0.151486 0.147391 0.148745 0.141103 0.166035 0.141591 0.145399 0.134187 0.142406 0.147832 0.145363
0.142711 0.145067 0.14474 0.132549 0.147813 0.134264 0.142871 0.131997 0.145017 0.136966 0.149474 0.133911 0.148204 0.130462 0.151486 0.147391 0.148745 0.141103 0.166035 0.141591 0.145399 0.134187 0.142406 0.147832 0.145363
0.142711 0.145067 0.14474 0.132549 0.147813 0.134264 0.142871 0.131997 0.145017 0.136966 0.149474 0.133911 0.148204 0.130462 0.151486 0.147391 0.148745 0.141103 0.166035 0.141591 0.145399 0.134187 0.142406 0.147832 0.145363
0.142711 0.145067 0.14474 0.132549 0.147813 0.134264 0.142871 0.131997 0.145017 0.136966 0.149474 0.133911 0.148204 0.130462 0.151486 0.147391 0.148745 0.141103 0.166035 0.141591 0.145399 0.134187 0.142406 0.147832 0.145363
0.142711 0.145067 0.14474 0.132549 0.147813 0.134264 0.142871 0.131997 0.145017 0.136966 0.149474 0.133911 0.148204 0.130462 0.151486 0.147391 0.148745 0.141103 0.166035 0.141591 0.145399 0.134187 0.142406 0.147832 0.145363
0.142711 0.145067 0.14474 0.132549 0.147813 0.134264 0.142871 0.131997 0.145017 0.136966 0.149474 0.133911 0.148204 0.130462 0.151486 0.147391 0.148745 0.141103 0.166035 0.141591 0.145399 0.134187 0.142406 0.147832 0.145363
0.142711 0.145067 0.14474 0.132549 0.147813 0.134264 0.142871 0.131997 0.145017 0.136966 0.149474 0.133911 0.148204 0.130462 0.151486 0.147391 0.148745 0.141103 0.166035 0.141591 0.145399 0.134187 0.142406 0.147832 0.145363
0.142711 0.145067 0.14474 0.132549 0.147813 0.134264 0.142871 0.131997 0.145017 0.136966 0.149474 0.133911 0.148204 0.130462 0.151486 0.147391 0.148745 0.141103 0.166035 0.141591 0.145399 0.134187 0.142406 0.147832 0.145363
0.142711 0.145067 0.14474 0.132549 0.147813 0.134264 0.142871 0.131997 0.145017 0.136966 0.149474 0.133911 0.148204 0.130462 0.151486 0.147391 0.148745 0.141103 0.166035 0.141591 0.145399 0.134187 0.142406 0.147832 0.145363
0.142711 0.145067 0.14474 0.132549 0.147813 0.134264 0.142871 0.131997 0.145017 0.136966 0.149474 0.133911 0.148204 0.130462 0.151486 0.147391 0.148745 0.141103 0.166035 0.141591 0.145399 0.134187 0.142406 0.147832 0.145363
0.142711 0.145067 0.14474 0.132549 0.147813 0.134264 0.142871 0.131997 0.145017 0.136966 0.149474 0.133911 0.148204 0.130462 0.151486 0.147391 0.148745 0.141103 0.166035 0.141591 0.145399 0.134187 0.142406 0.147832 0.145363
0.142711 0.145067 0.14474 0.132549 0.147813 0.134264 0.142871 0.131997 0.145017 0.136966 0.149474 0.133911 0.148204 0.130462 0.151486 0.147391 0.148745 0.141103 0.166035 0.141591 0.145399 0.134187 0.142406 0.147832 0.145363
0.142711 0.145067 0.14474 0.132549 0.147813 0.134264 0.142871 0.131997 0.145017 0.136966 0.149474 0.133911 0.148204 0.130462 0.151486 0.147391 0.148745 0.141103 0.166035 0.141591 0.145399 0.134187 0.142406 0.147832 0.145363
0.142711 0.145067 0.14474 0.132549 0.147813 0.134264 0.142871 0.131997 0.145017 0.136966 0.149474 0.133911 0.148204 0.130462 0.151486 0.147391 0.148745 0.141103 0.166035 0.141591 0.145399 0.134187 0.142406 0.147832 0.145363
0.142711 0.145067 0.14474 0.132549 0.147813 0.134264 0.142871 0.131997 0.145017 0.136966 0.149474 0.133911 0.148204 0.130462 0.151486 0.147391 0.148745 0.141103 0.166035 0.141591 0.145399 0.134187 0.142406 0.147832 0.145363
0.142711 0.145067 0.14474 0.132549 0.147813 0.134264 0.142871 0.131997 0.145017 0.136966 0.149474 0.133911 0.148204 0.130462 0.151486 0.147391 0.148745 0.141103 0.166035 0.141591 0.145399 0.134187 0.142406 0.147832 0.145363
0.142711 0.145067 0.14474 0.132549 0.147813 0.134264 0.142871 0.131997 0.145017 0.136966 0.149474 0.133911 0.148204 0.130462 0.151486 0.147391 0.148745 0.141103 0.166035 0.141591 0.145399 0.134187 0.142406 0.147832 0.145363
0.142711 0.145067 0.14474 0.132549 0.147813 0.134264 0.142871 0.131997 0.145017 0.136966 0.149474 0.133911 0.148204 0.130462 0.151486 0.147391 0.148745 0.141103 0.166035 0.141591 0.145399 0.134187 0.142406 0.147832 0.145363
0.142711 0.145067 0.14474 0.132549 0.147813 0.134264 0.142871 0.131997 0.145017 0.136966 0.149474 0.133911 0.148204 0.130462 0.151486 0.147391 0.148745 0.141103 0.166035 0.141591 0.145399 0.134187 0.142406 0.147832 0.145363
0.142711 0.145067 0.14474 0.132549 0.147813 0.134264 0.142871 0.131997 0.145017 0.136966 0.149474 0.133911 0.148204 0.130462 0.151486 0.147391 0.148745 0.141103 0.166035 0.141591 0.145399 0.134187 0.142406 0.147832 0.145363
0.142711 0.145067 0.14474 0.132549 0.147813 0.134264 0.142871 0.131997 0.145017 0.136966 0.149474 0.133911 0.148204 0.130462 0.151486 0.147391 0.148745 0.141103 0.166035 0.141591 0.145399 0.134187 0.142406 0.147832 0.145363
